,chrom,enh_start,enh_end,prom_start,prom_end,enh_name,prom_name,bin1_start,bin1_end,bin2_start,bin2_end,modle_count,valid_count
0,chr5,82144,82490,91870,92218,EH38E3621056,EH38E3621065,82000,83000,91000,92000,38,-1
1,chr5,399822,400172,91870,92218,EH38E3621396,EH38E3621065,399000,400000,91000,92000,2,-1
2,chr5,415460,415809,91870,92218,EH38E3621416,EH38E3621065,415000,416000,91000,92000,2,-1
3,chr5,672775,673118,91870,92218,EH38E3621768,EH38E3621065,672000,673000,91000,92000,1,-1
4,chr5,1514388,1514711,91870,92218,EH38E3622813,EH38E3621065,1514000,1515000,92000,93000,1,-1
5,chr5,1514766,1515114,91870,92218,EH38E3622814,EH38E3621065,1514000,1515000,92000,93000,1,-1
6,chr5,1502065,1502403,217892,218050,EH38E2352903,EH38E3621204,1502000,1503000,217000,218000,1,-1
7,chr5,1511714,1512032,217892,218050,EH38E3622805,EH38E3621204,1511000,1512000,217000,218000,2,-1
8,chr5,1514766,1515114,217892,218050,EH38E3622814,EH38E3621204,1515000,1516000,217000,218000,1,-1
9,chr5,1515382,1515706,217892,218050,EH38E2352932,EH38E3621204,1515000,1516000,217000,218000,1,-1
10,chr5,1516174,1516524,217892,218050,EH38E3622816,EH38E3621204,1516000,1517000,217000,218000,1,-1
11,chr5,1524167,1524343,217892,218050,EH38E3622834,EH38E3621204,1524000,1525000,217000,218000,1,-1
12,chr5,1800988,1801160,217892,218050,EH38E3623104,EH38E3621204,1800000,1801000,217000,218000,1,-1
13,chr5,82144,82490,217892,218050,EH38E3621056,EH38E3621204,82000,83000,218000,219000,4,-1
14,chr5,399822,400172,217892,218050,EH38E3621396,EH38E3621204,399000,400000,218000,219000,1,-1
15,chr5,415460,415809,217892,218050,EH38E3621416,EH38E3621204,415000,416000,218000,219000,3,-1
16,chr5,891198,891515,217892,218050,EH38E3621961,EH38E3621204,891000,892000,218000,219000,1,-1
17,chr5,1316138,1316310,217892,218050,EH38E3622554,EH38E3621204,1316000,1317000,218000,219000,1,-1
18,chr5,1316343,1316692,217892,218050,EH38E3622555,EH38E3621204,1316000,1317000,218000,219000,1,-1
19,chr5,3100647,3100862,217892,218050,EH38E3623638,EH38E3621204,3100000,3101000,218000,219000,1,-1
20,chr5,3100897,3101124,217892,218050,EH38E3623639,EH38E3621204,3100000,3101000,218000,219000,1,-1
21,chr5,82144,82490,218070,218419,EH38E3621056,EH38E3621205,82000,83000,218000,219000,4,-1
22,chr5,399822,400172,218070,218419,EH38E3621396,EH38E3621205,399000,400000,218000,219000,1,-1
23,chr5,415460,415809,218070,218419,EH38E3621416,EH38E3621205,415000,416000,218000,219000,3,-1
24,chr5,891198,891515,218070,218419,EH38E3621961,EH38E3621205,891000,892000,218000,219000,1,-1
25,chr5,1316138,1316310,218070,218419,EH38E3622554,EH38E3621205,1316000,1317000,218000,219000,1,-1
26,chr5,1316343,1316692,218070,218419,EH38E3622555,EH38E3621205,1316000,1317000,218000,219000,1,-1
27,chr5,1514766,1515114,218070,218419,EH38E3622814,EH38E3621205,1515000,1516000,218000,219000,1,-1
28,chr5,1515382,1515706,218070,218419,EH38E2352932,EH38E3621205,1515000,1516000,218000,219000,1,-1
29,chr5,3100647,3100862,218070,218419,EH38E3623638,EH38E3621205,3100000,3101000,218000,219000,1,-1
30,chr5,3100897,3101124,218070,218419,EH38E3623639,EH38E3621205,3100000,3101000,218000,219000,1,-1
31,chr5,82144,82490,271346,271696,EH38E3621056,EH38E3621238,82000,83000,271000,272000,1,-1
32,chr5,399822,400172,271346,271696,EH38E3621396,EH38E3621238,399000,400000,271000,272000,4,-1
33,chr5,415460,415809,271346,271696,EH38E3621416,EH38E3621238,415000,416000,271000,272000,10,-1
34,chr5,672775,673118,271346,271696,EH38E3621768,EH38E3621238,673000,674000,271000,272000,1,-1
35,chr5,82144,82490,472666,472825,EH38E3621056,EH38E3621505,82000,83000,472000,473000,2,-1
36,chr5,399822,400172,472666,472825,EH38E3621396,EH38E3621505,399000,400000,472000,473000,7,-1
37,chr5,415460,415809,472666,472825,EH38E3621416,EH38E3621505,415000,416000,472000,473000,16,-1
38,chr5,672775,673118,472666,472825,EH38E3621768,EH38E3621505,672000,673000,472000,473000,6,-1
39,chr5,1107192,1107449,472666,472825,EH38E3622270,EH38E3621505,1107000,1108000,472000,473000,1,-1
40,chr5,1502065,1502403,472666,472825,EH38E2352903,EH38E3621505,1502000,1503000,472000,473000,1,-1
41,chr5,1516174,1516524,472666,472825,EH38E3622816,EH38E3621505,1516000,1517000,472000,473000,1,-1
42,chr5,1524167,1524343,472666,472825,EH38E3622834,EH38E3621505,1524000,1525000,472000,473000,2,-1
43,chr5,1800988,1801160,472666,472825,EH38E3623104,EH38E3621505,1801000,1802000,472000,473000,1,-1
44,chr5,1801619,1801780,472666,472825,EH38E3623106,EH38E3621505,1801000,1802000,472000,473000,1,-1
45,chr5,1801975,1802146,472666,472825,EH38E3623107,EH38E3621505,1801000,1802000,472000,473000,1,-1
46,chr5,82144,82490,472994,473343,EH38E3621056,EH38E3621506,82000,83000,472000,473000,2,-1
47,chr5,399822,400172,472994,473343,EH38E3621396,EH38E3621506,399000,400000,472000,473000,7,-1
48,chr5,415460,415809,472994,473343,EH38E3621416,EH38E3621506,415000,416000,472000,473000,16,-1
49,chr5,672775,673118,472994,473343,EH38E3621768,EH38E3621506,672000,673000,472000,473000,6,-1
50,chr5,1107192,1107449,472994,473343,EH38E3622270,EH38E3621506,1107000,1108000,472000,473000,1,-1
51,chr5,1502065,1502403,472994,473343,EH38E2352903,EH38E3621506,1502000,1503000,472000,473000,1,-1
52,chr5,1516174,1516524,472994,473343,EH38E3622816,EH38E3621506,1516000,1517000,472000,473000,1,-1
53,chr5,1524167,1524343,472994,473343,EH38E3622834,EH38E3621506,1524000,1525000,472000,473000,2,-1
54,chr5,1800988,1801160,472994,473343,EH38E3623104,EH38E3621506,1801000,1802000,472000,473000,1,-1
55,chr5,1801619,1801780,472994,473343,EH38E3623106,EH38E3621506,1801000,1802000,472000,473000,1,-1
56,chr5,1801975,1802146,472994,473343,EH38E3623107,EH38E3621506,1801000,1802000,472000,473000,1,-1
57,chr5,1511714,1512032,472994,473343,EH38E3622805,EH38E3621506,1512000,1513000,473000,474000,1,-1
58,chr5,1514766,1515114,472994,473343,EH38E3622814,EH38E3621506,1515000,1516000,473000,474000,1,-1
59,chr5,1515382,1515706,472994,473343,EH38E2352932,EH38E3621506,1515000,1516000,473000,474000,1,-1
60,chr5,399822,400172,612168,612495,EH38E3621396,EH38E3621672,399000,400000,612000,613000,4,-1
61,chr5,415460,415809,612168,612495,EH38E3621416,EH38E3621672,415000,416000,612000,613000,4,-1
62,chr5,672775,673118,612168,612495,EH38E3621768,EH38E3621672,672000,673000,612000,613000,2,-1
63,chr5,891198,891515,612168,612495,EH38E3621961,EH38E3621672,891000,892000,612000,613000,2,-1
64,chr5,912614,912943,612168,612495,EH38E2352374,EH38E3621672,912000,913000,612000,613000,1,-1
65,chr5,1511714,1512032,612168,612495,EH38E3622805,EH38E3621672,1511000,1512000,612000,613000,1,-1
66,chr5,399822,400172,693322,693588,EH38E3621396,EH38E3621806,399000,400000,693000,694000,1,-1
67,chr5,415460,415809,693322,693588,EH38E3621416,EH38E3621806,415000,416000,693000,694000,1,-1
68,chr5,672775,673118,693322,693588,EH38E3621768,EH38E3621806,672000,673000,693000,694000,3,-1
69,chr5,912614,912943,693322,693588,EH38E2352374,EH38E3621806,912000,913000,693000,694000,1,-1
70,chr5,399822,400172,784638,784984,EH38E3621396,EH38E3621877,399000,400000,784000,785000,2,-1
71,chr5,415460,415809,784638,784984,EH38E3621416,EH38E3621877,415000,416000,784000,785000,4,-1
72,chr5,672775,673118,784638,784984,EH38E3621768,EH38E3621877,672000,673000,784000,785000,13,-1
73,chr5,891198,891515,784638,784984,EH38E3621961,EH38E3621877,891000,892000,784000,785000,4,-1
74,chr5,1316138,1316310,784638,784984,EH38E3622554,EH38E3621877,1316000,1317000,784000,785000,1,-1
75,chr5,1316343,1316692,784638,784984,EH38E3622555,EH38E3621877,1316000,1317000,784000,785000,1,-1
76,chr5,1502065,1502403,784638,784984,EH38E2352903,EH38E3621877,1502000,1503000,784000,785000,2,-1
77,chr5,1511714,1512032,784638,784984,EH38E3622805,EH38E3621877,1512000,1513000,784000,785000,1,-1
78,chr5,1516174,1516524,784638,784984,EH38E3622816,EH38E3621877,1516000,1517000,784000,785000,2,-1
79,chr5,3100647,3100862,784638,784984,EH38E3623638,EH38E3621877,3100000,3101000,784000,785000,1,-1
80,chr5,3100897,3101124,784638,784984,EH38E3623639,EH38E3621877,3100000,3101000,784000,785000,1,-1
81,chr5,399822,400172,892499,892678,EH38E3621396,EH38E3621965,400000,401000,892000,893000,1,-1
82,chr5,415460,415809,892499,892678,EH38E3621416,EH38E3621965,415000,416000,892000,893000,1,-1
83,chr5,672775,673118,892499,892678,EH38E3621768,EH38E3621965,672000,673000,892000,893000,6,-1
84,chr5,891198,891515,892499,892678,EH38E3621961,EH38E3621965,891000,892000,892000,893000,695,-1
85,chr5,912614,912943,892499,892678,EH38E2352374,EH38E3621965,912000,913000,892000,893000,8,-1
86,chr5,1107192,1107449,892499,892678,EH38E3622270,EH38E3621965,1107000,1108000,892000,893000,2,-1
87,chr5,1316138,1316310,892499,892678,EH38E3622554,EH38E3621965,1316000,1317000,892000,893000,1,-1
88,chr5,1316343,1316692,892499,892678,EH38E3622555,EH38E3621965,1316000,1317000,892000,893000,1,-1
89,chr5,1511714,1512032,892499,892678,EH38E3622805,EH38E3621965,1511000,1512000,892000,893000,1,-1
90,chr5,1514388,1514711,892499,892678,EH38E3622813,EH38E3621965,1514000,1515000,892000,893000,1,-1
91,chr5,1514766,1515114,892499,892678,EH38E3622814,EH38E3621965,1514000,1515000,892000,893000,1,-1
92,chr5,1515382,1515706,892499,892678,EH38E2352932,EH38E3621965,1515000,1516000,892000,893000,1,-1
93,chr5,1516174,1516524,892499,892678,EH38E3622816,EH38E3621965,1516000,1517000,892000,893000,1,-1
94,chr5,1524167,1524343,892499,892678,EH38E3622834,EH38E3621965,1524000,1525000,892000,893000,1,-1
95,chr5,1800988,1801160,892499,892678,EH38E3623104,EH38E3621965,1801000,1802000,892000,893000,1,-1
96,chr5,1801619,1801780,892499,892678,EH38E3623106,EH38E3621965,1801000,1802000,892000,893000,1,-1
97,chr5,1801975,1802146,892499,892678,EH38E3623107,EH38E3621965,1801000,1802000,892000,893000,1,-1
98,chr5,1952489,1952815,892499,892678,EH38E2353255,EH38E3621965,1952000,1953000,892000,893000,1,-1
99,chr5,1952827,1952979,892499,892678,EH38E3623250,EH38E3621965,1952000,1953000,892000,893000,1,-1
100,chr5,399822,400172,892681,892965,EH38E3621396,EH38E3621966,400000,401000,892000,893000,1,-1
101,chr5,415460,415809,892681,892965,EH38E3621416,EH38E3621966,415000,416000,892000,893000,1,-1
102,chr5,672775,673118,892681,892965,EH38E3621768,EH38E3621966,672000,673000,892000,893000,6,-1
103,chr5,891198,891515,892681,892965,EH38E3621961,EH38E3621966,891000,892000,892000,893000,695,-1
104,chr5,912614,912943,892681,892965,EH38E2352374,EH38E3621966,912000,913000,892000,893000,8,-1
105,chr5,1107192,1107449,892681,892965,EH38E3622270,EH38E3621966,1107000,1108000,892000,893000,2,-1
106,chr5,1316138,1316310,892681,892965,EH38E3622554,EH38E3621966,1316000,1317000,892000,893000,1,-1
107,chr5,1316343,1316692,892681,892965,EH38E3622555,EH38E3621966,1316000,1317000,892000,893000,1,-1
108,chr5,1511714,1512032,892681,892965,EH38E3622805,EH38E3621966,1511000,1512000,892000,893000,1,-1
109,chr5,1514388,1514711,892681,892965,EH38E3622813,EH38E3621966,1514000,1515000,892000,893000,1,-1
110,chr5,1514766,1515114,892681,892965,EH38E3622814,EH38E3621966,1514000,1515000,892000,893000,1,-1
111,chr5,1515382,1515706,892681,892965,EH38E2352932,EH38E3621966,1515000,1516000,892000,893000,1,-1
112,chr5,1516174,1516524,892681,892965,EH38E3622816,EH38E3621966,1516000,1517000,892000,893000,1,-1
113,chr5,1524167,1524343,892681,892965,EH38E3622834,EH38E3621966,1524000,1525000,892000,893000,1,-1
114,chr5,1800988,1801160,892681,892965,EH38E3623104,EH38E3621966,1801000,1802000,892000,893000,1,-1
115,chr5,1801619,1801780,892681,892965,EH38E3623106,EH38E3621966,1801000,1802000,892000,893000,1,-1
116,chr5,1801975,1802146,892681,892965,EH38E3623107,EH38E3621966,1801000,1802000,892000,893000,1,-1
117,chr5,1952489,1952815,892681,892965,EH38E2353255,EH38E3621966,1952000,1953000,892000,893000,1,-1
118,chr5,1952827,1952979,892681,892965,EH38E3623250,EH38E3621966,1952000,1953000,892000,893000,1,-1
119,chr5,82144,82490,1005016,1005201,EH38E3621056,EH38E3622090,82000,83000,1005000,1006000,1,-1
120,chr5,399822,400172,1005016,1005201,EH38E3621396,EH38E3622090,400000,401000,1005000,1006000,2,-1
121,chr5,415460,415809,1005016,1005201,EH38E3621416,EH38E3622090,415000,416000,1005000,1006000,2,-1
122,chr5,672775,673118,1005016,1005201,EH38E3621768,EH38E3622090,672000,673000,1005000,1006000,1,-1
123,chr5,891198,891515,1005016,1005201,EH38E3621961,EH38E3622090,891000,892000,1005000,1006000,1,-1
124,chr5,912614,912943,1005016,1005201,EH38E2352374,EH38E3622090,912000,913000,1005000,1006000,6,-1
125,chr5,1107192,1107449,1005016,1005201,EH38E3622270,EH38E3622090,1107000,1108000,1005000,1006000,5,-1
126,chr5,1316138,1316310,1005016,1005201,EH38E3622554,EH38E3622090,1316000,1317000,1005000,1006000,1,-1
127,chr5,1316343,1316692,1005016,1005201,EH38E3622555,EH38E3622090,1316000,1317000,1005000,1006000,1,-1
128,chr5,1502065,1502403,1005016,1005201,EH38E2352903,EH38E3622090,1502000,1503000,1005000,1006000,1,-1
129,chr5,1514766,1515114,1005016,1005201,EH38E3622814,EH38E3622090,1515000,1516000,1005000,1006000,2,-1
130,chr5,1515382,1515706,1005016,1005201,EH38E2352932,EH38E3622090,1515000,1516000,1005000,1006000,2,-1
131,chr5,1524167,1524343,1005016,1005201,EH38E3622834,EH38E3622090,1524000,1525000,1005000,1006000,1,-1
132,chr5,1800988,1801160,1005016,1005201,EH38E3623104,EH38E3622090,1800000,1801000,1005000,1006000,1,-1
133,chr5,3100647,3100862,1005016,1005201,EH38E3623638,EH38E3622090,3100000,3101000,1005000,1006000,1,-1
134,chr5,3100897,3101124,1005016,1005201,EH38E3623639,EH38E3622090,3100000,3101000,1005000,1006000,1,-1
135,chr5,82144,82490,1111921,1112225,EH38E3621056,EH38E3622281,82000,83000,1111000,1112000,1,-1
136,chr5,415460,415809,1111921,1112225,EH38E3621416,EH38E3622281,415000,416000,1111000,1112000,3,-1
137,chr5,891198,891515,1111921,1112225,EH38E3621961,EH38E3622281,891000,892000,1111000,1112000,4,-1
138,chr5,912614,912943,1111921,1112225,EH38E2352374,EH38E3622281,912000,913000,1111000,1112000,2,-1
139,chr5,1107192,1107449,1111921,1112225,EH38E3622270,EH38E3622281,1107000,1108000,1111000,1112000,116,-1
140,chr5,1502065,1502403,1111921,1112225,EH38E2352903,EH38E3622281,1502000,1503000,1111000,1112000,1,-1
141,chr5,1511714,1512032,1111921,1112225,EH38E3622805,EH38E3622281,1512000,1513000,1111000,1112000,1,-1
142,chr5,1514766,1515114,1111921,1112225,EH38E3622814,EH38E3622281,1515000,1516000,1111000,1112000,1,-1
143,chr5,1515382,1515706,1111921,1112225,EH38E2352932,EH38E3622281,1515000,1516000,1111000,1112000,1,-1
144,chr5,1516174,1516524,1111921,1112225,EH38E3622816,EH38E3622281,1516000,1517000,1111000,1112000,4,-1
145,chr5,1524167,1524343,1111921,1112225,EH38E3622834,EH38E3622281,1524000,1525000,1111000,1112000,4,-1
146,chr5,1800988,1801160,1111921,1112225,EH38E3623104,EH38E3622281,1801000,1802000,1111000,1112000,1,-1
147,chr5,1801619,1801780,1111921,1112225,EH38E3623106,EH38E3622281,1801000,1802000,1111000,1112000,1,-1
148,chr5,1801975,1802146,1111921,1112225,EH38E3623107,EH38E3622281,1801000,1802000,1111000,1112000,1,-1
149,chr5,3100897,3101124,1111921,1112225,EH38E3623639,EH38E3622281,3101000,3102000,1111000,1112000,1,-1
150,chr5,3101263,3101530,1111921,1112225,EH38E3623640,EH38E3622281,3101000,3102000,1111000,1112000,1,-1
151,chr5,3101531,3101879,1111921,1112225,EH38E3623641,EH38E3622281,3101000,3102000,1111000,1112000,1,-1
152,chr5,399822,400172,1111921,1112225,EH38E3621396,EH38E3622281,399000,400000,1112000,1113000,1,-1
153,chr5,672775,673118,1111921,1112225,EH38E3621768,EH38E3622281,672000,673000,1112000,1113000,1,-1
154,chr5,1316138,1316310,1111921,1112225,EH38E3622554,EH38E3622281,1316000,1317000,1112000,1113000,2,-1
155,chr5,1316343,1316692,1111921,1112225,EH38E3622555,EH38E3622281,1316000,1317000,1112000,1113000,2,-1
156,chr5,891198,891515,1294944,1295294,EH38E3621961,EH38E3622530,891000,892000,1294000,1295000,3,-1
157,chr5,912614,912943,1294944,1295294,EH38E2352374,EH38E3622530,912000,913000,1294000,1295000,2,-1
158,chr5,1107192,1107449,1294944,1295294,EH38E3622270,EH38E3622530,1107000,1108000,1294000,1295000,2,-1
159,chr5,1511714,1512032,1294944,1295294,EH38E3622805,EH38E3622530,1511000,1512000,1294000,1295000,2,-1
160,chr5,1514388,1514711,1294944,1295294,EH38E3622813,EH38E3622530,1514000,1515000,1294000,1295000,4,-1
161,chr5,1514766,1515114,1294944,1295294,EH38E3622814,EH38E3622530,1514000,1515000,1294000,1295000,4,-1
162,chr5,1515382,1515706,1294944,1295294,EH38E2352932,EH38E3622530,1515000,1516000,1294000,1295000,3,-1
163,chr5,1516174,1516524,1294944,1295294,EH38E3622816,EH38E3622530,1516000,1517000,1294000,1295000,4,-1
164,chr5,1524167,1524343,1294944,1295294,EH38E3622834,EH38E3622530,1524000,1525000,1294000,1295000,3,-1
165,chr5,399822,400172,1294944,1295294,EH38E3621396,EH38E3622530,399000,400000,1295000,1296000,1,-1
166,chr5,415460,415809,1294944,1295294,EH38E3621416,EH38E3622530,415000,416000,1295000,1296000,1,-1
167,chr5,1316138,1316310,1294944,1295294,EH38E3622554,EH38E3622530,1316000,1317000,1295000,1296000,22,-1
168,chr5,1316343,1316692,1294944,1295294,EH38E3622555,EH38E3622530,1316000,1317000,1295000,1296000,22,-1
169,chr5,1502065,1502403,1294944,1295294,EH38E2352903,EH38E3622530,1502000,1503000,1295000,1296000,3,-1
170,chr5,1800988,1801160,1294944,1295294,EH38E3623104,EH38E3622530,1800000,1801000,1295000,1296000,2,-1
171,chr5,1801619,1801780,1294944,1295294,EH38E3623106,EH38E3622530,1801000,1802000,1295000,1296000,1,-1
172,chr5,1801975,1802146,1294944,1295294,EH38E3623107,EH38E3622530,1801000,1802000,1295000,1296000,1,-1
173,chr5,912614,912943,1344938,1345288,EH38E2352374,EH38E3622606,912000,913000,1344000,1345000,1,-1
174,chr5,1511714,1512032,1344938,1345288,EH38E3622805,EH38E3622606,1511000,1512000,1344000,1345000,3,-1
175,chr5,1514388,1514711,1344938,1345288,EH38E3622813,EH38E3622606,1514000,1515000,1344000,1345000,2,-1
176,chr5,1514766,1515114,1344938,1345288,EH38E3622814,EH38E3622606,1514000,1515000,1344000,1345000,2,-1
177,chr5,1515382,1515706,1344938,1345288,EH38E2352932,EH38E3622606,1515000,1516000,1344000,1345000,1,-1
178,chr5,1524167,1524343,1344938,1345288,EH38E3622834,EH38E3622606,1524000,1525000,1344000,1345000,3,-1
179,chr5,1800988,1801160,1344938,1345288,EH38E3623104,EH38E3622606,1800000,1801000,1344000,1345000,1,-1
180,chr5,1952489,1952815,1344938,1345288,EH38E2353255,EH38E3622606,1952000,1953000,1344000,1345000,1,-1
181,chr5,1952827,1952979,1344938,1345288,EH38E3623250,EH38E3622606,1952000,1953000,1344000,1345000,1,-1
182,chr5,415460,415809,1344938,1345288,EH38E3621416,EH38E3622606,415000,416000,1345000,1346000,1,-1
183,chr5,672775,673118,1344938,1345288,EH38E3621768,EH38E3622606,672000,673000,1345000,1346000,1,-1
184,chr5,1107192,1107449,1344938,1345288,EH38E3622270,EH38E3622606,1107000,1108000,1345000,1346000,4,-1
185,chr5,1316138,1316310,1344938,1345288,EH38E3622554,EH38E3622606,1316000,1317000,1345000,1346000,8,-1
186,chr5,1316343,1316692,1344938,1345288,EH38E3622555,EH38E3622606,1316000,1317000,1345000,1346000,8,-1
187,chr5,1502065,1502403,1344938,1345288,EH38E2352903,EH38E3622606,1502000,1503000,1345000,1346000,3,-1
188,chr5,1516174,1516524,1344938,1345288,EH38E3622816,EH38E3622606,1516000,1517000,1345000,1346000,3,-1
189,chr5,1801619,1801780,1344938,1345288,EH38E3623106,EH38E3622606,1801000,1802000,1345000,1346000,1,-1
190,chr5,1801975,1802146,1344938,1345288,EH38E3623107,EH38E3622606,1801000,1802000,1345000,1346000,1,-1
191,chr5,2750003,2750157,1344938,1345288,EH38E2353521,EH38E3622606,2750000,2751000,1345000,1346000,1,-1
192,chr5,2750190,2750415,1344938,1345288,EH38E2353522,EH38E3622606,2750000,2751000,1345000,1346000,1,-1
193,chr5,2750427,2750628,1344938,1345288,EH38E3623546,EH38E3622606,2750000,2751000,1345000,1346000,1,-1
194,chr5,415460,415809,1386213,1386559,EH38E3621416,EH38E3622651,415000,416000,1386000,1387000,1,-1
195,chr5,672775,673118,1386213,1386559,EH38E3621768,EH38E3622651,672000,673000,1386000,1387000,1,-1
196,chr5,891198,891515,1386213,1386559,EH38E3621961,EH38E3622651,891000,892000,1386000,1387000,1,-1
197,chr5,1107192,1107449,1386213,1386559,EH38E3622270,EH38E3622651,1107000,1108000,1386000,1387000,1,-1
198,chr5,1316138,1316310,1386213,1386559,EH38E3622554,EH38E3622651,1316000,1317000,1386000,1387000,10,-1
199,chr5,1316343,1316692,1386213,1386559,EH38E3622555,EH38E3622651,1316000,1317000,1386000,1387000,10,-1
200,chr5,1502065,1502403,1386213,1386559,EH38E2352903,EH38E3622651,1502000,1503000,1386000,1387000,4,-1
201,chr5,1511714,1512032,1386213,1386559,EH38E3622805,EH38E3622651,1511000,1512000,1386000,1387000,2,-1
202,chr5,1514388,1514711,1386213,1386559,EH38E3622813,EH38E3622651,1514000,1515000,1386000,1387000,3,-1
203,chr5,1514766,1515114,1386213,1386559,EH38E3622814,EH38E3622651,1514000,1515000,1386000,1387000,3,-1
204,chr5,1515382,1515706,1386213,1386559,EH38E2352932,EH38E3622651,1515000,1516000,1386000,1387000,5,-1
205,chr5,1516174,1516524,1386213,1386559,EH38E3622816,EH38E3622651,1516000,1517000,1386000,1387000,4,-1
206,chr5,1524167,1524343,1386213,1386559,EH38E3622834,EH38E3622651,1524000,1525000,1386000,1387000,5,-1
207,chr5,1800988,1801160,1386213,1386559,EH38E3623104,EH38E3622651,1800000,1801000,1386000,1387000,2,-1
208,chr5,1801619,1801780,1386213,1386559,EH38E3623106,EH38E3622651,1801000,1802000,1386000,1387000,1,-1
209,chr5,1801975,1802146,1386213,1386559,EH38E3623107,EH38E3622651,1801000,1802000,1386000,1387000,1,-1
210,chr5,399822,400172,1445316,1445664,EH38E3621396,EH38E3622698,400000,401000,1445000,1446000,1,-1
211,chr5,672775,673118,1445316,1445664,EH38E3621768,EH38E3622698,672000,673000,1445000,1446000,1,-1
212,chr5,912614,912943,1445316,1445664,EH38E2352374,EH38E3622698,912000,913000,1445000,1446000,1,-1
213,chr5,1107192,1107449,1445316,1445664,EH38E3622270,EH38E3622698,1107000,1108000,1445000,1446000,1,-1
214,chr5,1316138,1316310,1445316,1445664,EH38E3622554,EH38E3622698,1316000,1317000,1445000,1446000,2,-1
215,chr5,1316343,1316692,1445316,1445664,EH38E3622555,EH38E3622698,1316000,1317000,1445000,1446000,2,-1
216,chr5,1502065,1502403,1445316,1445664,EH38E2352903,EH38E3622698,1502000,1503000,1445000,1446000,8,-1
217,chr5,1511714,1512032,1445316,1445664,EH38E3622805,EH38E3622698,1511000,1512000,1445000,1446000,5,-1
218,chr5,1514388,1514711,1445316,1445664,EH38E3622813,EH38E3622698,1514000,1515000,1445000,1446000,8,-1
219,chr5,1514766,1515114,1445316,1445664,EH38E3622814,EH38E3622698,1514000,1515000,1445000,1446000,8,-1
220,chr5,1515382,1515706,1445316,1445664,EH38E2352932,EH38E3622698,1515000,1516000,1445000,1446000,9,-1
221,chr5,1516174,1516524,1445316,1445664,EH38E3622816,EH38E3622698,1516000,1517000,1445000,1446000,4,-1
222,chr5,1524167,1524343,1445316,1445664,EH38E3622834,EH38E3622698,1524000,1525000,1445000,1446000,3,-1
223,chr5,1800988,1801160,1445316,1445664,EH38E3623104,EH38E3622698,1801000,1802000,1445000,1446000,1,-1
224,chr5,1801619,1801780,1445316,1445664,EH38E3623106,EH38E3622698,1801000,1802000,1445000,1446000,1,-1
225,chr5,1801975,1802146,1445316,1445664,EH38E3623107,EH38E3622698,1801000,1802000,1445000,1446000,1,-1
226,chr5,2750003,2750157,1445316,1445664,EH38E2353521,EH38E3622698,2750000,2751000,1445000,1446000,1,-1
227,chr5,2750190,2750415,1445316,1445664,EH38E2353522,EH38E3622698,2750000,2751000,1445000,1446000,1,-1
228,chr5,2750427,2750628,1445316,1445664,EH38E3623546,EH38E3622698,2750000,2751000,1445000,1446000,1,-1
229,chr5,891198,891515,1523845,1524165,EH38E3621961,EH38E3622833,891000,892000,1523000,1524000,1,-1
230,chr5,1316138,1316310,1523845,1524165,EH38E3622554,EH38E3622833,1316000,1317000,1523000,1524000,1,-1
231,chr5,1316343,1316692,1523845,1524165,EH38E3622555,EH38E3622833,1316000,1317000,1523000,1524000,1,-1
232,chr5,1801975,1802146,1523845,1524165,EH38E3623107,EH38E3622833,1802000,1803000,1523000,1524000,1,-1
233,chr5,672775,673118,1523845,1524165,EH38E3621768,EH38E3622833,672000,673000,1524000,1525000,1,-1
234,chr5,1107192,1107449,1523845,1524165,EH38E3622270,EH38E3622833,1107000,1108000,1524000,1525000,1,-1
235,chr5,1502065,1502403,1523845,1524165,EH38E2352903,EH38E3622833,1502000,1503000,1524000,1525000,12,-1
236,chr5,1511714,1512032,1523845,1524165,EH38E3622805,EH38E3622833,1511000,1512000,1524000,1525000,20,-1
237,chr5,1514388,1514711,1523845,1524165,EH38E3622813,EH38E3622833,1514000,1515000,1524000,1525000,32,-1
238,chr5,1514766,1515114,1523845,1524165,EH38E3622814,EH38E3622833,1514000,1515000,1524000,1525000,32,-1
239,chr5,1515382,1515706,1523845,1524165,EH38E2352932,EH38E3622833,1515000,1516000,1524000,1525000,59,-1
240,chr5,1516174,1516524,1523845,1524165,EH38E3622816,EH38E3622833,1516000,1517000,1524000,1525000,42,-1
241,chr5,1524167,1524343,1523845,1524165,EH38E3622834,EH38E3622833,1524000,1525000,1524000,1525000,1072,-1
242,chr5,1952489,1952815,1523845,1524165,EH38E2353255,EH38E3622833,1952000,1953000,1524000,1525000,2,-1
243,chr5,1952827,1952979,1523845,1524165,EH38E3623250,EH38E3622833,1952000,1953000,1524000,1525000,2,-1
244,chr5,3100647,3100862,1523845,1524165,EH38E3623638,EH38E3622833,3100000,3101000,1524000,1525000,1,-1
245,chr5,3100897,3101124,1523845,1524165,EH38E3623639,EH38E3622833,3100000,3101000,1524000,1525000,1,-1
246,chr5,672775,673118,1594384,1594734,EH38E3621768,EH38E3622912,672000,673000,1594000,1595000,1,-1
247,chr5,1107192,1107449,1594384,1594734,EH38E3622270,EH38E3622912,1107000,1108000,1594000,1595000,1,-1
248,chr5,1316138,1316310,1594384,1594734,EH38E3622554,EH38E3622912,1316000,1317000,1594000,1595000,4,-1
249,chr5,1316343,1316692,1594384,1594734,EH38E3622555,EH38E3622912,1316000,1317000,1594000,1595000,4,-1
250,chr5,1502065,1502403,1594384,1594734,EH38E2352903,EH38E3622912,1502000,1503000,1594000,1595000,12,-1
251,chr5,1511714,1512032,1594384,1594734,EH38E3622805,EH38E3622912,1511000,1512000,1594000,1595000,10,-1
252,chr5,1514388,1514711,1594384,1594734,EH38E3622813,EH38E3622912,1514000,1515000,1594000,1595000,15,-1
253,chr5,1514766,1515114,1594384,1594734,EH38E3622814,EH38E3622912,1514000,1515000,1594000,1595000,15,-1
254,chr5,1515382,1515706,1594384,1594734,EH38E2352932,EH38E3622912,1515000,1516000,1594000,1595000,13,-1
255,chr5,1516174,1516524,1594384,1594734,EH38E3622816,EH38E3622912,1516000,1517000,1594000,1595000,9,-1
256,chr5,1524167,1524343,1594384,1594734,EH38E3622834,EH38E3622912,1524000,1525000,1594000,1595000,22,-1
257,chr5,1800988,1801160,1594384,1594734,EH38E3623104,EH38E3622912,1800000,1801000,1594000,1595000,1,-1
258,chr5,1801619,1801780,1594384,1594734,EH38E3623106,EH38E3622912,1801000,1802000,1594000,1595000,2,-1
259,chr5,1801975,1802146,1594384,1594734,EH38E3623107,EH38E3622912,1801000,1802000,1594000,1595000,2,-1
260,chr5,1952489,1952815,1594384,1594734,EH38E2353255,EH38E3622912,1952000,1953000,1594000,1595000,1,-1
261,chr5,1952827,1952979,1594384,1594734,EH38E3623250,EH38E3622912,1952000,1953000,1594000,1595000,1,-1
262,chr5,912614,912943,1633847,1634196,EH38E2352374,EH38E3622931,912000,913000,1633000,1634000,1,-1
263,chr5,1316138,1316310,1633847,1634196,EH38E3622554,EH38E3622931,1316000,1317000,1633000,1634000,1,-1
264,chr5,1316343,1316692,1633847,1634196,EH38E3622555,EH38E3622931,1316000,1317000,1633000,1634000,1,-1
265,chr5,1514388,1514711,1633847,1634196,EH38E3622813,EH38E3622931,1514000,1515000,1633000,1634000,3,-1
266,chr5,1514766,1515114,1633847,1634196,EH38E3622814,EH38E3622931,1514000,1515000,1633000,1634000,3,-1
267,chr5,415460,415809,1633847,1634196,EH38E3621416,EH38E3622931,415000,416000,1634000,1635000,1,-1
268,chr5,672775,673118,1633847,1634196,EH38E3621768,EH38E3622931,672000,673000,1634000,1635000,1,-1
269,chr5,891198,891515,1633847,1634196,EH38E3621961,EH38E3622931,891000,892000,1634000,1635000,1,-1
270,chr5,1107192,1107449,1633847,1634196,EH38E3622270,EH38E3622931,1107000,1108000,1634000,1635000,2,-1
271,chr5,1502065,1502403,1633847,1634196,EH38E2352903,EH38E3622931,1502000,1503000,1634000,1635000,8,-1
272,chr5,1511714,1512032,1633847,1634196,EH38E3622805,EH38E3622931,1511000,1512000,1634000,1635000,3,-1
273,chr5,1515382,1515706,1633847,1634196,EH38E2352932,EH38E3622931,1515000,1516000,1634000,1635000,4,-1
274,chr5,1516174,1516524,1633847,1634196,EH38E3622816,EH38E3622931,1516000,1517000,1634000,1635000,5,-1
275,chr5,1524167,1524343,1633847,1634196,EH38E3622834,EH38E3622931,1524000,1525000,1634000,1635000,6,-1
276,chr5,1800988,1801160,1633847,1634196,EH38E3623104,EH38E3622931,1801000,1802000,1634000,1635000,3,-1
277,chr5,1801619,1801780,1633847,1634196,EH38E3623106,EH38E3622931,1801000,1802000,1634000,1635000,3,-1
278,chr5,1801975,1802146,1633847,1634196,EH38E3623107,EH38E3622931,1801000,1802000,1634000,1635000,3,-1
279,chr5,3107129,3107330,1633847,1634196,EH38E3623647,EH38E3622931,3107000,3108000,1634000,1635000,1,-1
280,chr5,415460,415809,1725049,1725208,EH38E3621416,EH38E3623004,415000,416000,1725000,1726000,2,-1
281,chr5,1107192,1107449,1725049,1725208,EH38E3622270,EH38E3623004,1107000,1108000,1725000,1726000,3,-1
282,chr5,1316138,1316310,1725049,1725208,EH38E3622554,EH38E3623004,1316000,1317000,1725000,1726000,2,-1
283,chr5,1316343,1316692,1725049,1725208,EH38E3622555,EH38E3623004,1316000,1317000,1725000,1726000,2,-1
284,chr5,1502065,1502403,1725049,1725208,EH38E2352903,EH38E3623004,1502000,1503000,1725000,1726000,1,-1
285,chr5,1511714,1512032,1725049,1725208,EH38E3622805,EH38E3623004,1512000,1513000,1725000,1726000,2,-1
286,chr5,1514388,1514711,1725049,1725208,EH38E3622813,EH38E3623004,1514000,1515000,1725000,1726000,1,-1
287,chr5,1514766,1515114,1725049,1725208,EH38E3622814,EH38E3623004,1514000,1515000,1725000,1726000,1,-1
288,chr5,1515382,1515706,1725049,1725208,EH38E2352932,EH38E3623004,1515000,1516000,1725000,1726000,1,-1
289,chr5,1516174,1516524,1725049,1725208,EH38E3622816,EH38E3623004,1516000,1517000,1725000,1726000,1,-1
290,chr5,1524167,1524343,1725049,1725208,EH38E3622834,EH38E3623004,1524000,1525000,1725000,1726000,1,-1
291,chr5,1800988,1801160,1725049,1725208,EH38E3623104,EH38E3623004,1800000,1801000,1725000,1726000,5,-1
292,chr5,1801619,1801780,1725049,1725208,EH38E3623106,EH38E3623004,1801000,1802000,1725000,1726000,6,-1
293,chr5,1801975,1802146,1725049,1725208,EH38E3623107,EH38E3623004,1801000,1802000,1725000,1726000,6,-1
294,chr5,1952489,1952815,1725049,1725208,EH38E2353255,EH38E3623004,1952000,1953000,1725000,1726000,4,-1
295,chr5,1952827,1952979,1725049,1725208,EH38E3623250,EH38E3623004,1952000,1953000,1725000,1726000,4,-1
296,chr5,2750003,2750157,1725049,1725208,EH38E2353521,EH38E3623004,2750000,2751000,1725000,1726000,1,-1
297,chr5,2750190,2750415,1725049,1725208,EH38E2353522,EH38E3623004,2750000,2751000,1725000,1726000,1,-1
298,chr5,2750427,2750628,1725049,1725208,EH38E3623546,EH38E3623004,2750000,2751000,1725000,1726000,1,-1
299,chr5,3100647,3100862,1725049,1725208,EH38E3623638,EH38E3623004,3100000,3101000,1725000,1726000,1,-1
300,chr5,3100897,3101124,1725049,1725208,EH38E3623639,EH38E3623004,3100000,3101000,1725000,1726000,1,-1
301,chr5,3101263,3101530,1725049,1725208,EH38E3623640,EH38E3623004,3101000,3102000,1725000,1726000,1,-1
302,chr5,3101531,3101879,1725049,1725208,EH38E3623641,EH38E3623004,3101000,3102000,1725000,1726000,1,-1
303,chr5,3107129,3107330,1725049,1725208,EH38E3623647,EH38E3623004,3107000,3108000,1725000,1726000,1,-1
304,chr5,1107192,1107449,1799713,1800062,EH38E3622270,EH38E3623099,1107000,1108000,1799000,1800000,3,-1
305,chr5,1316138,1316310,1799713,1800062,EH38E3622554,EH38E3623099,1316000,1317000,1799000,1800000,1,-1
306,chr5,1316343,1316692,1799713,1800062,EH38E3622555,EH38E3623099,1316000,1317000,1799000,1800000,1,-1
307,chr5,1511714,1512032,1799713,1800062,EH38E3622805,EH38E3623099,1511000,1512000,1799000,1800000,2,-1
308,chr5,1952489,1952815,1799713,1800062,EH38E2353255,EH38E3623099,1952000,1953000,1799000,1800000,2,-1
309,chr5,1952827,1952979,1799713,1800062,EH38E3623250,EH38E3623099,1952000,1953000,1799000,1800000,2,-1
310,chr5,2750003,2750157,1799713,1800062,EH38E2353521,EH38E3623099,2750000,2751000,1799000,1800000,1,-1
311,chr5,2750190,2750415,1799713,1800062,EH38E2353522,EH38E3623099,2750000,2751000,1799000,1800000,1,-1
312,chr5,2750427,2750628,1799713,1800062,EH38E3623546,EH38E3623099,2750000,2751000,1799000,1800000,1,-1
313,chr5,415460,415809,1799713,1800062,EH38E3621416,EH38E3623099,415000,416000,1800000,1801000,1,-1
314,chr5,672775,673118,1799713,1800062,EH38E3621768,EH38E3623099,672000,673000,1800000,1801000,1,-1
315,chr5,912614,912943,1799713,1800062,EH38E2352374,EH38E3623099,912000,913000,1800000,1801000,2,-1
316,chr5,1514388,1514711,1799713,1800062,EH38E3622813,EH38E3623099,1514000,1515000,1800000,1801000,1,-1
317,chr5,1514766,1515114,1799713,1800062,EH38E3622814,EH38E3623099,1514000,1515000,1800000,1801000,1,-1
318,chr5,1515382,1515706,1799713,1800062,EH38E2352932,EH38E3623099,1515000,1516000,1800000,1801000,2,-1
319,chr5,1516174,1516524,1799713,1800062,EH38E3622816,EH38E3623099,1516000,1517000,1800000,1801000,2,-1
320,chr5,1800988,1801160,1799713,1800062,EH38E3623104,EH38E3623099,1800000,1801000,1800000,1801000,436,-1
321,chr5,1801619,1801780,1799713,1800062,EH38E3623106,EH38E3623099,1801000,1802000,1800000,1801000,319,-1
322,chr5,1801975,1802146,1799713,1800062,EH38E3623107,EH38E3623099,1801000,1802000,1800000,1801000,319,-1
323,chr5,3100647,3100862,1799713,1800062,EH38E3623638,EH38E3623099,3100000,3101000,1800000,1801000,1,-1
324,chr5,3100897,3101124,1799713,1800062,EH38E3623639,EH38E3623099,3100000,3101000,1800000,1801000,1,-1
325,chr5,3101263,3101530,1799713,1800062,EH38E3623640,EH38E3623099,3101000,3102000,1800000,1801000,1,-1
326,chr5,3101531,3101879,1799713,1800062,EH38E3623641,EH38E3623099,3101000,3102000,1800000,1801000,1,-1
327,chr5,399822,400172,1801186,1801534,EH38E3621396,EH38E3623105,399000,400000,1801000,1802000,1,-1
328,chr5,1107192,1107449,1801186,1801534,EH38E3622270,EH38E3623105,1107000,1108000,1801000,1802000,1,-1
329,chr5,1316138,1316310,1801186,1801534,EH38E3622554,EH38E3623105,1316000,1317000,1801000,1802000,1,-1
330,chr5,1316343,1316692,1801186,1801534,EH38E3622555,EH38E3623105,1316000,1317000,1801000,1802000,1,-1
331,chr5,1502065,1502403,1801186,1801534,EH38E2352903,EH38E3623105,1502000,1503000,1801000,1802000,2,-1
332,chr5,1511714,1512032,1801186,1801534,EH38E3622805,EH38E3623105,1512000,1513000,1801000,1802000,1,-1
333,chr5,1514388,1514711,1801186,1801534,EH38E3622813,EH38E3623105,1514000,1515000,1801000,1802000,1,-1
334,chr5,1514766,1515114,1801186,1801534,EH38E3622814,EH38E3623105,1514000,1515000,1801000,1802000,1,-1
335,chr5,1515382,1515706,1801186,1801534,EH38E2352932,EH38E3623105,1515000,1516000,1801000,1802000,2,-1
336,chr5,1516174,1516524,1801186,1801534,EH38E3622816,EH38E3623105,1516000,1517000,1801000,1802000,2,-1
337,chr5,1800988,1801160,1801186,1801534,EH38E3623104,EH38E3623105,1801000,1802000,1801000,1802000,503,-1
338,chr5,1801619,1801780,1801186,1801534,EH38E3623106,EH38E3623105,1801000,1802000,1801000,1802000,503,-1
339,chr5,1801975,1802146,1801186,1801534,EH38E3623107,EH38E3623105,1801000,1802000,1801000,1802000,503,-1
340,chr5,1952489,1952815,1801186,1801534,EH38E2353255,EH38E3623105,1952000,1953000,1801000,1802000,4,-1
341,chr5,1952827,1952979,1801186,1801534,EH38E3623250,EH38E3623105,1952000,1953000,1801000,1802000,4,-1
342,chr5,3100647,3100862,1801186,1801534,EH38E3623638,EH38E3623105,3100000,3101000,1801000,1802000,2,-1
343,chr5,3100897,3101124,1801186,1801534,EH38E3623639,EH38E3623105,3100000,3101000,1801000,1802000,2,-1
344,chr5,399822,400172,1883637,1883985,EH38E3621396,EH38E3623189,400000,401000,1883000,1884000,2,-1
345,chr5,415460,415809,1883637,1883985,EH38E3621416,EH38E3623189,415000,416000,1883000,1884000,1,-1
346,chr5,1511714,1512032,1883637,1883985,EH38E3622805,EH38E3623189,1512000,1513000,1883000,1884000,1,-1
347,chr5,1516174,1516524,1883637,1883985,EH38E3622816,EH38E3623189,1516000,1517000,1883000,1884000,1,-1
348,chr5,1524167,1524343,1883637,1883985,EH38E3622834,EH38E3623189,1524000,1525000,1883000,1884000,1,-1
349,chr5,1800988,1801160,1883637,1883985,EH38E3623104,EH38E3623189,1800000,1801000,1883000,1884000,8,-1
350,chr5,1801619,1801780,1883637,1883985,EH38E3623106,EH38E3623189,1801000,1802000,1883000,1884000,12,-1
351,chr5,1801975,1802146,1883637,1883985,EH38E3623107,EH38E3623189,1801000,1802000,1883000,1884000,12,-1
352,chr5,1952489,1952815,1883637,1883985,EH38E2353255,EH38E3623189,1952000,1953000,1883000,1884000,5,-1
353,chr5,1952827,1952979,1883637,1883985,EH38E3623250,EH38E3623189,1952000,1953000,1883000,1884000,5,-1
354,chr5,2750003,2750157,1883637,1883985,EH38E2353521,EH38E3623189,2750000,2751000,1883000,1884000,1,-1
355,chr5,2750190,2750415,1883637,1883985,EH38E2353522,EH38E3623189,2750000,2751000,1883000,1884000,1,-1
356,chr5,2750427,2750628,1883637,1883985,EH38E3623546,EH38E3623189,2750000,2751000,1883000,1884000,1,-1
357,chr5,3100647,3100862,1883637,1883985,EH38E3623638,EH38E3623189,3100000,3101000,1883000,1884000,1,-1
358,chr5,3100897,3101124,1883637,1883985,EH38E3623639,EH38E3623189,3100000,3101000,1883000,1884000,1,-1
359,chr5,3123449,3123712,1883637,1883985,EH38E3623662,EH38E3623189,3123000,3124000,1883000,1884000,2,-1
360,chr5,399822,400172,1930983,1931271,EH38E3621396,EH38E3623225,400000,401000,1930000,1931000,1,-1
361,chr5,1502065,1502403,1930983,1931271,EH38E2352903,EH38E3623225,1502000,1503000,1930000,1931000,1,-1
362,chr5,1511714,1512032,1930983,1931271,EH38E3622805,EH38E3623225,1511000,1512000,1930000,1931000,1,-1
363,chr5,1515382,1515706,1930983,1931271,EH38E2352932,EH38E3623225,1515000,1516000,1930000,1931000,1,-1
364,chr5,1524167,1524343,1930983,1931271,EH38E3622834,EH38E3623225,1524000,1525000,1930000,1931000,1,-1
365,chr5,1801619,1801780,1930983,1931271,EH38E3623106,EH38E3623225,1801000,1802000,1930000,1931000,6,-1
366,chr5,1801975,1802146,1930983,1931271,EH38E3623107,EH38E3623225,1801000,1802000,1930000,1931000,6,-1
367,chr5,3107129,3107330,1930983,1931271,EH38E3623647,EH38E3623225,3107000,3108000,1930000,1931000,1,-1
368,chr5,1107192,1107449,1930983,1931271,EH38E3622270,EH38E3623225,1107000,1108000,1931000,1932000,1,-1
369,chr5,1514388,1514711,1930983,1931271,EH38E3622813,EH38E3623225,1514000,1515000,1931000,1932000,2,-1
370,chr5,1514766,1515114,1930983,1931271,EH38E3622814,EH38E3623225,1514000,1515000,1931000,1932000,2,-1
371,chr5,1800988,1801160,1930983,1931271,EH38E3623104,EH38E3623225,1800000,1801000,1931000,1932000,5,-1
372,chr5,1952489,1952815,1930983,1931271,EH38E2353255,EH38E3623225,1952000,1953000,1931000,1932000,23,-1
373,chr5,1952827,1952979,1930983,1931271,EH38E3623250,EH38E3623225,1952000,1953000,1931000,1932000,23,-1
374,chr5,2750003,2750157,1930983,1931271,EH38E2353521,EH38E3623225,2750000,2751000,1931000,1932000,1,-1
375,chr5,2750190,2750415,1930983,1931271,EH38E2353522,EH38E3623225,2750000,2751000,1931000,1932000,1,-1
376,chr5,2750427,2750628,1930983,1931271,EH38E3623546,EH38E3623225,2750000,2751000,1931000,1932000,1,-1
377,chr5,3100647,3100862,1930983,1931271,EH38E3623638,EH38E3623225,3100000,3101000,1931000,1932000,1,-1
378,chr5,3100897,3101124,1930983,1931271,EH38E3623639,EH38E3623225,3100000,3101000,1931000,1932000,1,-1
379,chr5,1800988,1801160,2751599,2751946,EH38E3623104,EH38E3623550,1801000,1802000,2751000,2752000,1,-1
380,chr5,1801619,1801780,2751599,2751946,EH38E3623106,EH38E3623550,1801000,1802000,2751000,2752000,1,-1
381,chr5,1801975,1802146,2751599,2751946,EH38E3623107,EH38E3623550,1801000,1802000,2751000,2752000,1,-1
382,chr5,2750003,2750157,2751599,2751946,EH38E2353521,EH38E3623550,2750000,2751000,2751000,2752000,94,-1
383,chr5,2750190,2750415,2751599,2751946,EH38E2353522,EH38E3623550,2750000,2751000,2751000,2752000,94,-1
384,chr5,2750427,2750628,2751599,2751946,EH38E3623546,EH38E3623550,2750000,2751000,2751000,2752000,94,-1
385,chr5,3100647,3100862,2751599,2751946,EH38E3623638,EH38E3623550,3100000,3101000,2751000,2752000,1,-1
386,chr5,3100897,3101124,2751599,2751946,EH38E3623639,EH38E3623550,3100000,3101000,2751000,2752000,1,-1
387,chr5,3101263,3101530,2751599,2751946,EH38E3623640,EH38E3623550,3101000,3102000,2751000,2752000,1,-1
388,chr5,3101531,3101879,2751599,2751946,EH38E3623641,EH38E3623550,3101000,3102000,2751000,2752000,1,-1
389,chr5,3107129,3107330,2751599,2751946,EH38E3623647,EH38E3623550,3107000,3108000,2751000,2752000,2,-1
390,chr5,3123449,3123712,2751599,2751946,EH38E3623662,EH38E3623550,3123000,3124000,2751000,2752000,1,-1
391,chr5,5183159,5183328,2751599,2751946,EH38E3624235,EH38E3623550,5183000,5184000,2751000,2752000,1,-1
392,chr5,5183388,5183736,2751599,2751946,EH38E3624236,EH38E3623550,5183000,5184000,2751000,2752000,1,-1
393,chr5,1514766,1515114,2752018,2752294,EH38E3622814,EH38E3623551,1515000,1516000,2752000,2753000,1,-1
394,chr5,1515382,1515706,2752018,2752294,EH38E2352932,EH38E3623551,1515000,1516000,2752000,2753000,1,-1
395,chr5,1516174,1516524,2752018,2752294,EH38E3622816,EH38E3623551,1516000,1517000,2752000,2753000,1,-1
396,chr5,1952489,1952815,2752018,2752294,EH38E2353255,EH38E3623551,1952000,1953000,2752000,2753000,1,-1
397,chr5,1952827,1952979,2752018,2752294,EH38E3623250,EH38E3623551,1952000,1953000,2752000,2753000,1,-1
398,chr5,2750003,2750157,2752018,2752294,EH38E2353521,EH38E3623551,2750000,2751000,2752000,2753000,66,-1
399,chr5,2750190,2750415,2752018,2752294,EH38E2353522,EH38E3623551,2750000,2751000,2752000,2753000,66,-1
400,chr5,2750427,2750628,2752018,2752294,EH38E3623546,EH38E3623551,2750000,2751000,2752000,2753000,66,-1
401,chr5,3100647,3100862,2752018,2752294,EH38E3623638,EH38E3623551,3100000,3101000,2752000,2753000,1,-1
402,chr5,3100897,3101124,2752018,2752294,EH38E3623639,EH38E3623551,3100000,3101000,2752000,2753000,1,-1
403,chr5,3101263,3101530,2752018,2752294,EH38E3623640,EH38E3623551,3101000,3102000,2752000,2753000,5,-1
404,chr5,3101531,3101879,2752018,2752294,EH38E3623641,EH38E3623551,3101000,3102000,2752000,2753000,5,-1
405,chr5,3107129,3107330,2752018,2752294,EH38E3623647,EH38E3623551,3107000,3108000,2752000,2753000,8,-1
406,chr5,3123449,3123712,2752018,2752294,EH38E3623662,EH38E3623551,3123000,3124000,2752000,2753000,2,-1
407,chr5,5078417,5078758,5139827,5139987,EH38E2354308,EH38E3624215,5078000,5079000,5139000,5140000,8,-1
408,chr5,5179628,5179978,5139827,5139987,EH38E3624232,EH38E3624215,5179000,5180000,5139000,5140000,9,-1
409,chr5,5183159,5183328,5139827,5139987,EH38E3624235,EH38E3624215,5183000,5184000,5139000,5140000,11,-1
410,chr5,5183388,5183736,5139827,5139987,EH38E3624236,EH38E3624215,5183000,5184000,5139000,5140000,11,-1
411,chr5,5326121,5326452,5139827,5139987,EH38E3624289,EH38E3624215,5326000,5327000,5139000,5140000,2,-1
412,chr5,7394853,7395157,5139827,5139987,EH38E3625033,EH38E3624215,7394000,7395000,5139000,5140000,1,-1
413,chr5,5078417,5078758,5140087,5140297,EH38E2354308,EH38E3624216,5078000,5079000,5140000,5141000,10,-1
414,chr5,5179628,5179978,5140087,5140297,EH38E3624232,EH38E3624216,5179000,5180000,5140000,5141000,7,-1
415,chr5,5183159,5183328,5140087,5140297,EH38E3624235,EH38E3624216,5183000,5184000,5140000,5141000,8,-1
416,chr5,5183388,5183736,5140087,5140297,EH38E3624236,EH38E3624216,5183000,5184000,5140000,5141000,8,-1
417,chr5,5326121,5326452,5140087,5140297,EH38E3624289,EH38E3624216,5326000,5327000,5140000,5141000,6,-1
418,chr5,5078417,5078758,5422080,5422429,EH38E2354308,EH38E2354508,5078000,5079000,5422000,5423000,4,-1
419,chr5,5179628,5179978,5422080,5422429,EH38E3624232,EH38E2354508,5179000,5180000,5422000,5423000,1,-1
420,chr5,5183159,5183328,5422080,5422429,EH38E3624235,EH38E2354508,5183000,5184000,5422000,5423000,3,-1
421,chr5,5183388,5183736,5422080,5422429,EH38E3624236,EH38E2354508,5183000,5184000,5422000,5423000,3,-1
422,chr5,5326121,5326452,5422080,5422429,EH38E3624289,EH38E2354508,5326000,5327000,5422000,5423000,2,-1
423,chr5,5078417,5078758,5422504,5422798,EH38E2354308,EH38E3624351,5078000,5079000,5422000,5423000,4,-1
424,chr5,5179628,5179978,5422504,5422798,EH38E3624232,EH38E3624351,5179000,5180000,5422000,5423000,1,-1
425,chr5,5183159,5183328,5422504,5422798,EH38E3624235,EH38E3624351,5183000,5184000,5422000,5423000,3,-1
426,chr5,5183388,5183736,5422504,5422798,EH38E3624236,EH38E3624351,5183000,5184000,5422000,5423000,3,-1
427,chr5,5326121,5326452,5422504,5422798,EH38E3624289,EH38E3624351,5326000,5327000,5422000,5423000,2,-1
428,chr5,6649233,6649580,6378449,6378798,EH38E3624761,EH38E3624599,6649000,6650000,6378000,6379000,1,-1
429,chr5,5078417,5078758,6633004,6633155,EH38E2354308,EH38E3624745,5078000,5079000,6633000,6634000,1,-1
430,chr5,6649233,6649580,6633004,6633155,EH38E3624761,EH38E3624745,6649000,6650000,6633000,6634000,17,-1
431,chr5,6712892,6713059,6633004,6633155,EH38E3624785,EH38E3624745,6712000,6713000,6633000,6634000,17,-1
432,chr5,7394853,7395157,6633004,6633155,EH38E3625033,EH38E3624745,7394000,7395000,6633000,6634000,3,-1
433,chr5,7395565,7395904,6633004,6633155,EH38E3625035,EH38E3624745,7395000,7396000,6633000,6634000,1,-1
434,chr5,7422334,7422578,6633004,6633155,EH38E3625054,EH38E3624745,7422000,7423000,6633000,6634000,1,-1
435,chr5,7607080,7607428,6633004,6633155,EH38E3625094,EH38E3624745,7607000,7608000,6633000,6634000,1,-1
436,chr5,7851368,7851521,6633004,6633155,EH38E3625172,EH38E3624745,7851000,7852000,6633000,6634000,1,-1
437,chr5,5078417,5078758,6633212,6633512,EH38E2354308,EH38E3624746,5078000,5079000,6633000,6634000,1,-1
438,chr5,6649233,6649580,6633212,6633512,EH38E3624761,EH38E3624746,6649000,6650000,6633000,6634000,17,-1
439,chr5,6712892,6713059,6633212,6633512,EH38E3624785,EH38E3624746,6712000,6713000,6633000,6634000,17,-1
440,chr5,7394853,7395157,6633212,6633512,EH38E3625033,EH38E3624746,7394000,7395000,6633000,6634000,3,-1
441,chr5,7395565,7395904,6633212,6633512,EH38E3625035,EH38E3624746,7395000,7396000,6633000,6634000,1,-1
442,chr5,7422334,7422578,6633212,6633512,EH38E3625054,EH38E3624746,7422000,7423000,6633000,6634000,1,-1
443,chr5,7607080,7607428,6633212,6633512,EH38E3625094,EH38E3624746,7607000,7608000,6633000,6634000,1,-1
444,chr5,7851368,7851521,6633212,6633512,EH38E3625172,EH38E3624746,7851000,7852000,6633000,6634000,1,-1
445,chr5,6712892,6713059,6713083,6713410,EH38E3624785,EH38E3624786,6712000,6713000,6713000,6714000,75,-1
446,chr5,6712892,6713059,6713083,6713410,EH38E3624785,EH38E3624786,6713000,6714000,6713000,6714000,16,-1
447,chr5,5326121,5326452,7850976,7851319,EH38E3624289,EH38E2355538,5326000,5327000,7850000,7851000,1,-1
448,chr5,6649233,6649580,7850976,7851319,EH38E3624761,EH38E2355538,6649000,6650000,7850000,7851000,1,-1
449,chr5,7394853,7395157,7850976,7851319,EH38E3625033,EH38E2355538,7394000,7395000,7850000,7851000,3,-1
450,chr5,7395565,7395904,7850976,7851319,EH38E3625035,EH38E2355538,7395000,7396000,7850000,7851000,7,-1
451,chr5,7420587,7420871,7850976,7851319,EH38E2355361,EH38E2355538,7420000,7421000,7850000,7851000,1,-1
452,chr5,7425305,7425462,7850976,7851319,EH38E3625055,EH38E2355538,7425000,7426000,7850000,7851000,1,-1
453,chr5,7607080,7607428,7850976,7851319,EH38E3625094,EH38E2355538,7607000,7608000,7850000,7851000,4,-1
454,chr5,7816215,7816547,7850976,7851319,EH38E3625159,EH38E2355538,7816000,7817000,7850000,7851000,10,-1
455,chr5,7816679,7816933,7850976,7851319,EH38E2355524,EH38E2355538,7816000,7817000,7850000,7851000,10,-1
456,chr5,7473721,7474068,7850976,7851319,EH38E2355386,EH38E2355538,7473000,7474000,7851000,7852000,1,-1
457,chr5,7851368,7851521,7850976,7851319,EH38E3625172,EH38E2355538,7851000,7852000,7851000,7852000,552,-1
458,chr5,10761495,10761682,7850976,7851319,EH38E2357048,EH38E2355538,10761000,10762000,7851000,7852000,1,-1
459,chr5,6712892,6713059,7868944,7869289,EH38E3624785,EH38E3625183,6712000,6713000,7868000,7869000,1,-1
460,chr5,7394853,7395157,7868944,7869289,EH38E3625033,EH38E3625183,7395000,7396000,7868000,7869000,2,-1
461,chr5,7395565,7395904,7868944,7869289,EH38E3625035,EH38E3625183,7395000,7396000,7868000,7869000,2,-1
462,chr5,7473721,7474068,7868944,7869289,EH38E2355386,EH38E3625183,7473000,7474000,7868000,7869000,1,-1
463,chr5,7816215,7816547,7868944,7869289,EH38E3625159,EH38E3625183,7816000,7817000,7868000,7869000,5,-1
464,chr5,7816679,7816933,7868944,7869289,EH38E2355524,EH38E3625183,7816000,7817000,7868000,7869000,5,-1
465,chr5,7851368,7851521,7868944,7869289,EH38E3625172,EH38E3625183,7851000,7852000,7868000,7869000,18,-1
466,chr5,10103148,10103479,7868944,7869289,EH38E2356440,EH38E3625183,10103000,10104000,7868000,7869000,1,-1
467,chr5,9456457,9456801,7868944,7869289,EH38E2356129,EH38E3625183,9456000,9457000,7869000,7870000,1,-1
468,chr5,10249487,10249780,7868944,7869289,EH38E3625784,EH38E3625183,10249000,10250000,7869000,7870000,1,-1
469,chr5,10353042,10353390,7868944,7869289,EH38E2356616,EH38E3625183,10353000,10354000,7869000,7870000,1,-1
470,chr5,9456457,9456801,9546016,9546365,EH38E2356129,EH38E3625598,9456000,9457000,9546000,9547000,2,-1
471,chr5,10354255,10354452,9546016,9546365,EH38E3625881,EH38E3625598,10354000,10355000,9546000,9547000,1,-1
472,chr5,7394853,7395157,10249789,10250000,EH38E3625033,EH38E2356507,7395000,7396000,10249000,10250000,1,-1
473,chr5,7395565,7395904,10249789,10250000,EH38E3625035,EH38E2356507,7395000,7396000,10249000,10250000,1,-1
474,chr5,7422334,7422578,10249789,10250000,EH38E3625054,EH38E2356507,7422000,7423000,10249000,10250000,1,-1
475,chr5,10102270,10102524,10249789,10250000,EH38E2356438,EH38E2356507,10102000,10103000,10249000,10250000,1,-1
476,chr5,10103148,10103479,10249789,10250000,EH38E2356440,EH38E2356507,10103000,10104000,10249000,10250000,2,-1
477,chr5,10249487,10249780,10249789,10250000,EH38E3625784,EH38E2356507,10249000,10250000,10249000,10250000,480,-1
478,chr5,10353042,10353390,10249789,10250000,EH38E2356616,EH38E2356507,10353000,10354000,10249000,10250000,9,-1
479,chr5,10354255,10354452,10249789,10250000,EH38E3625881,EH38E2356507,10354000,10355000,10249000,10250000,3,-1
480,chr5,12505026,12505345,10249789,10250000,EH38E3626629,EH38E2356507,12505000,12506000,10249000,10250000,1,-1
481,chr5,12623251,12623446,10249789,10250000,EH38E2357619,EH38E2356507,12623000,12624000,10249000,10250000,1,-1
482,chr5,12623532,12623792,10249789,10250000,EH38E2357620,EH38E2356507,12623000,12624000,10249000,10250000,1,-1
483,chr5,10637503,10637813,10249789,10250000,EH38E2356913,EH38E2356507,10637000,10638000,10250000,10251000,2,-1
484,chr5,10637819,10638162,10249789,10250000,EH38E3626118,EH38E2356507,10638000,10639000,10250000,10251000,2,-1
485,chr5,10761495,10761682,10249789,10250000,EH38E2357048,EH38E2356507,10761000,10762000,10250000,10251000,3,-1
486,chr5,10102270,10102524,10250042,10250392,EH38E2356438,EH38E3625785,10102000,10103000,10250000,10251000,1,-1
487,chr5,10103148,10103479,10250042,10250392,EH38E2356440,EH38E3625785,10103000,10104000,10250000,10251000,2,-1
488,chr5,10249487,10249780,10250042,10250392,EH38E3625784,EH38E3625785,10249000,10250000,10250000,10251000,134,-1
489,chr5,10353042,10353390,10250042,10250392,EH38E2356616,EH38E3625785,10353000,10354000,10250000,10251000,6,-1
490,chr5,10354255,10354452,10250042,10250392,EH38E3625881,EH38E3625785,10354000,10355000,10250000,10251000,1,-1
491,chr5,10637503,10637813,10250042,10250392,EH38E2356913,EH38E3625785,10637000,10638000,10250000,10251000,2,-1
492,chr5,10637819,10638162,10250042,10250392,EH38E3626118,EH38E3625785,10637000,10638000,10250000,10251000,2,-1
493,chr5,10761495,10761682,10250042,10250392,EH38E2357048,EH38E3625785,10761000,10762000,10250000,10251000,3,-1
494,chr5,10102270,10102524,10250419,10250585,EH38E2356438,EH38E3625786,10102000,10103000,10250000,10251000,1,-1
495,chr5,10103148,10103479,10250419,10250585,EH38E2356440,EH38E3625786,10103000,10104000,10250000,10251000,2,-1
496,chr5,10249487,10249780,10250419,10250585,EH38E3625784,EH38E3625786,10249000,10250000,10250000,10251000,134,-1
497,chr5,10353042,10353390,10250419,10250585,EH38E2356616,EH38E3625786,10353000,10354000,10250000,10251000,6,-1
498,chr5,10354255,10354452,10250419,10250585,EH38E3625881,EH38E3625786,10354000,10355000,10250000,10251000,1,-1
499,chr5,10637503,10637813,10250419,10250585,EH38E2356913,EH38E3625786,10637000,10638000,10250000,10251000,2,-1
500,chr5,10637819,10638162,10250419,10250585,EH38E3626118,EH38E3625786,10637000,10638000,10250000,10251000,2,-1
501,chr5,10761495,10761682,10250419,10250585,EH38E2357048,EH38E3625786,10761000,10762000,10250000,10251000,3,-1
502,chr5,7473721,7474068,10307741,10308091,EH38E2355386,EH38E3625835,7474000,7475000,10307000,10308000,1,-1
503,chr5,10249487,10249780,10307741,10308091,EH38E3625784,EH38E3625835,10249000,10250000,10307000,10308000,2,-1
504,chr5,10354255,10354452,10307741,10308091,EH38E3625881,EH38E3625835,10354000,10355000,10307000,10308000,6,-1
505,chr5,10551340,10551688,10307741,10308091,EH38E2356800,EH38E3625835,10551000,10552000,10307000,10308000,2,-1
506,chr5,10637503,10637813,10307741,10308091,EH38E2356913,EH38E3625835,10637000,10638000,10307000,10308000,1,-1
507,chr5,10637819,10638162,10307741,10308091,EH38E3626118,EH38E3625835,10637000,10638000,10307000,10308000,1,-1
508,chr5,10689518,10689865,10307741,10308091,EH38E3626158,EH38E3625835,10689000,10690000,10307000,10308000,1,-1
509,chr5,10353042,10353390,10307741,10308091,EH38E2356616,EH38E3625835,10353000,10354000,10308000,10309000,15,-1
510,chr5,10761495,10761682,10307741,10308091,EH38E2357048,EH38E3625835,10761000,10762000,10308000,10309000,2,-1
511,chr5,12662007,12662258,10307741,10308091,EH38E2357633,EH38E3625835,12662000,12663000,10308000,10309000,1,-1
512,chr5,12662623,12662907,10307741,10308091,EH38E3626654,EH38E3625835,12662000,12663000,10308000,10309000,1,-1
513,chr5,10249487,10249780,10353536,10353886,EH38E3625784,EH38E3625879,10249000,10250000,10353000,10354000,9,-1
514,chr5,10353042,10353390,10353536,10353886,EH38E2356616,EH38E3625879,10353000,10354000,10353000,10354000,448,-1
515,chr5,10354255,10354452,10353536,10353886,EH38E3625881,EH38E3625879,10354000,10355000,10353000,10354000,126,-1
516,chr5,10637503,10637813,10353536,10353886,EH38E2356913,EH38E3625879,10637000,10638000,10353000,10354000,1,-1
517,chr5,10637819,10638162,10353536,10353886,EH38E3626118,EH38E3625879,10637000,10638000,10353000,10354000,1,-1
518,chr5,10761495,10761682,10353536,10353886,EH38E2357048,EH38E3625879,10761000,10762000,10353000,10354000,3,-1
519,chr5,10249487,10249780,10441456,10441663,EH38E3625784,EH38E3625921,10249000,10250000,10441000,10442000,3,-1
520,chr5,10353042,10353390,10441456,10441663,EH38E2356616,EH38E3625921,10353000,10354000,10441000,10442000,12,-1
521,chr5,10354255,10354452,10441456,10441663,EH38E3625881,EH38E3625921,10354000,10355000,10441000,10442000,2,-1
522,chr5,10551340,10551688,10441456,10441663,EH38E2356800,EH38E3625921,10551000,10552000,10441000,10442000,5,-1
523,chr5,10637503,10637813,10441456,10441663,EH38E2356913,EH38E3625921,10637000,10638000,10441000,10442000,6,-1
524,chr5,10637819,10638162,10441456,10441663,EH38E3626118,EH38E3625921,10637000,10638000,10441000,10442000,6,-1
525,chr5,10689518,10689865,10441456,10441663,EH38E3626158,EH38E3625921,10689000,10690000,10441000,10442000,9,-1
526,chr5,10761495,10761682,10441456,10441663,EH38E2357048,EH38E3625921,10761000,10762000,10441000,10442000,1,-1
527,chr5,12663029,12663255,10441456,10441663,EH38E2357635,EH38E3625921,12663000,12664000,10441000,10442000,1,-1
528,chr5,10249487,10249780,10441683,10442032,EH38E3625784,EH38E2356686,10249000,10250000,10441000,10442000,3,-1
529,chr5,10353042,10353390,10441683,10442032,EH38E2356616,EH38E2356686,10353000,10354000,10441000,10442000,12,-1
530,chr5,10551340,10551688,10441683,10442032,EH38E2356800,EH38E2356686,10551000,10552000,10441000,10442000,5,-1
531,chr5,10637503,10637813,10441683,10442032,EH38E2356913,EH38E2356686,10637000,10638000,10441000,10442000,6,-1
532,chr5,10637819,10638162,10441683,10442032,EH38E3626118,EH38E2356686,10637000,10638000,10441000,10442000,6,-1
533,chr5,10689518,10689865,10441683,10442032,EH38E3626158,EH38E2356686,10689000,10690000,10441000,10442000,9,-1
534,chr5,12663029,12663255,10441683,10442032,EH38E2357635,EH38E2356686,12663000,12664000,10441000,10442000,1,-1
535,chr5,10102270,10102524,10441683,10442032,EH38E2356438,EH38E2356686,10102000,10103000,10442000,10443000,1,-1
536,chr5,10354255,10354452,10441683,10442032,EH38E3625881,EH38E2356686,10354000,10355000,10442000,10443000,3,-1
537,chr5,10761495,10761682,10441683,10442032,EH38E2357048,EH38E2356686,10761000,10762000,10442000,10443000,2,-1
538,chr5,10249487,10249780,10564058,10564407,EH38E3625784,EH38E2356820,10249000,10250000,10564000,10565000,1,-1
539,chr5,10353042,10353390,10564058,10564407,EH38E2356616,EH38E2356820,10353000,10354000,10564000,10565000,3,-1
540,chr5,10551340,10551688,10564058,10564407,EH38E2356800,EH38E2356820,10551000,10552000,10564000,10565000,7,-1
541,chr5,10637503,10637813,10564058,10564407,EH38E2356913,EH38E2356820,10637000,10638000,10564000,10565000,8,-1
542,chr5,10637819,10638162,10564058,10564407,EH38E3626118,EH38E2356820,10637000,10638000,10564000,10565000,8,-1
543,chr5,10689518,10689865,10564058,10564407,EH38E3626158,EH38E2356820,10689000,10690000,10564000,10565000,7,-1
544,chr5,10761495,10761682,10564058,10564407,EH38E2357048,EH38E2356820,10761000,10762000,10564000,10565000,1,-1
545,chr5,7816215,7816547,10761121,10761470,EH38E3625159,EH38E3626226,7816000,7817000,10761000,10762000,1,-1
546,chr5,7816679,7816933,10761121,10761470,EH38E2355524,EH38E3626226,7816000,7817000,10761000,10762000,1,-1
547,chr5,7851368,7851521,10761121,10761470,EH38E3625172,EH38E3626226,7851000,7852000,10761000,10762000,1,-1
548,chr5,10249487,10249780,10761121,10761470,EH38E3625784,EH38E3626226,10249000,10250000,10761000,10762000,1,-1
549,chr5,10353042,10353390,10761121,10761470,EH38E2356616,EH38E3626226,10353000,10354000,10761000,10762000,3,-1
550,chr5,10637503,10637813,10761121,10761470,EH38E2356913,EH38E3626226,10637000,10638000,10761000,10762000,3,-1
551,chr5,10637819,10638162,10761121,10761470,EH38E3626118,EH38E3626226,10637000,10638000,10761000,10762000,3,-1
552,chr5,10689518,10689865,10761121,10761470,EH38E3626158,EH38E3626226,10689000,10690000,10761000,10762000,3,-1
553,chr5,10761495,10761682,10761121,10761470,EH38E2357048,EH38E3626226,10761000,10762000,10761000,10762000,355,-1
554,chr5,12626010,12626212,10761121,10761470,EH38E3626645,EH38E3626226,12626000,12627000,10761000,10762000,1,-1
555,chr5,10249487,10249780,11588829,11589027,EH38E3625784,EH38E2357403,10249000,10250000,11588000,11589000,1,-1
556,chr5,10551340,10551688,11588829,11589027,EH38E2356800,EH38E2357403,10551000,10552000,11588000,11589000,1,-1
557,chr5,10637503,10637813,11588829,11589027,EH38E2356913,EH38E2357403,10637000,10638000,11588000,11589000,1,-1
558,chr5,10637819,10638162,11588829,11589027,EH38E3626118,EH38E2357403,10637000,10638000,11588000,11589000,1,-1
559,chr5,10689518,10689865,11588829,11589027,EH38E3626158,EH38E2357403,10689000,10690000,11588000,11589000,1,-1
560,chr5,12623251,12623446,11588829,11589027,EH38E2357619,EH38E2357403,12623000,12624000,11588000,11589000,1,-1
561,chr5,12623532,12623792,11588829,11589027,EH38E2357620,EH38E2357403,12623000,12624000,11588000,11589000,1,-1
562,chr5,12624866,12625047,11588829,11589027,EH38E2357622,EH38E2357403,12625000,12626000,11588000,11589000,1,-1
563,chr5,12625074,12625248,11588829,11589027,EH38E2357623,EH38E2357403,12625000,12626000,11588000,11589000,1,-1
564,chr5,10761495,10761682,11588829,11589027,EH38E2357048,EH38E2357403,10761000,10762000,11589000,11590000,1,-1
565,chr5,10637819,10638162,11589057,11589209,EH38E3626118,EH38E2357404,10638000,10639000,11589000,11590000,1,-1
566,chr5,10761495,10761682,11589057,11589209,EH38E2357048,EH38E2357404,10761000,10762000,11589000,11590000,1,-1
567,chr5,10637503,10637813,11904352,11904701,EH38E2356913,EH38E2357512,10637000,10638000,11904000,11905000,1,-1
568,chr5,10637819,10638162,11904352,11904701,EH38E3626118,EH38E2357512,10637000,10638000,11904000,11905000,1,-1
569,chr5,12624866,12625047,11904352,11904701,EH38E2357622,EH38E2357512,12624000,12625000,11904000,11905000,2,-1
570,chr5,12661660,12661926,11904352,11904701,EH38E2357632,EH38E2357512,12661000,12662000,11904000,11905000,1,-1
571,chr5,12669368,12669692,11904352,11904701,EH38E2357638,EH38E2357512,12669000,12670000,11904000,11905000,1,-1
572,chr5,14268269,14268618,11904352,11904701,EH38E2358235,EH38E2357512,14268000,14269000,11904000,11905000,1,-1
573,chr5,14036039,14036388,14011577,14011926,EH38E2357934,EH38E2357923,14036000,14037000,14011000,14012000,4,-1
574,chr5,14036530,14036856,14011577,14011926,EH38E2357935,EH38E2357923,14036000,14037000,14011000,14012000,4,-1
575,chr5,14036929,14037272,14011577,14011926,EH38E2357936,EH38E2357923,14036000,14037000,14011000,14012000,4,-1
576,chr5,14142842,14143003,14011577,14011926,EH38E3626924,EH38E2357923,14142000,14143000,14011000,14012000,3,-1
577,chr5,14258991,14259188,14011577,14011926,EH38E2358217,EH38E2357923,14259000,14260000,14011000,14012000,2,-1
578,chr5,14269524,14269682,14011577,14011926,EH38E2358237,EH38E2357923,14269000,14270000,14011000,14012000,1,-1
579,chr5,14270139,14270456,14011577,14011926,EH38E2358239,EH38E2357923,14270000,14271000,14011000,14012000,2,-1
580,chr5,14341903,14342243,14011577,14011926,EH38E3627090,EH38E2357923,14342000,14343000,14011000,14012000,2,-1
581,chr5,12331038,12331382,14143021,14143371,EH38E2357592,EH38E2358031,12331000,12332000,14143000,14144000,1,-1
582,chr5,14036039,14036388,14143021,14143371,EH38E2357934,EH38E2358031,14036000,14037000,14143000,14144000,2,-1
583,chr5,14036530,14036856,14143021,14143371,EH38E2357935,EH38E2358031,14036000,14037000,14143000,14144000,2,-1
584,chr5,14036929,14037272,14143021,14143371,EH38E2357936,EH38E2358031,14036000,14037000,14143000,14144000,2,-1
585,chr5,14142842,14143003,14143021,14143371,EH38E3626924,EH38E2358031,14142000,14143000,14143000,14144000,213,-1
586,chr5,14142842,14143003,14143021,14143371,EH38E3626924,EH38E2358031,14143000,14144000,14143000,14144000,33,-1
587,chr5,14258191,14258396,14143021,14143371,EH38E3627036,EH38E2358031,14258000,14259000,14143000,14144000,4,-1
588,chr5,14258991,14259188,14143021,14143371,EH38E2358217,EH38E2358031,14258000,14259000,14143000,14144000,4,-1
589,chr5,14264605,14264955,14143021,14143371,EH38E3627039,EH38E2358031,14264000,14265000,14143000,14144000,2,-1
590,chr5,14268269,14268618,14143021,14143371,EH38E2358235,EH38E2358031,14268000,14269000,14143000,14144000,4,-1
591,chr5,14269524,14269682,14143021,14143371,EH38E2358237,EH38E2358031,14269000,14270000,14143000,14144000,4,-1
592,chr5,14270139,14270456,14143021,14143371,EH38E2358239,EH38E2358031,14270000,14271000,14143000,14144000,3,-1
593,chr5,14341903,14342243,14143021,14143371,EH38E3627090,EH38E2358031,14341000,14342000,14143000,14144000,1,-1
594,chr5,12332476,12332814,14581596,14581946,EH38E3626618,EH38E3627279,12332000,12333000,14581000,14582000,1,-1
595,chr5,12626010,12626212,14581596,14581946,EH38E3626645,EH38E3627279,12626000,12627000,14581000,14582000,1,-1
596,chr5,12660340,12660512,14581596,14581946,EH38E3626652,EH38E3627279,12660000,12661000,14581000,14582000,1,-1
597,chr5,12660649,12660920,14581596,14581946,EH38E3626653,EH38E3627279,12660000,12661000,14581000,14582000,1,-1
598,chr5,14036039,14036388,14581596,14581946,EH38E2357934,EH38E3627279,14036000,14037000,14581000,14582000,2,-1
599,chr5,14036530,14036856,14581596,14581946,EH38E2357935,EH38E3627279,14036000,14037000,14581000,14582000,2,-1
600,chr5,14036929,14037272,14581596,14581946,EH38E2357936,EH38E3627279,14036000,14037000,14581000,14582000,2,-1
601,chr5,14142842,14143003,14581596,14581946,EH38E3626924,EH38E3627279,14143000,14144000,14581000,14582000,1,-1
602,chr5,14258191,14258396,14581596,14581946,EH38E3627036,EH38E3627279,14258000,14259000,14581000,14582000,1,-1
603,chr5,14258991,14259188,14581596,14581946,EH38E2358217,EH38E3627279,14258000,14259000,14581000,14582000,1,-1
604,chr5,14270139,14270456,14581596,14581946,EH38E2358239,EH38E3627279,14270000,14271000,14581000,14582000,1,-1
605,chr5,14341903,14342243,14581596,14581946,EH38E3627090,EH38E3627279,14342000,14343000,14581000,14582000,1,-1
606,chr5,17401739,17402040,14581596,14581946,EH38E2360333,EH38E3627279,17402000,17403000,14581000,14582000,1,-1
607,chr5,14036039,14036388,14664383,14664733,EH38E2357934,EH38E3627317,14036000,14037000,14664000,14665000,2,-1
608,chr5,14036530,14036856,14664383,14664733,EH38E2357935,EH38E3627317,14036000,14037000,14664000,14665000,2,-1
609,chr5,14036929,14037272,14664383,14664733,EH38E2357936,EH38E3627317,14036000,14037000,14664000,14665000,2,-1
610,chr5,14258991,14259188,14664383,14664733,EH38E2358217,EH38E3627317,14259000,14260000,14664000,14665000,2,-1
611,chr5,14268269,14268618,14664383,14664733,EH38E2358235,EH38E3627317,14268000,14269000,14664000,14665000,2,-1
612,chr5,14270139,14270456,14664383,14664733,EH38E2358239,EH38E3627317,14270000,14271000,14664000,14665000,2,-1
613,chr5,12323699,12324047,14728480,14728828,EH38E2357589,EH38E3627386,12324000,12325000,14728000,14729000,1,-1
614,chr5,14036039,14036388,14728480,14728828,EH38E2357934,EH38E3627386,14036000,14037000,14728000,14729000,1,-1
615,chr5,14036530,14036856,14728480,14728828,EH38E2357935,EH38E3627386,14036000,14037000,14728000,14729000,1,-1
616,chr5,14036929,14037272,14728480,14728828,EH38E2357936,EH38E3627386,14036000,14037000,14728000,14729000,1,-1
617,chr5,14258191,14258396,14728480,14728828,EH38E3627036,EH38E3627386,14258000,14259000,14728000,14729000,1,-1
618,chr5,14258991,14259188,14728480,14728828,EH38E2358217,EH38E3627386,14258000,14259000,14728000,14729000,1,-1
619,chr5,14036039,14036388,15499947,15500289,EH38E2357934,EH38E3627680,14036000,14037000,15500000,15501000,1,-1
620,chr5,14036530,14036856,15499947,15500289,EH38E2357935,EH38E3627680,14036000,14037000,15500000,15501000,1,-1
621,chr5,14036929,14037272,15499947,15500289,EH38E2357936,EH38E3627680,14036000,14037000,15500000,15501000,1,-1
622,chr5,14258191,14258396,15499947,15500289,EH38E3627036,EH38E3627680,14258000,14259000,15500000,15501000,1,-1
623,chr5,14258991,14259188,15499947,15500289,EH38E2358217,EH38E3627680,14258000,14259000,15500000,15501000,1,-1
624,chr5,14269524,14269682,15499947,15500289,EH38E2358237,EH38E3627680,14269000,14270000,15500000,15501000,1,-1
625,chr5,15554592,15554807,15499947,15500289,EH38E3627702,EH38E3627680,15554000,15555000,15500000,15501000,5,-1
626,chr5,16466070,16466301,15499947,15500289,EH38E3627946,EH38E3627680,16466000,16467000,15500000,15501000,1,-1
627,chr5,15554592,15554807,15501427,15501737,EH38E3627702,EH38E2359110,15554000,15555000,15501000,15502000,1,-1
628,chr5,16466070,16466301,15501427,15501737,EH38E3627946,EH38E2359110,16466000,16467000,15501000,15502000,1,-1
629,chr5,15554592,15554807,16465686,16466018,EH38E3627702,EH38E3627945,15554000,15555000,16465000,16466000,2,-1
630,chr5,16736032,16736216,16465686,16466018,EH38E3628102,EH38E3627945,16736000,16737000,16465000,16466000,3,-1
631,chr5,16736330,16736633,16465686,16466018,EH38E2359774,EH38E3627945,16736000,16737000,16465000,16466000,3,-1
632,chr5,16739974,16740321,16465686,16466018,EH38E3628107,EH38E3627945,16740000,16741000,16465000,16466000,2,-1
633,chr5,16740989,16741328,16465686,16466018,EH38E3628110,EH38E3627945,16740000,16741000,16465000,16466000,2,-1
634,chr5,14142842,14143003,16465686,16466018,EH38E3626924,EH38E3627945,14142000,14143000,16466000,16467000,1,-1
635,chr5,16466070,16466301,16465686,16466018,EH38E3627946,EH38E3627945,16466000,16467000,16466000,16467000,434,-1
636,chr5,16703075,16703393,16465686,16466018,EH38E3628077,EH38E3627945,16703000,16704000,16466000,16467000,1,-1
637,chr5,18119251,18119599,16465686,16466018,EH38E3628626,EH38E3627945,18119000,18120000,16466000,16467000,1,-1
638,chr5,16703075,16703393,16738118,16738449,EH38E3628077,EH38E3628106,16703000,16704000,16738000,16739000,8,-1
639,chr5,16713363,16713708,16738118,16738449,EH38E3628088,EH38E3628106,16713000,16714000,16738000,16739000,3,-1
640,chr5,16736032,16736216,16738118,16738449,EH38E3628102,EH38E3628106,16736000,16737000,16738000,16739000,68,-1
641,chr5,16736330,16736633,16738118,16738449,EH38E2359774,EH38E3628106,16736000,16737000,16738000,16739000,68,-1
642,chr5,16739974,16740321,16738118,16738449,EH38E3628107,EH38E3628106,16739000,16740000,16738000,16739000,149,-1
643,chr5,16740989,16741328,16738118,16738449,EH38E3628110,EH38E3628106,16740000,16741000,16738000,16739000,141,-1
644,chr5,17401450,17401717,16738118,16738449,EH38E3628483,EH38E3628106,17401000,17402000,16738000,16739000,1,-1
645,chr5,17401739,17402040,16738118,16738449,EH38E2360333,EH38E3628106,17401000,17402000,16738000,16739000,1,-1
646,chr5,16703075,16703393,16742127,16742461,EH38E3628077,EH38E2359785,16703000,16704000,16742000,16743000,6,-1
647,chr5,16713363,16713708,16742127,16742461,EH38E3628088,EH38E2359785,16713000,16714000,16742000,16743000,4,-1
648,chr5,16736032,16736216,16742127,16742461,EH38E3628102,EH38E2359785,16736000,16737000,16742000,16743000,15,-1
649,chr5,16736330,16736633,16742127,16742461,EH38E2359774,EH38E2359785,16736000,16737000,16742000,16743000,15,-1
650,chr5,16739974,16740321,16742127,16742461,EH38E3628107,EH38E2359785,16739000,16740000,16742000,16743000,11,-1
651,chr5,16740989,16741328,16742127,16742461,EH38E3628110,EH38E2359785,16740000,16741000,16742000,16743000,58,-1
652,chr5,16466070,16466301,16936168,16936518,EH38E3627946,EH38E3628221,16466000,16467000,16936000,16937000,1,-1
653,chr5,16713363,16713708,16936168,16936518,EH38E3628088,EH38E3628221,16713000,16714000,16936000,16937000,1,-1
654,chr5,16736032,16736216,16936168,16936518,EH38E3628102,EH38E3628221,16736000,16737000,16936000,16937000,3,-1
655,chr5,16736330,16736633,16936168,16936518,EH38E2359774,EH38E3628221,16736000,16737000,16936000,16937000,3,-1
656,chr5,16739974,16740321,16936168,16936518,EH38E3628107,EH38E3628221,16740000,16741000,16936000,16937000,3,-1
657,chr5,16740989,16741328,16936168,16936518,EH38E3628110,EH38E3628221,16740000,16741000,16936000,16937000,3,-1
658,chr5,17401739,17402040,16936168,16936518,EH38E2360333,EH38E3628221,17402000,17403000,16936000,16937000,1,-1
659,chr5,16466070,16466301,17216124,17216467,EH38E3627946,EH38E3628379,16466000,16467000,17216000,17217000,1,-1
660,chr5,16736032,16736216,17216124,17216467,EH38E3628102,EH38E3628379,16736000,16737000,17216000,17217000,2,-1
661,chr5,16736330,16736633,17216124,17216467,EH38E2359774,EH38E3628379,16736000,16737000,17216000,17217000,2,-1
662,chr5,16739974,16740321,17216124,17216467,EH38E3628107,EH38E3628379,16739000,16740000,17216000,17217000,1,-1
663,chr5,16740989,16741328,17216124,17216467,EH38E3628110,EH38E3628379,16740000,16741000,17216000,17217000,2,-1
664,chr5,17401450,17401717,17216124,17216467,EH38E3628483,EH38E3628379,17401000,17402000,17216000,17217000,7,-1
665,chr5,17401739,17402040,17216124,17216467,EH38E2360333,EH38E3628379,17401000,17402000,17216000,17217000,7,-1
666,chr5,18119251,18119599,17216124,17216467,EH38E3628626,EH38E3628379,18119000,18120000,17216000,17217000,2,-1
667,chr5,16466070,16466301,17216501,17216654,EH38E3627946,EH38E3628380,16466000,16467000,17216000,17217000,1,-1
668,chr5,16736032,16736216,17216501,17216654,EH38E3628102,EH38E3628380,16736000,16737000,17216000,17217000,2,-1
669,chr5,16736330,16736633,17216501,17216654,EH38E2359774,EH38E3628380,16736000,16737000,17216000,17217000,2,-1
670,chr5,16739974,16740321,17216501,17216654,EH38E3628107,EH38E3628380,16739000,16740000,17216000,17217000,1,-1
671,chr5,16740989,16741328,17216501,17216654,EH38E3628110,EH38E3628380,16740000,16741000,17216000,17217000,2,-1
672,chr5,17401450,17401717,17216501,17216654,EH38E3628483,EH38E3628380,17401000,17402000,17216000,17217000,7,-1
673,chr5,17401739,17402040,17216501,17216654,EH38E2360333,EH38E3628380,17401000,17402000,17216000,17217000,7,-1
674,chr5,18119251,18119599,17216501,17216654,EH38E3628626,EH38E3628380,18119000,18120000,17216000,17217000,2,-1
675,chr5,16466070,16466301,17216655,17216947,EH38E3627946,EH38E3628381,16466000,16467000,17216000,17217000,1,-1
676,chr5,16736032,16736216,17216655,17216947,EH38E3628102,EH38E3628381,16736000,16737000,17216000,17217000,2,-1
677,chr5,16736330,16736633,17216655,17216947,EH38E2359774,EH38E3628381,16736000,16737000,17216000,17217000,2,-1
678,chr5,16739974,16740321,17216655,17216947,EH38E3628107,EH38E3628381,16739000,16740000,17216000,17217000,1,-1
679,chr5,16740989,16741328,17216655,17216947,EH38E3628110,EH38E3628381,16740000,16741000,17216000,17217000,2,-1
680,chr5,17401450,17401717,17216655,17216947,EH38E3628483,EH38E3628381,17401000,17402000,17216000,17217000,7,-1
681,chr5,17401739,17402040,17216655,17216947,EH38E2360333,EH38E3628381,17401000,17402000,17216000,17217000,7,-1
682,chr5,18119251,18119599,17216655,17216947,EH38E3628626,EH38E3628381,18119000,18120000,17216000,17217000,2,-1
683,chr5,16466070,16466301,17217132,17217324,EH38E3627946,EH38E3628382,16466000,16467000,17217000,17218000,1,-1
684,chr5,16713363,16713708,17217132,17217324,EH38E3628088,EH38E3628382,16713000,16714000,17217000,17218000,1,-1
685,chr5,17401450,17401717,17217132,17217324,EH38E3628483,EH38E3628382,17401000,17402000,17217000,17218000,4,-1
686,chr5,17401739,17402040,17217132,17217324,EH38E2360333,EH38E3628382,17401000,17402000,17217000,17218000,4,-1
687,chr5,18119251,18119599,17217132,17217324,EH38E3628626,EH38E3628382,18119000,18120000,17217000,17218000,3,-1
688,chr5,16466070,16466301,17217326,17217642,EH38E3627946,EH38E3628383,16466000,16467000,17217000,17218000,1,-1
689,chr5,16713363,16713708,17217326,17217642,EH38E3628088,EH38E3628383,16713000,16714000,17217000,17218000,1,-1
690,chr5,17401450,17401717,17217326,17217642,EH38E3628483,EH38E3628383,17401000,17402000,17217000,17218000,4,-1
691,chr5,17401739,17402040,17217326,17217642,EH38E2360333,EH38E3628383,17401000,17402000,17217000,17218000,4,-1
692,chr5,18119251,18119599,17217326,17217642,EH38E3628626,EH38E3628383,18119000,18120000,17217000,17218000,3,-1
693,chr5,27084098,27084443,27038484,27038833,EH38E3629800,EH38E3629797,27084000,27085000,27038000,27039000,1,-1
694,chr5,27084098,27084443,27472058,27472402,EH38E3629800,EH38E3629867,27084000,27085000,27472000,27473000,1,-1
695,chr5,27472600,27472776,27472058,27472402,EH38E2362233,EH38E3629867,27472000,27473000,27472000,27473000,188,-1
696,chr5,31532449,31532615,31532047,31532392,EH38E2363142,EH38E3630499,31532000,31533000,31532000,31533000,319,-1
697,chr5,31854851,31855200,31532047,31532392,EH38E3630636,EH38E3630499,31855000,31856000,31532000,31533000,3,-1
698,chr5,32173646,32173972,31532047,31532392,EH38E3630802,EH38E3630499,32173000,32174000,31532000,31533000,2,-1
699,chr5,32276218,32276427,31532047,31532392,EH38E3630861,EH38E3630499,32276000,32277000,31532000,31533000,1,-1
700,chr5,31532449,31532615,31638859,31639208,EH38E2363142,EH38E3630532,31532000,31533000,31638000,31639000,2,-1
701,chr5,31618496,31618845,31638859,31639208,EH38E3630523,EH38E3630532,31618000,31619000,31638000,31639000,14,-1
702,chr5,31854252,31854593,31638859,31639208,EH38E3630635,EH38E3630532,31854000,31855000,31638000,31639000,4,-1
703,chr5,31854851,31855200,31638859,31639208,EH38E3630636,EH38E3630532,31854000,31855000,31638000,31639000,4,-1
704,chr5,32585879,32586227,31638859,31639208,EH38E3631044,EH38E3630532,32585000,32586000,31638000,31639000,1,-1
705,chr5,34411987,34412274,31638859,31639208,EH38E3631590,EH38E3630532,34412000,34413000,31638000,31639000,1,-1
706,chr5,34412364,34412546,31638859,31639208,EH38E2364773,EH38E3630532,34412000,34413000,31638000,31639000,1,-1
707,chr5,32173646,32173972,31638859,31639208,EH38E3630802,EH38E3630532,32173000,32174000,31639000,31640000,1,-1
708,chr5,33441228,33441383,31638859,31639208,EH38E2364331,EH38E3630532,33441000,33442000,31639000,31640000,1,-1
709,chr5,31532449,31532615,32174168,32174518,EH38E2363142,EH38E3630803,31532000,31533000,32174000,32175000,1,-1
710,chr5,31854252,31854593,32174168,32174518,EH38E3630635,EH38E3630803,31854000,31855000,32174000,32175000,1,-1
711,chr5,31854851,31855200,32174168,32174518,EH38E3630636,EH38E3630803,31854000,31855000,32174000,32175000,1,-1
712,chr5,32173646,32173972,32174168,32174518,EH38E3630802,EH38E3630803,32173000,32174000,32174000,32175000,196,-1
713,chr5,32276218,32276427,32174168,32174518,EH38E3630861,EH38E3630803,32276000,32277000,32174000,32175000,4,-1
714,chr5,32532149,32532493,32174168,32174518,EH38E3631004,EH38E3630803,32532000,32533000,32174000,32175000,1,-1
715,chr5,32585879,32586227,32174168,32174518,EH38E3631044,EH38E3630803,32585000,32586000,32174000,32175000,1,-1
716,chr5,33441228,33441383,32174168,32174518,EH38E2364331,EH38E3630803,33441000,33442000,32174000,32175000,2,-1
717,chr5,33473102,33473266,32174168,32174518,EH38E2364350,EH38E3630803,33473000,33474000,32174000,32175000,1,-1
718,chr5,33685861,33686211,32174168,32174518,EH38E2364450,EH38E3630803,33685000,33686000,32174000,32175000,1,-1
719,chr5,31618496,31618845,32312941,32313290,EH38E3630523,EH38E3630898,31618000,31619000,32312000,32313000,1,-1
720,chr5,31854851,31855200,32312941,32313290,EH38E3630636,EH38E3630898,31855000,31856000,32312000,32313000,1,-1
721,chr5,32173646,32173972,32312941,32313290,EH38E3630802,EH38E3630898,32173000,32174000,32312000,32313000,2,-1
722,chr5,32276218,32276427,32312941,32313290,EH38E3630861,EH38E3630898,32276000,32277000,32312000,32313000,3,-1
723,chr5,32585879,32586227,32312941,32313290,EH38E3631044,EH38E3630898,32585000,32586000,32312000,32313000,1,-1
724,chr5,34839470,34839632,32312941,32313290,EH38E2365168,EH38E3630898,34839000,34840000,32312000,32313000,1,-1
725,chr5,31532449,31532615,32312941,32313290,EH38E2363142,EH38E3630898,31532000,31533000,32313000,32314000,1,-1
726,chr5,33448199,33448509,32312941,32313290,EH38E3631300,EH38E3630898,33448000,33449000,32313000,32314000,2,-1
727,chr5,33685861,33686211,32312941,32313290,EH38E2364450,EH38E3630898,33686000,33687000,32313000,32314000,1,-1
728,chr5,31532449,31532615,32444631,32444981,EH38E2363142,EH38E3630964,31532000,31533000,32444000,32445000,1,-1
729,chr5,31618496,31618845,32444631,32444981,EH38E3630523,EH38E3630964,31618000,31619000,32444000,32445000,1,-1
730,chr5,31854851,31855200,32444631,32444981,EH38E3630636,EH38E3630964,31855000,31856000,32444000,32445000,1,-1
731,chr5,32173646,32173972,32444631,32444981,EH38E3630802,EH38E3630964,32173000,32174000,32444000,32445000,1,-1
732,chr5,32276218,32276427,32444631,32444981,EH38E3630861,EH38E3630964,32276000,32277000,32444000,32445000,1,-1
733,chr5,32532149,32532493,32444631,32444981,EH38E3631004,EH38E3630964,32532000,32533000,32444000,32445000,1,-1
734,chr5,32585879,32586227,32444631,32444981,EH38E3631044,EH38E3630964,32585000,32586000,32444000,32445000,6,-1
735,chr5,33441228,33441383,32444631,32444981,EH38E2364331,EH38E3630964,33441000,33442000,32444000,32445000,1,-1
736,chr5,31854851,31855200,32585377,32585721,EH38E3630636,EH38E3631043,31855000,31856000,32585000,32586000,1,-1
737,chr5,32173646,32173972,32585377,32585721,EH38E3630802,EH38E3631043,32173000,32174000,32585000,32586000,1,-1
738,chr5,32532149,32532493,32585377,32585721,EH38E3631004,EH38E3631043,32532000,32533000,32585000,32586000,5,-1
739,chr5,32585879,32586227,32585377,32585721,EH38E3631044,EH38E3631043,32585000,32586000,32585000,32586000,505,-1
740,chr5,33441228,33441383,32585377,32585721,EH38E2364331,EH38E3631043,33441000,33442000,32585000,32586000,1,-1
741,chr5,34685816,34686089,32585377,32585721,EH38E2365032,EH38E3631043,34686000,34687000,32585000,32586000,1,-1
742,chr5,34686767,34687114,32585377,32585721,EH38E2365034,EH38E3631043,34686000,34687000,32585000,32586000,1,-1
743,chr5,32532149,32532493,32710508,32710718,EH38E3631004,EH38E2363943,32532000,32533000,32710000,32711000,2,-1
744,chr5,33441228,33441383,32710508,32710718,EH38E2364331,EH38E2363943,33441000,33442000,32710000,32711000,1,-1
745,chr5,31618496,31618845,33440320,33440549,EH38E3630523,EH38E3631294,31618000,31619000,33440000,33441000,1,-1
746,chr5,31854851,31855200,33440320,33440549,EH38E3630636,EH38E3631294,31855000,31856000,33440000,33441000,1,-1
747,chr5,33441228,33441383,33440320,33440549,EH38E2364331,EH38E3631294,33441000,33442000,33440000,33441000,195,-1
748,chr5,34410806,34411152,33440320,33440549,EH38E3631589,EH38E3631294,34411000,34412000,33440000,33441000,2,-1
749,chr5,34411539,34411880,33440320,33440549,EH38E2364771,EH38E3631294,34411000,34412000,33440000,33441000,2,-1
750,chr5,34411987,34412274,33440320,33440549,EH38E3631590,EH38E3631294,34411000,34412000,33440000,33441000,2,-1
751,chr5,31618496,31618845,33440586,33440923,EH38E3630523,EH38E3631295,31618000,31619000,33440000,33441000,1,-1
752,chr5,31854851,31855200,33440586,33440923,EH38E3630636,EH38E3631295,31855000,31856000,33440000,33441000,1,-1
753,chr5,33441228,33441383,33440586,33440923,EH38E2364331,EH38E3631295,33441000,33442000,33440000,33441000,195,-1
754,chr5,34410806,34411152,33440586,33440923,EH38E3631589,EH38E3631295,34411000,34412000,33440000,33441000,2,-1
755,chr5,34411539,34411880,33440586,33440923,EH38E2364771,EH38E3631295,34411000,34412000,33440000,33441000,2,-1
756,chr5,34411987,34412274,33440586,33440923,EH38E3631590,EH38E3631295,34411000,34412000,33440000,33441000,2,-1
757,chr5,31854851,31855200,33441025,33441179,EH38E3630636,EH38E2364330,31855000,31856000,33441000,33442000,1,-1
758,chr5,32532149,32532493,33441025,33441179,EH38E3631004,EH38E2364330,32532000,32533000,33441000,33442000,1,-1
759,chr5,32585879,32586227,33441025,33441179,EH38E3631044,EH38E2364330,32585000,32586000,33441000,33442000,1,-1
760,chr5,33441228,33441383,33441025,33441179,EH38E2364331,EH38E2364330,33441000,33442000,33441000,33442000,608,-1
761,chr5,33448199,33448509,33441025,33441179,EH38E3631300,EH38E2364330,33448000,33449000,33441000,33442000,8,-1
762,chr5,33473102,33473266,33441025,33441179,EH38E2364350,EH38E2364330,33473000,33474000,33441000,33442000,2,-1
763,chr5,33685861,33686211,33441025,33441179,EH38E2364450,EH38E2364330,33686000,33687000,33441000,33442000,1,-1
764,chr5,34474588,34474827,33441025,33441179,EH38E3631611,EH38E2364330,34474000,34475000,33441000,33442000,1,-1
765,chr5,36240977,36241141,33441025,33441179,EH38E3632381,EH38E2364330,36241000,36242000,33441000,33442000,1,-1
766,chr5,33685861,33686211,33891796,33892085,EH38E2364450,EH38E3631451,33685000,33686000,33891000,33892000,3,-1
767,chr5,34410806,34411152,33891796,33892085,EH38E3631589,EH38E3631451,34411000,34412000,33891000,33892000,1,-1
768,chr5,34411539,34411880,33891796,33892085,EH38E2364771,EH38E3631451,34411000,34412000,33891000,33892000,1,-1
769,chr5,34411987,34412274,33891796,33892085,EH38E3631590,EH38E3631451,34411000,34412000,33891000,33892000,1,-1
770,chr5,34412364,34412546,33891796,33892085,EH38E2364773,EH38E3631451,34412000,34413000,33891000,33892000,1,-1
771,chr5,34548054,34548362,33891796,33892085,EH38E2364896,EH38E3631451,34548000,34549000,33891000,33892000,1,-1
772,chr5,35337654,35338001,33891796,33892085,EH38E2365499,EH38E3631451,35337000,35338000,33891000,33892000,1,-1
773,chr5,33441228,33441383,33891796,33892085,EH38E2364331,EH38E3631451,33441000,33442000,33892000,33893000,2,-1
774,chr5,33448199,33448509,33891796,33892085,EH38E3631300,EH38E3631451,33448000,33449000,33892000,33893000,1,-1
775,chr5,33473102,33473266,33891796,33892085,EH38E2364350,EH38E3631451,33473000,33474000,33892000,33893000,1,-1
776,chr5,32585879,32586227,34007750,34007924,EH38E3631044,EH38E2364666,32585000,32586000,34007000,34008000,1,-1
777,chr5,33441228,33441383,34007750,34007924,EH38E2364331,EH38E2364666,33441000,33442000,34007000,34008000,2,-1
778,chr5,33473102,33473266,34007750,34007924,EH38E2364350,EH38E2364666,33473000,33474000,34007000,34008000,2,-1
779,chr5,33685861,33686211,34007750,34007924,EH38E2364450,EH38E2364666,33685000,33686000,34007000,34008000,2,-1
780,chr5,34411987,34412274,34007750,34007924,EH38E3631590,EH38E2364666,34412000,34413000,34007000,34008000,1,-1
781,chr5,34412364,34412546,34007750,34007924,EH38E2364773,EH38E2364666,34412000,34413000,34007000,34008000,1,-1
782,chr5,34474588,34474827,34007750,34007924,EH38E3631611,EH38E2364666,34474000,34475000,34007000,34008000,2,-1
783,chr5,34475314,34475505,34007750,34007924,EH38E3631612,EH38E2364666,34475000,34476000,34007000,34008000,1,-1
784,chr5,34475555,34475774,34007750,34007924,EH38E3631613,EH38E2364666,34475000,34476000,34007000,34008000,1,-1
785,chr5,34717381,34717648,34007750,34007924,EH38E2365070,EH38E2364666,34717000,34718000,34007000,34008000,1,-1
786,chr5,34717701,34718045,34007750,34007924,EH38E3631766,EH38E2364666,34717000,34718000,34007000,34008000,1,-1
787,chr5,36877087,36877248,34007750,34007924,EH38E3632665,EH38E2364666,36877000,36878000,34007000,34008000,1,-1
788,chr5,32585879,32586227,34008031,34008380,EH38E3631044,EH38E2364667,32586000,32587000,34008000,34009000,2,-1
789,chr5,33441228,33441383,34008031,34008380,EH38E2364331,EH38E2364667,33441000,33442000,34008000,34009000,2,-1
790,chr5,34475314,34475505,34008031,34008380,EH38E3631612,EH38E2364667,34475000,34476000,34008000,34009000,1,-1
791,chr5,34475555,34475774,34008031,34008380,EH38E3631613,EH38E2364667,34475000,34476000,34008000,34009000,1,-1
792,chr5,34483530,34483876,34008031,34008380,EH38E3631617,EH38E2364667,34483000,34484000,34008000,34009000,1,-1
793,chr5,34474588,34474827,34656109,34656457,EH38E3631611,EH38E2364997,34474000,34475000,34656000,34657000,5,-1
794,chr5,34475314,34475505,34656109,34656457,EH38E3631612,EH38E2364997,34475000,34476000,34656000,34657000,1,-1
795,chr5,34475555,34475774,34656109,34656457,EH38E3631613,EH38E2364997,34475000,34476000,34656000,34657000,1,-1
796,chr5,34483530,34483876,34656109,34656457,EH38E3631617,EH38E2364997,34483000,34484000,34656000,34657000,3,-1
797,chr5,34548054,34548362,34656109,34656457,EH38E2364896,EH38E2364997,34548000,34549000,34656000,34657000,3,-1
798,chr5,34685816,34686089,34656109,34656457,EH38E2365032,EH38E2364997,34685000,34686000,34656000,34657000,6,-1
799,chr5,34686767,34687114,34656109,34656457,EH38E2365034,EH38E2364997,34686000,34687000,34656000,34657000,6,-1
800,chr5,34717381,34717648,34656109,34656457,EH38E2365070,EH38E2364997,34717000,34718000,34656000,34657000,9,-1
801,chr5,34717701,34718045,34656109,34656457,EH38E3631766,EH38E2364997,34717000,34718000,34656000,34657000,9,-1
802,chr5,34839470,34839632,34656109,34656457,EH38E2365168,EH38E2364997,34839000,34840000,34656000,34657000,4,-1
803,chr5,36875808,36876150,34656109,34656457,EH38E3632662,EH38E2364997,36876000,36877000,34656000,34657000,1,-1
804,chr5,34410806,34411152,34839009,34839359,EH38E3631589,EH38E3631820,34410000,34411000,34839000,34840000,1,-1
805,chr5,34474588,34474827,34839009,34839359,EH38E3631611,EH38E3631820,34474000,34475000,34839000,34840000,2,-1
806,chr5,34475314,34475505,34839009,34839359,EH38E3631612,EH38E3631820,34475000,34476000,34839000,34840000,3,-1
807,chr5,34475555,34475774,34839009,34839359,EH38E3631613,EH38E3631820,34475000,34476000,34839000,34840000,3,-1
808,chr5,34483530,34483876,34839009,34839359,EH38E3631617,EH38E3631820,34483000,34484000,34839000,34840000,7,-1
809,chr5,34548054,34548362,34839009,34839359,EH38E2364896,EH38E3631820,34548000,34549000,34839000,34840000,1,-1
810,chr5,34685816,34686089,34839009,34839359,EH38E2365032,EH38E3631820,34685000,34686000,34839000,34840000,3,-1
811,chr5,34686767,34687114,34839009,34839359,EH38E2365034,EH38E3631820,34686000,34687000,34839000,34840000,2,-1
812,chr5,34717381,34717648,34839009,34839359,EH38E2365070,EH38E3631820,34717000,34718000,34839000,34840000,3,-1
813,chr5,34717701,34718045,34839009,34839359,EH38E3631766,EH38E3631820,34717000,34718000,34839000,34840000,3,-1
814,chr5,34839470,34839632,34839009,34839359,EH38E2365168,EH38E3631820,34839000,34840000,34839000,34840000,332,-1
815,chr5,36240977,36241141,34839009,34839359,EH38E3632381,EH38E3631820,36240000,36241000,34839000,34840000,1,-1
816,chr5,34410806,34411152,34915225,34915391,EH38E3631589,EH38E3631851,34410000,34411000,34915000,34916000,1,-1
817,chr5,34411539,34411880,34915225,34915391,EH38E2364771,EH38E3631851,34411000,34412000,34915000,34916000,1,-1
818,chr5,34411987,34412274,34915225,34915391,EH38E3631590,EH38E3631851,34411000,34412000,34915000,34916000,1,-1
819,chr5,34474588,34474827,34915225,34915391,EH38E3631611,EH38E3631851,34474000,34475000,34915000,34916000,1,-1
820,chr5,34475314,34475505,34915225,34915391,EH38E3631612,EH38E3631851,34475000,34476000,34915000,34916000,6,-1
821,chr5,34475555,34475774,34915225,34915391,EH38E3631613,EH38E3631851,34475000,34476000,34915000,34916000,6,-1
822,chr5,34483530,34483876,34915225,34915391,EH38E3631617,EH38E3631851,34483000,34484000,34915000,34916000,6,-1
823,chr5,34548054,34548362,34915225,34915391,EH38E2364896,EH38E3631851,34548000,34549000,34915000,34916000,1,-1
824,chr5,34685816,34686089,34915225,34915391,EH38E2365032,EH38E3631851,34685000,34686000,34915000,34916000,1,-1
825,chr5,34717381,34717648,34915225,34915391,EH38E2365070,EH38E3631851,34717000,34718000,34915000,34916000,2,-1
826,chr5,34717701,34718045,34915225,34915391,EH38E3631766,EH38E3631851,34717000,34718000,34915000,34916000,2,-1
827,chr5,34839470,34839632,34915225,34915391,EH38E2365168,EH38E3631851,34839000,34840000,34915000,34916000,9,-1
828,chr5,36877087,36877248,34915225,34915391,EH38E3632665,EH38E3631851,36877000,36878000,34915000,34916000,1,-1
829,chr5,34410806,34411152,34915425,34915775,EH38E3631589,EH38E2365223,34410000,34411000,34915000,34916000,1,-1
830,chr5,34411539,34411880,34915425,34915775,EH38E2364771,EH38E2365223,34411000,34412000,34915000,34916000,1,-1
831,chr5,34411987,34412274,34915425,34915775,EH38E3631590,EH38E2365223,34411000,34412000,34915000,34916000,1,-1
832,chr5,34474588,34474827,34915425,34915775,EH38E3631611,EH38E2365223,34474000,34475000,34915000,34916000,1,-1
833,chr5,34475314,34475505,34915425,34915775,EH38E3631612,EH38E2365223,34475000,34476000,34915000,34916000,6,-1
834,chr5,34475555,34475774,34915425,34915775,EH38E3631613,EH38E2365223,34475000,34476000,34915000,34916000,6,-1
835,chr5,34483530,34483876,34915425,34915775,EH38E3631617,EH38E2365223,34483000,34484000,34915000,34916000,6,-1
836,chr5,34548054,34548362,34915425,34915775,EH38E2364896,EH38E2365223,34548000,34549000,34915000,34916000,1,-1
837,chr5,34685816,34686089,34915425,34915775,EH38E2365032,EH38E2365223,34685000,34686000,34915000,34916000,1,-1
838,chr5,34717381,34717648,34915425,34915775,EH38E2365070,EH38E2365223,34717000,34718000,34915000,34916000,2,-1
839,chr5,34717701,34718045,34915425,34915775,EH38E3631766,EH38E2365223,34717000,34718000,34915000,34916000,2,-1
840,chr5,34839470,34839632,34915425,34915775,EH38E2365168,EH38E2365223,34839000,34840000,34915000,34916000,9,-1
841,chr5,36877087,36877248,34915425,34915775,EH38E3632665,EH38E2365223,36877000,36878000,34915000,34916000,1,-1
842,chr5,34474588,34474827,34929250,34929600,EH38E3631611,EH38E2365240,34474000,34475000,34929000,34930000,4,-1
843,chr5,34475314,34475505,34929250,34929600,EH38E3631612,EH38E2365240,34475000,34476000,34929000,34930000,3,-1
844,chr5,34475555,34475774,34929250,34929600,EH38E3631613,EH38E2365240,34475000,34476000,34929000,34930000,3,-1
845,chr5,34483530,34483876,34929250,34929600,EH38E3631617,EH38E2365240,34483000,34484000,34929000,34930000,3,-1
846,chr5,34548054,34548362,34929250,34929600,EH38E2364896,EH38E2365240,34548000,34549000,34929000,34930000,1,-1
847,chr5,34685816,34686089,34929250,34929600,EH38E2365032,EH38E2365240,34686000,34687000,34929000,34930000,1,-1
848,chr5,34686767,34687114,34929250,34929600,EH38E2365034,EH38E2365240,34686000,34687000,34929000,34930000,1,-1
849,chr5,34474588,34474827,34929718,34929989,EH38E3631611,EH38E3631864,34474000,34475000,34929000,34930000,4,-1
850,chr5,34475314,34475505,34929718,34929989,EH38E3631612,EH38E3631864,34475000,34476000,34929000,34930000,3,-1
851,chr5,34475555,34475774,34929718,34929989,EH38E3631613,EH38E3631864,34475000,34476000,34929000,34930000,3,-1
852,chr5,34483530,34483876,34929718,34929989,EH38E3631617,EH38E3631864,34483000,34484000,34929000,34930000,3,-1
853,chr5,34548054,34548362,34929718,34929989,EH38E2364896,EH38E3631864,34548000,34549000,34929000,34930000,1,-1
854,chr5,34685816,34686089,34929718,34929989,EH38E2365032,EH38E3631864,34686000,34687000,34929000,34930000,1,-1
855,chr5,34686767,34687114,34929718,34929989,EH38E2365034,EH38E3631864,34686000,34687000,34929000,34930000,1,-1
856,chr5,34410806,34411152,34930152,34930321,EH38E3631589,EH38E3631865,34410000,34411000,34930000,34931000,1,-1
857,chr5,34411539,34411880,34930152,34930321,EH38E2364771,EH38E3631865,34411000,34412000,34930000,34931000,1,-1
858,chr5,34411987,34412274,34930152,34930321,EH38E3631590,EH38E3631865,34411000,34412000,34930000,34931000,1,-1
859,chr5,34474588,34474827,34930152,34930321,EH38E3631611,EH38E3631865,34474000,34475000,34930000,34931000,3,-1
860,chr5,34475314,34475505,34930152,34930321,EH38E3631612,EH38E3631865,34475000,34476000,34930000,34931000,3,-1
861,chr5,34475555,34475774,34930152,34930321,EH38E3631613,EH38E3631865,34475000,34476000,34930000,34931000,3,-1
862,chr5,34483530,34483876,34930152,34930321,EH38E3631617,EH38E3631865,34483000,34484000,34930000,34931000,2,-1
863,chr5,34548054,34548362,34930152,34930321,EH38E2364896,EH38E3631865,34548000,34549000,34930000,34931000,1,-1
864,chr5,34685816,34686089,34930152,34930321,EH38E2365032,EH38E3631865,34685000,34686000,34930000,34931000,1,-1
865,chr5,34686767,34687114,34930152,34930321,EH38E2365034,EH38E3631865,34686000,34687000,34930000,34931000,1,-1
866,chr5,34717381,34717648,34930152,34930321,EH38E2365070,EH38E3631865,34717000,34718000,34930000,34931000,1,-1
867,chr5,34717701,34718045,34930152,34930321,EH38E3631766,EH38E3631865,34717000,34718000,34930000,34931000,1,-1
868,chr5,34839470,34839632,34930152,34930321,EH38E2365168,EH38E3631865,34839000,34840000,34930000,34931000,1,-1
869,chr5,37249628,37249922,34930152,34930321,EH38E2366532,EH38E3631865,37249000,37250000,34930000,34931000,1,-1
870,chr5,34410806,34411152,35617627,35617956,EH38E3631589,EH38E2365604,34411000,34412000,35617000,35618000,1,-1
871,chr5,34411539,34411880,35617627,35617956,EH38E2364771,EH38E2365604,34411000,34412000,35617000,35618000,1,-1
872,chr5,34411987,34412274,35617627,35617956,EH38E3631590,EH38E2365604,34411000,34412000,35617000,35618000,1,-1
873,chr5,34475314,34475505,35617627,35617956,EH38E3631612,EH38E2365604,34475000,34476000,35617000,35618000,1,-1
874,chr5,34475555,34475774,35617627,35617956,EH38E3631613,EH38E2365604,34475000,34476000,35617000,35618000,1,-1
875,chr5,35337654,35338001,35617627,35617956,EH38E2365499,EH38E2365604,35338000,35339000,35617000,35618000,2,-1
876,chr5,34410806,34411152,35617971,35618166,EH38E3631589,EH38E3632100,34411000,34412000,35617000,35618000,1,-1
877,chr5,34411539,34411880,35617971,35618166,EH38E2364771,EH38E3632100,34411000,34412000,35617000,35618000,1,-1
878,chr5,34411987,34412274,35617971,35618166,EH38E3631590,EH38E3632100,34411000,34412000,35617000,35618000,1,-1
879,chr5,34475314,34475505,35617971,35618166,EH38E3631612,EH38E3632100,34475000,34476000,35617000,35618000,1,-1
880,chr5,34475555,34475774,35617971,35618166,EH38E3631613,EH38E3632100,34475000,34476000,35617000,35618000,1,-1
881,chr5,35337654,35338001,35617971,35618166,EH38E2365499,EH38E3632100,35338000,35339000,35617000,35618000,2,-1
882,chr5,36240977,36241141,35617971,35618166,EH38E3632381,EH38E3632100,36240000,36241000,35618000,35619000,1,-1
883,chr5,36875808,36876150,35617971,35618166,EH38E3632662,EH38E3632100,36876000,36877000,35618000,35619000,1,-1
884,chr5,37371444,37371594,35617971,35618166,EH38E3632793,EH38E3632100,37371000,37372000,35618000,35619000,1,-1
885,chr5,34410806,34411152,35991332,35991681,EH38E3631589,EH38E2365838,34411000,34412000,35991000,35992000,1,-1
886,chr5,34411539,34411880,35991332,35991681,EH38E2364771,EH38E2365838,34411000,34412000,35991000,35992000,1,-1
887,chr5,34411987,34412274,35991332,35991681,EH38E3631590,EH38E2365838,34411000,34412000,35991000,35992000,1,-1
888,chr5,35337654,35338001,35991332,35991681,EH38E2365499,EH38E2365838,35338000,35339000,35991000,35992000,1,-1
889,chr5,36240977,36241141,35991332,35991681,EH38E3632381,EH38E2365838,36240000,36241000,35991000,35992000,2,-1
890,chr5,36744994,36745167,35991332,35991681,EH38E3632623,EH38E2365838,36745000,36746000,35991000,35992000,1,-1
891,chr5,36745187,36745536,35991332,35991681,EH38E3632624,EH38E2365838,36745000,36746000,35991000,35992000,1,-1
892,chr5,36745606,36745786,35991332,35991681,EH38E3632625,EH38E2365838,36745000,36746000,35991000,35992000,1,-1
893,chr5,33441228,33441383,36066821,36067113,EH38E2364331,EH38E2365873,33441000,33442000,36066000,36067000,1,-1
894,chr5,33685861,33686211,36066821,36067113,EH38E2364450,EH38E2365873,33686000,33687000,36066000,36067000,1,-1
895,chr5,36240977,36241141,36066821,36067113,EH38E3632381,EH38E2365873,36240000,36241000,36066000,36067000,2,-1
896,chr5,36875808,36876150,36066821,36067113,EH38E3632662,EH38E2365873,36875000,36876000,36066000,36067000,2,-1
897,chr5,34410806,34411152,36066821,36067113,EH38E3631589,EH38E2365873,34411000,34412000,36067000,36068000,1,-1
898,chr5,34411539,34411880,36066821,36067113,EH38E2364771,EH38E2365873,34411000,34412000,36067000,36068000,1,-1
899,chr5,34411987,34412274,36066821,36067113,EH38E3631590,EH38E2365873,34411000,34412000,36067000,36068000,1,-1
900,chr5,36619008,36619358,36066821,36067113,EH38E3632534,EH38E2365873,36619000,36620000,36067000,36068000,1,-1
901,chr5,34685816,34686089,36151833,36152181,EH38E2365032,EH38E3632339,34686000,34687000,36151000,36152000,1,-1
902,chr5,34686767,34687114,36151833,36152181,EH38E2365034,EH38E3632339,34686000,34687000,36151000,36152000,1,-1
903,chr5,35337654,35338001,36151833,36152181,EH38E2365499,EH38E3632339,35337000,35338000,36151000,36152000,2,-1
904,chr5,36240977,36241141,36151833,36152181,EH38E3632381,EH38E3632339,36240000,36241000,36151000,36152000,2,-1
905,chr5,36619008,36619358,36151833,36152181,EH38E3632534,EH38E3632339,36619000,36620000,36151000,36152000,1,-1
906,chr5,36744556,36744902,36151833,36152181,EH38E3632622,EH38E3632339,36744000,36745000,36151000,36152000,1,-1
907,chr5,36744994,36745167,36151833,36152181,EH38E3632623,EH38E3632339,36744000,36745000,36151000,36152000,1,-1
908,chr5,36875808,36876150,36151833,36152181,EH38E3632662,EH38E3632339,36875000,36876000,36151000,36152000,1,-1
909,chr5,36877087,36877248,36151833,36152181,EH38E3632665,EH38E3632339,36877000,36878000,36151000,36152000,1,-1
910,chr5,33473102,33473266,36151833,36152181,EH38E2364350,EH38E3632339,33473000,33474000,36152000,36153000,1,-1
911,chr5,37249628,37249922,36151833,36152181,EH38E2366532,EH38E3632339,37249000,37250000,36152000,36153000,1,-1
912,chr5,38556922,38557183,36151833,36152181,EH38E2367088,EH38E3632339,38556000,38557000,36152000,36153000,1,-1
913,chr5,33473102,33473266,36152204,36152400,EH38E2364350,EH38E3632340,33473000,33474000,36152000,36153000,1,-1
914,chr5,36240977,36241141,36152204,36152400,EH38E3632381,EH38E3632340,36240000,36241000,36152000,36153000,1,-1
915,chr5,37249628,37249922,36152204,36152400,EH38E2366532,EH38E3632340,37249000,37250000,36152000,36153000,1,-1
916,chr5,38556922,38557183,36152204,36152400,EH38E2367088,EH38E3632340,38556000,38557000,36152000,36153000,1,-1
917,chr5,33441228,33441383,36241199,36241548,EH38E2364331,EH38E2365972,33441000,33442000,36241000,36242000,1,-1
918,chr5,36240977,36241141,36241199,36241548,EH38E3632381,EH38E2365972,36240000,36241000,36241000,36242000,159,-1
919,chr5,36240977,36241141,36241199,36241548,EH38E3632381,EH38E2365972,36241000,36242000,36241000,36242000,488,-1
920,chr5,36619008,36619358,36241199,36241548,EH38E3632534,EH38E2365972,36619000,36620000,36241000,36242000,2,-1
921,chr5,36875808,36876150,36241199,36241548,EH38E3632662,EH38E2365972,36875000,36876000,36241000,36242000,1,-1
922,chr5,38556922,38557183,36241199,36241548,EH38E2367088,EH38E2365972,38557000,38558000,36241000,36242000,1,-1
923,chr5,38557184,38557358,36241199,36241548,EH38E3633194,EH38E2365972,38557000,38558000,36241000,36242000,1,-1
924,chr5,33441228,33441383,36241676,36242026,EH38E2364331,EH38E3632382,33441000,33442000,36241000,36242000,1,-1
925,chr5,36240977,36241141,36241676,36242026,EH38E3632381,EH38E3632382,36240000,36241000,36241000,36242000,159,-1
926,chr5,36240977,36241141,36241676,36242026,EH38E3632381,EH38E3632382,36241000,36242000,36241000,36242000,488,-1
927,chr5,36619008,36619358,36241676,36242026,EH38E3632534,EH38E3632382,36619000,36620000,36241000,36242000,2,-1
928,chr5,36875808,36876150,36241676,36242026,EH38E3632662,EH38E3632382,36875000,36876000,36241000,36242000,1,-1
929,chr5,38556922,38557183,36241676,36242026,EH38E2367088,EH38E3632382,38557000,38558000,36241000,36242000,1,-1
930,chr5,38557184,38557358,36241676,36242026,EH38E3633194,EH38E3632382,38557000,38558000,36241000,36242000,1,-1
931,chr5,37249628,37249922,36241676,36242026,EH38E2366532,EH38E3632382,37249000,37250000,36242000,36243000,2,-1
932,chr5,36240977,36241141,36242040,36242390,EH38E3632381,EH38E2365974,36240000,36241000,36242000,36243000,36,-1
933,chr5,36875808,36876150,36242040,36242390,EH38E3632662,EH38E2365974,36875000,36876000,36242000,36243000,1,-1
934,chr5,37249628,37249922,36242040,36242390,EH38E2366532,EH38E2365974,37249000,37250000,36242000,36243000,2,-1
935,chr5,36240977,36241141,36596240,36596586,EH38E3632381,EH38E2366181,36241000,36242000,36596000,36597000,1,-1
936,chr5,36619008,36619358,36596240,36596586,EH38E3632534,EH38E2366181,36619000,36620000,36596000,36597000,2,-1
937,chr5,36744994,36745167,36596240,36596586,EH38E3632623,EH38E2366181,36745000,36746000,36596000,36597000,1,-1
938,chr5,36745187,36745536,36596240,36596586,EH38E3632624,EH38E2366181,36745000,36746000,36596000,36597000,1,-1
939,chr5,36745606,36745786,36596240,36596586,EH38E3632625,EH38E2366181,36745000,36746000,36596000,36597000,1,-1
940,chr5,37249628,37249922,36596240,36596586,EH38E2366532,EH38E2366181,37249000,37250000,36596000,36597000,1,-1
941,chr5,34717701,34718045,36606332,36606678,EH38E3631766,EH38E2366193,34718000,34719000,36606000,36607000,1,-1
942,chr5,35337654,35338001,36606332,36606678,EH38E2365499,EH38E2366193,35338000,35339000,36606000,36607000,1,-1
943,chr5,36240977,36241141,36606332,36606678,EH38E3632381,EH38E2366193,36240000,36241000,36606000,36607000,1,-1
944,chr5,36619008,36619358,36606332,36606678,EH38E3632534,EH38E2366193,36619000,36620000,36606000,36607000,10,-1
945,chr5,36744994,36745167,36606332,36606678,EH38E3632623,EH38E2366193,36745000,36746000,36606000,36607000,2,-1
946,chr5,36745187,36745536,36606332,36606678,EH38E3632624,EH38E2366193,36745000,36746000,36606000,36607000,2,-1
947,chr5,36745606,36745786,36606332,36606678,EH38E3632625,EH38E2366193,36745000,36746000,36606000,36607000,2,-1
948,chr5,34717701,34718045,36606713,36606933,EH38E3631766,EH38E2366194,34718000,34719000,36606000,36607000,1,-1
949,chr5,35337654,35338001,36606713,36606933,EH38E2365499,EH38E2366194,35338000,35339000,36606000,36607000,1,-1
950,chr5,36240977,36241141,36606713,36606933,EH38E3632381,EH38E2366194,36240000,36241000,36606000,36607000,1,-1
951,chr5,36619008,36619358,36606713,36606933,EH38E3632534,EH38E2366194,36619000,36620000,36606000,36607000,10,-1
952,chr5,36744994,36745167,36606713,36606933,EH38E3632623,EH38E2366194,36745000,36746000,36606000,36607000,2,-1
953,chr5,36745187,36745536,36606713,36606933,EH38E3632624,EH38E2366194,36745000,36746000,36606000,36607000,2,-1
954,chr5,36745606,36745786,36606713,36606933,EH38E3632625,EH38E2366194,36745000,36746000,36606000,36607000,2,-1
955,chr5,34717381,34717648,36876551,36876900,EH38E2365070,EH38E3632663,34717000,34718000,36876000,36877000,1,-1
956,chr5,34717701,34718045,36876551,36876900,EH38E3631766,EH38E3632663,34717000,34718000,36876000,36877000,1,-1
957,chr5,36240977,36241141,36876551,36876900,EH38E3632381,EH38E3632663,36240000,36241000,36876000,36877000,1,-1
958,chr5,36744556,36744902,36876551,36876900,EH38E3632622,EH38E3632663,36744000,36745000,36876000,36877000,12,-1
959,chr5,36744994,36745167,36876551,36876900,EH38E3632623,EH38E3632663,36744000,36745000,36876000,36877000,12,-1
960,chr5,36745187,36745536,36876551,36876900,EH38E3632624,EH38E3632663,36745000,36746000,36876000,36877000,15,-1
961,chr5,36745606,36745786,36876551,36876900,EH38E3632625,EH38E3632663,36745000,36746000,36876000,36877000,15,-1
962,chr5,36875808,36876150,36876551,36876900,EH38E3632662,EH38E3632663,36875000,36876000,36876000,36877000,241,-1
963,chr5,36875808,36876150,36876551,36876900,EH38E3632662,EH38E3632663,36876000,36877000,36876000,36877000,492,-1
964,chr5,36877087,36877248,36876551,36876900,EH38E3632665,EH38E3632663,36877000,36878000,36876000,36877000,413,-1
965,chr5,37249628,37249922,36876551,36876900,EH38E2366532,EH38E3632663,37249000,37250000,36876000,36877000,3,-1
966,chr5,36240977,36241141,37248951,37249195,EH38E3632381,EH38E2366530,36240000,36241000,37248000,37249000,1,-1
967,chr5,36619008,36619358,37248951,37249195,EH38E3632534,EH38E2366530,36619000,36620000,37248000,37249000,1,-1
968,chr5,36744556,36744902,37248951,37249195,EH38E3632622,EH38E2366530,36744000,36745000,37248000,37249000,2,-1
969,chr5,36744994,36745167,37248951,37249195,EH38E3632623,EH38E2366530,36744000,36745000,37248000,37249000,2,-1
970,chr5,36745187,36745536,37248951,37249195,EH38E3632624,EH38E2366530,36745000,36746000,37249000,37250000,3,-1
971,chr5,36745606,36745786,37248951,37249195,EH38E3632625,EH38E2366530,36745000,36746000,37249000,37250000,3,-1
972,chr5,36875808,36876150,37248951,37249195,EH38E3632662,EH38E2366530,36875000,36876000,37249000,37250000,1,-1
973,chr5,36877087,36877248,37248951,37249195,EH38E3632665,EH38E2366530,36877000,36878000,37249000,37250000,1,-1
974,chr5,37249628,37249922,37248951,37249195,EH38E2366532,EH38E2366530,37249000,37250000,37249000,37250000,353,-1
975,chr5,37371444,37371594,37248951,37249195,EH38E3632793,EH38E2366530,37371000,37372000,37249000,37250000,5,-1
976,chr5,36619008,36619358,37249209,37249558,EH38E3632534,EH38E2366531,36619000,36620000,37249000,37250000,1,-1
977,chr5,36744994,36745167,37249209,37249558,EH38E3632623,EH38E2366531,36745000,36746000,37249000,37250000,3,-1
978,chr5,36745187,36745536,37249209,37249558,EH38E3632624,EH38E2366531,36745000,36746000,37249000,37250000,3,-1
979,chr5,36745606,36745786,37249209,37249558,EH38E3632625,EH38E2366531,36745000,36746000,37249000,37250000,3,-1
980,chr5,36875808,36876150,37249209,37249558,EH38E3632662,EH38E2366531,36875000,36876000,37249000,37250000,1,-1
981,chr5,36877087,36877248,37249209,37249558,EH38E3632665,EH38E2366531,36877000,36878000,37249000,37250000,1,-1
982,chr5,37249628,37249922,37249209,37249558,EH38E2366532,EH38E2366531,37249000,37250000,37249000,37250000,353,-1
983,chr5,37371444,37371594,37249209,37249558,EH38E3632793,EH38E2366531,37371000,37372000,37249000,37250000,5,-1
984,chr5,36744556,36744902,37370783,37370974,EH38E3632622,EH38E3632791,36744000,36745000,37370000,37371000,1,-1
985,chr5,36744994,36745167,37370783,37370974,EH38E3632623,EH38E3632791,36744000,36745000,37370000,37371000,1,-1
986,chr5,36875808,36876150,37370783,37370974,EH38E3632662,EH38E3632791,36875000,36876000,37370000,37371000,1,-1
987,chr5,37249628,37249922,37370783,37370974,EH38E2366532,EH38E3632791,37249000,37250000,37370000,37371000,3,-1
988,chr5,37371444,37371594,37370783,37370974,EH38E3632793,EH38E3632791,37371000,37372000,37370000,37371000,155,-1
989,chr5,36744556,36744902,37371072,37371420,EH38E3632622,EH38E3632792,36744000,36745000,37371000,37372000,2,-1
990,chr5,36744994,36745167,37371072,37371420,EH38E3632623,EH38E3632792,36744000,36745000,37371000,37372000,2,-1
991,chr5,36745187,36745536,37371072,37371420,EH38E3632624,EH38E3632792,36745000,36746000,37371000,37372000,2,-1
992,chr5,36745606,36745786,37371072,37371420,EH38E3632625,EH38E3632792,36745000,36746000,37371000,37372000,2,-1
993,chr5,36875808,36876150,37371072,37371420,EH38E3632662,EH38E3632792,36875000,36876000,37371000,37372000,1,-1
994,chr5,37249628,37249922,37371072,37371420,EH38E2366532,EH38E3632792,37249000,37250000,37371000,37372000,5,-1
995,chr5,37371444,37371594,37371072,37371420,EH38E3632793,EH38E3632792,37371000,37372000,37371000,37372000,179,-1
996,chr5,39074846,39075173,37371072,37371420,EH38E2367437,EH38E3632792,39074000,39075000,37371000,37372000,1,-1
997,chr5,36744556,36744902,37379039,37379388,EH38E3632622,EH38E2366562,36744000,36745000,37379000,37380000,1,-1
998,chr5,36744994,36745167,37379039,37379388,EH38E3632623,EH38E2366562,36744000,36745000,37379000,37380000,1,-1
999,chr5,36875808,36876150,37379039,37379388,EH38E3632662,EH38E2366562,36876000,36877000,37379000,37380000,1,-1
1000,chr5,36877087,36877248,37379039,37379388,EH38E3632665,EH38E2366562,36877000,36878000,37379000,37380000,1,-1
1001,chr5,37371444,37371594,37379039,37379388,EH38E3632793,EH38E2366562,37371000,37372000,37379000,37380000,9,-1
1002,chr5,36240977,36241141,37834713,37835042,EH38E3632381,EH38E3632925,36241000,36242000,37834000,37835000,1,-1
1003,chr5,37249628,37249922,37834713,37835042,EH38E2366532,EH38E3632925,37249000,37250000,37834000,37835000,1,-1
1004,chr5,38556922,38557183,37834713,37835042,EH38E2367088,EH38E3632925,38556000,38557000,37834000,37835000,1,-1
1005,chr5,36744994,36745167,37834713,37835042,EH38E3632623,EH38E3632925,36745000,36746000,37835000,37836000,1,-1
1006,chr5,36745187,36745536,37834713,37835042,EH38E3632624,EH38E3632925,36745000,36746000,37835000,37836000,1,-1
1007,chr5,36745606,36745786,37834713,37835042,EH38E3632625,EH38E3632925,36745000,36746000,37835000,37836000,1,-1
1008,chr5,37371444,37371594,37834713,37835042,EH38E3632793,EH38E3632925,37371000,37372000,37835000,37836000,4,-1
1009,chr5,39021433,39021773,37834713,37835042,EH38E2367405,EH38E3632925,39021000,39022000,37835000,37836000,1,-1
1010,chr5,39074846,39075173,37834713,37835042,EH38E2367437,EH38E3632925,39074000,39075000,37835000,37836000,1,-1
1011,chr5,37249628,37249922,37839736,37839995,EH38E2366532,EH38E3632939,37249000,37250000,37839000,37840000,1,-1
1012,chr5,37371444,37371594,37839736,37839995,EH38E3632793,EH38E3632939,37371000,37372000,37839000,37840000,1,-1
1013,chr5,40797424,40797753,37839736,37839995,EH38E3634143,EH38E3632939,40797000,40798000,37839000,37840000,1,-1
1014,chr5,40797863,40798065,37839736,37839995,EH38E2368443,EH38E3632939,40797000,40798000,37839000,37840000,1,-1
1015,chr5,36744994,36745167,37840285,37840489,EH38E3632623,EH38E3632941,36745000,36746000,37840000,37841000,1,-1
1016,chr5,36745187,36745536,37840285,37840489,EH38E3632624,EH38E3632941,36745000,36746000,37840000,37841000,1,-1
1017,chr5,36745606,36745786,37840285,37840489,EH38E3632625,EH38E3632941,36745000,36746000,37840000,37841000,1,-1
1018,chr5,36875808,36876150,37840285,37840489,EH38E3632662,EH38E3632941,36876000,36877000,37840000,37841000,2,-1
1019,chr5,36877087,36877248,37840285,37840489,EH38E3632665,EH38E3632941,36877000,36878000,37840000,37841000,1,-1
1020,chr5,37371444,37371594,37840285,37840489,EH38E3632793,EH38E3632941,37371000,37372000,37840000,37841000,1,-1
1021,chr5,36875808,36876150,38258292,38258642,EH38E3632662,EH38E3633066,36875000,36876000,38258000,38259000,1,-1
1022,chr5,38556922,38557183,38258292,38258642,EH38E2367088,EH38E3633066,38556000,38557000,38258000,38259000,1,-1
1023,chr5,38557184,38557358,38258292,38258642,EH38E3633194,EH38E3633066,38557000,38558000,38258000,38259000,2,-1
1024,chr5,38556922,38557183,38556543,38556893,EH38E2367088,EH38E3633193,38556000,38557000,38556000,38557000,126,-1
1025,chr5,38557184,38557358,38556543,38556893,EH38E3633194,EH38E3633193,38557000,38558000,38556000,38557000,155,-1
1026,chr5,39074846,39075173,38556543,38556893,EH38E2367437,EH38E3633193,39074000,39075000,38556000,38557000,1,-1
1027,chr5,38556922,38557183,38845724,38846072,EH38E2367088,EH38E2367324,38556000,38557000,38845000,38846000,1,-1
1028,chr5,39074846,39075173,38845724,38846072,EH38E2367437,EH38E2367324,39074000,39075000,38845000,38846000,2,-1
1029,chr5,36744994,36745167,38845724,38846072,EH38E3632623,EH38E2367324,36745000,36746000,38846000,38847000,2,-1
1030,chr5,36745187,36745536,38845724,38846072,EH38E3632624,EH38E2367324,36745000,36746000,38846000,38847000,2,-1
1031,chr5,36745606,36745786,38845724,38846072,EH38E3632625,EH38E2367324,36745000,36746000,38846000,38847000,2,-1
1032,chr5,38557184,38557358,38845724,38846072,EH38E3633194,EH38E2367324,38557000,38558000,38846000,38847000,4,-1
1033,chr5,36240977,36241141,39074276,39074622,EH38E3632381,EH38E3633396,36240000,36241000,39074000,39075000,1,-1
1034,chr5,36877087,36877248,39074276,39074622,EH38E3632665,EH38E3633396,36877000,36878000,39074000,39075000,1,-1
1035,chr5,37371444,37371594,39074276,39074622,EH38E3632793,EH38E3633396,37371000,37372000,39074000,39075000,1,-1
1036,chr5,38556922,38557183,39074276,39074622,EH38E2367088,EH38E3633396,38556000,38557000,39074000,39075000,1,-1
1037,chr5,38557184,38557358,39074276,39074622,EH38E3633194,EH38E3633396,38557000,38558000,39074000,39075000,1,-1
1038,chr5,39021433,39021773,39074276,39074622,EH38E2367405,EH38E3633396,39021000,39022000,39074000,39075000,5,-1
1039,chr5,39074846,39075173,39074276,39074622,EH38E2367437,EH38E3633396,39074000,39075000,39074000,39075000,224,-1
1040,chr5,39021433,39021773,39424867,39425176,EH38E2367405,EH38E3633628,39021000,39022000,39424000,39425000,1,-1
1041,chr5,39074846,39075173,39424867,39425176,EH38E2367437,EH38E3633628,39074000,39075000,39424000,39425000,1,-1
1042,chr5,40797863,40798065,39424867,39425176,EH38E2368443,EH38E3633628,40798000,40799000,39424000,39425000,1,-1
1043,chr5,40797424,40797753,39424867,39425176,EH38E3634143,EH38E3633628,40797000,40798000,39425000,39426000,1,-1
1044,chr5,39074846,39075173,39425179,39425413,EH38E2367437,EH38E3633629,39075000,39076000,39425000,39426000,1,-1
1045,chr5,40797424,40797753,39425179,39425413,EH38E3634143,EH38E3633629,40797000,40798000,39425000,39426000,1,-1
1046,chr5,40797863,40798065,39425179,39425413,EH38E2368443,EH38E3633629,40797000,40798000,39425000,39426000,1,-1
1047,chr5,40797424,40797753,40679600,40679949,EH38E3634143,EH38E3634090,40797000,40798000,40679000,40680000,2,-1
1048,chr5,40797863,40798065,40679600,40679949,EH38E2368443,EH38E3634090,40797000,40798000,40679000,40680000,2,-1
1049,chr5,40835474,40835710,40679600,40679949,EH38E2368478,EH38E3634090,40835000,40836000,40679000,40680000,1,-1
1050,chr5,40835725,40835883,40679600,40679949,EH38E2368479,EH38E3634090,40835000,40836000,40679000,40680000,1,-1
1051,chr5,43120839,43121011,40679600,40679949,EH38E2369453,EH38E3634090,43120000,43121000,40679000,40680000,1,-1
1052,chr5,39074846,39075173,40680007,40680172,EH38E2367437,EH38E2368374,39074000,39075000,40680000,40681000,1,-1
1053,chr5,40797424,40797753,40680007,40680172,EH38E3634143,EH38E2368374,40797000,40798000,40680000,40681000,2,-1
1054,chr5,40797863,40798065,40680007,40680172,EH38E2368443,EH38E2368374,40797000,40798000,40680000,40681000,2,-1
1055,chr5,42812015,42812300,40680007,40680172,EH38E2369216,EH38E2368374,42812000,42813000,40680000,40681000,1,-1
1056,chr5,43063860,43064200,40680007,40680172,EH38E3634791,EH38E2368374,43064000,43065000,40680000,40681000,1,-1
1057,chr5,43064831,43065128,40680007,40680172,EH38E3634793,EH38E2368374,43064000,43065000,40680000,40681000,1,-1
1058,chr5,43120839,43121011,40680007,40680172,EH38E2369453,EH38E2368374,43121000,43122000,40680000,40681000,1,-1
1059,chr5,43121102,43121253,40680007,40680172,EH38E2369454,EH38E2368374,43121000,43122000,40680000,40681000,1,-1
1060,chr5,40797424,40797753,40755828,40756178,EH38E3634143,EH38E3634128,40797000,40798000,40756000,40757000,22,-1
1061,chr5,40797863,40798065,40755828,40756178,EH38E2368443,EH38E3634128,40797000,40798000,40756000,40757000,22,-1
1062,chr5,40835474,40835710,40755828,40756178,EH38E2368478,EH38E3634128,40835000,40836000,40756000,40757000,6,-1
1063,chr5,40835725,40835883,40755828,40756178,EH38E2368479,EH38E3634128,40835000,40836000,40756000,40757000,6,-1
1064,chr5,43557325,43557482,40755828,40756178,EH38E3635006,EH38E3634128,43557000,43558000,40756000,40757000,1,-1
1065,chr5,39074846,39075173,40798104,40798454,EH38E2367437,EH38E3634144,39075000,39076000,40798000,40799000,1,-1
1066,chr5,40797424,40797753,40798104,40798454,EH38E3634143,EH38E3634144,40797000,40798000,40798000,40799000,221,-1
1067,chr5,40797863,40798065,40798104,40798454,EH38E2368443,EH38E3634144,40797000,40798000,40798000,40799000,221,-1
1068,chr5,40797863,40798065,40798104,40798454,EH38E2368443,EH38E3634144,40798000,40799000,40798000,40799000,361,-1
1069,chr5,40835474,40835710,40798104,40798454,EH38E2368478,EH38E3634144,40835000,40836000,40798000,40799000,17,-1
1070,chr5,40835725,40835883,40798104,40798454,EH38E2368479,EH38E3634144,40835000,40836000,40798000,40799000,17,-1
1071,chr5,43066822,43067114,40798104,40798454,EH38E3634799,EH38E3634144,43067000,43068000,40798000,40799000,1,-1
1072,chr5,43483182,43483484,40798104,40798454,EH38E3634974,EH38E3634144,43483000,43484000,40798000,40799000,1,-1
1073,chr5,43483494,43483666,40798104,40798454,EH38E3634975,EH38E3634144,43483000,43484000,40798000,40799000,1,-1
1074,chr5,38556922,38557183,40835115,40835465,EH38E2367088,EH38E2368477,38557000,38558000,40835000,40836000,1,-1
1075,chr5,38557184,38557358,40835115,40835465,EH38E3633194,EH38E2368477,38557000,38558000,40835000,40836000,1,-1
1076,chr5,40797424,40797753,40835115,40835465,EH38E3634143,EH38E2368477,40797000,40798000,40835000,40836000,4,-1
1077,chr5,40797863,40798065,40835115,40835465,EH38E2368443,EH38E2368477,40797000,40798000,40835000,40836000,4,-1
1078,chr5,40835474,40835710,40835115,40835465,EH38E2368478,EH38E2368477,40835000,40836000,40835000,40836000,349,-1
1079,chr5,40835725,40835883,40835115,40835465,EH38E2368479,EH38E2368477,40835000,40836000,40835000,40836000,349,-1
1080,chr5,43063860,43064200,40835115,40835465,EH38E3634791,EH38E2368477,43064000,43065000,40835000,40836000,1,-1
1081,chr5,43064831,43065128,40835115,40835465,EH38E3634793,EH38E2368477,43064000,43065000,40835000,40836000,1,-1
1082,chr5,43556367,43556597,40835115,40835465,EH38E3635003,EH38E2368477,43556000,43557000,40835000,40836000,1,-1
1083,chr5,43556773,43556973,40835115,40835465,EH38E3635004,EH38E2368477,43556000,43557000,40835000,40836000,1,-1
1084,chr5,40797863,40798065,41510500,41510843,EH38E2368443,EH38E2368744,40798000,40799000,41510000,41511000,1,-1
1085,chr5,40835474,40835710,41510500,41510843,EH38E2368478,EH38E2368744,40835000,40836000,41510000,41511000,2,-1
1086,chr5,40835725,40835883,41510500,41510843,EH38E2368479,EH38E2368744,40835000,40836000,41510000,41511000,2,-1
1087,chr5,42812015,42812300,41510500,41510843,EH38E2369216,EH38E2368744,42812000,42813000,41510000,41511000,1,-1
1088,chr5,43483182,43483484,41510500,41510843,EH38E3634974,EH38E2368744,43483000,43484000,41510000,41511000,1,-1
1089,chr5,43483494,43483666,41510500,41510843,EH38E3634975,EH38E2368744,43483000,43484000,41510000,41511000,1,-1
1090,chr5,40835474,40835710,41869911,41870122,EH38E2368478,EH38E3634394,40835000,40836000,41869000,41870000,1,-1
1091,chr5,40835725,40835883,41869911,41870122,EH38E2368479,EH38E3634394,40835000,40836000,41869000,41870000,1,-1
1092,chr5,43066135,43066287,41869911,41870122,EH38E2369413,EH38E3634394,43066000,43067000,41869000,41870000,1,-1
1093,chr5,43066310,43066516,41869911,41870122,EH38E3634797,EH38E3634394,43066000,43067000,41869000,41870000,1,-1
1094,chr5,43066521,43066745,41869911,41870122,EH38E3634798,EH38E3634394,43066000,43067000,41869000,41870000,1,-1
1095,chr5,43066822,43067114,41869911,41870122,EH38E3634799,EH38E3634394,43066000,43067000,41869000,41870000,1,-1
1096,chr5,43557325,43557482,41869911,41870122,EH38E3635006,EH38E3634394,43557000,43558000,41869000,41870000,1,-1
1097,chr5,40797424,40797753,41869911,41870122,EH38E3634143,EH38E3634394,40797000,40798000,41870000,41871000,1,-1
1098,chr5,40797863,40798065,41869911,41870122,EH38E2368443,EH38E3634394,40797000,40798000,41870000,41871000,1,-1
1099,chr5,42950419,42950580,41869911,41870122,EH38E3634697,EH38E3634394,42950000,42951000,41870000,41871000,2,-1
1100,chr5,42950590,42950940,41869911,41870122,EH38E2369288,EH38E3634394,42950000,42951000,41870000,41871000,2,-1
1101,chr5,43120839,43121011,41869911,41870122,EH38E2369453,EH38E3634394,43121000,43122000,41870000,41871000,3,-1
1102,chr5,43121102,43121253,41869911,41870122,EH38E2369454,EH38E3634394,43121000,43122000,41870000,41871000,3,-1
1103,chr5,44809242,44809565,41869911,41870122,EH38E3635244,EH38E3634394,44809000,44810000,41870000,41871000,1,-1
1104,chr5,44809722,44810049,41869911,41870122,EH38E3635245,EH38E3634394,44809000,44810000,41870000,41871000,1,-1
1105,chr5,40797424,40797753,41870348,41870697,EH38E3634143,EH38E3634395,40797000,40798000,41870000,41871000,1,-1
1106,chr5,40797863,40798065,41870348,41870697,EH38E2368443,EH38E3634395,40797000,40798000,41870000,41871000,1,-1
1107,chr5,42950419,42950580,41870348,41870697,EH38E3634697,EH38E3634395,42950000,42951000,41870000,41871000,2,-1
1108,chr5,42950590,42950940,41870348,41870697,EH38E2369288,EH38E3634395,42950000,42951000,41870000,41871000,2,-1
1109,chr5,43066135,43066287,41870348,41870697,EH38E2369413,EH38E3634395,43066000,43067000,41870000,41871000,1,-1
1110,chr5,43066310,43066516,41870348,41870697,EH38E3634797,EH38E3634395,43066000,43067000,41870000,41871000,1,-1
1111,chr5,43066521,43066745,41870348,41870697,EH38E3634798,EH38E3634395,43066000,43067000,41870000,41871000,1,-1
1112,chr5,43066822,43067114,41870348,41870697,EH38E3634799,EH38E3634395,43066000,43067000,41870000,41871000,1,-1
1113,chr5,43120839,43121011,41870348,41870697,EH38E2369453,EH38E3634395,43121000,43122000,41870000,41871000,3,-1
1114,chr5,43121102,43121253,41870348,41870697,EH38E2369454,EH38E3634395,43121000,43122000,41870000,41871000,3,-1
1115,chr5,44809242,44809565,41870348,41870697,EH38E3635244,EH38E3634395,44809000,44810000,41870000,41871000,1,-1
1116,chr5,44809722,44810049,41870348,41870697,EH38E3635245,EH38E3634395,44809000,44810000,41870000,41871000,1,-1
1117,chr5,40797424,40797753,41904033,41904383,EH38E3634143,EH38E3634408,40797000,40798000,41904000,41905000,1,-1
1118,chr5,40797863,40798065,41904033,41904383,EH38E2368443,EH38E3634408,40797000,40798000,41904000,41905000,1,-1
1119,chr5,43066135,43066287,41904033,41904383,EH38E2369413,EH38E3634408,43066000,43067000,41904000,41905000,1,-1
1120,chr5,43066310,43066516,41904033,41904383,EH38E3634797,EH38E3634408,43066000,43067000,41904000,41905000,1,-1
1121,chr5,43066521,43066745,41904033,41904383,EH38E3634798,EH38E3634408,43066000,43067000,41904000,41905000,1,-1
1122,chr5,43066822,43067114,41904033,41904383,EH38E3634799,EH38E3634408,43066000,43067000,41904000,41905000,1,-1
1123,chr5,39021433,39021773,41924897,41925247,EH38E2367405,EH38E2368914,39021000,39022000,41924000,41925000,1,-1
1124,chr5,39074846,39075173,41924897,41925247,EH38E2367437,EH38E2368914,39074000,39075000,41925000,41926000,1,-1
1125,chr5,42812015,42812300,41924897,41925247,EH38E2369216,EH38E2368914,42812000,42813000,41925000,41926000,2,-1
1126,chr5,43120839,43121011,41924897,41925247,EH38E2369453,EH38E2368914,43120000,43121000,41925000,41926000,1,-1
1127,chr5,43484233,43484574,41924897,41925247,EH38E3634976,EH38E2368914,43484000,43485000,41925000,41926000,1,-1
1128,chr5,43514785,43514989,41924897,41925247,EH38E3634989,EH38E2368914,43514000,43515000,41925000,41926000,1,-1
1129,chr5,39074846,39075173,41925319,41925548,EH38E2367437,EH38E3634418,39074000,39075000,41925000,41926000,1,-1
1130,chr5,42812015,42812300,41925319,41925548,EH38E2369216,EH38E3634418,42812000,42813000,41925000,41926000,2,-1
1131,chr5,43120839,43121011,41925319,41925548,EH38E2369453,EH38E3634418,43120000,43121000,41925000,41926000,1,-1
1132,chr5,43484233,43484574,41925319,41925548,EH38E3634976,EH38E3634418,43484000,43485000,41925000,41926000,1,-1
1133,chr5,43514785,43514989,41925319,41925548,EH38E3634989,EH38E3634418,43514000,43515000,41925000,41926000,1,-1
1134,chr5,40835474,40835710,42423296,42423599,EH38E2368478,EH38E3634491,40835000,40836000,42423000,42424000,1,-1
1135,chr5,40835725,40835883,42423296,42423599,EH38E2368479,EH38E3634491,40835000,40836000,42423000,42424000,1,-1
1136,chr5,42812015,42812300,42423296,42423599,EH38E2369216,EH38E3634491,42812000,42813000,42423000,42424000,1,-1
1137,chr5,42950419,42950580,42423296,42423599,EH38E3634697,EH38E3634491,42950000,42951000,42423000,42424000,1,-1
1138,chr5,42950590,42950940,42423296,42423599,EH38E2369288,EH38E3634491,42950000,42951000,42423000,42424000,1,-1
1139,chr5,43120839,43121011,42423296,42423599,EH38E2369453,EH38E3634491,43121000,43122000,42423000,42424000,1,-1
1140,chr5,43121102,43121253,42423296,42423599,EH38E2369454,EH38E3634491,43121000,43122000,42423000,42424000,1,-1
1141,chr5,44942576,44942926,42423296,42423599,EH38E3635280,EH38E3634491,44942000,44943000,42423000,42424000,1,-1
1142,chr5,42812015,42812300,42756642,42756938,EH38E2369216,EH38E3634619,42812000,42813000,42756000,42757000,1,-1
1143,chr5,43120839,43121011,42756642,42756938,EH38E2369453,EH38E3634619,43121000,43122000,42756000,42757000,1,-1
1144,chr5,43121102,43121253,42756642,42756938,EH38E2369454,EH38E3634619,43121000,43122000,42756000,42757000,1,-1
1145,chr5,43063860,43064200,42811838,42812008,EH38E3634791,EH38E3634641,43064000,43065000,42811000,42812000,1,-1
1146,chr5,43064831,43065128,42811838,42812008,EH38E3634793,EH38E3634641,43064000,43065000,42811000,42812000,1,-1
1147,chr5,40797424,40797753,42811838,42812008,EH38E3634143,EH38E3634641,40797000,40798000,42812000,42813000,1,-1
1148,chr5,40797863,40798065,42811838,42812008,EH38E2368443,EH38E3634641,40797000,40798000,42812000,42813000,1,-1
1149,chr5,42812015,42812300,42811838,42812008,EH38E2369216,EH38E3634641,42812000,42813000,42812000,42813000,101,-1
1150,chr5,42950419,42950580,42811838,42812008,EH38E3634697,EH38E3634641,42950000,42951000,42812000,42813000,2,-1
1151,chr5,42950590,42950940,42811838,42812008,EH38E2369288,EH38E3634641,42950000,42951000,42812000,42813000,2,-1
1152,chr5,43066135,43066287,42811838,42812008,EH38E2369413,EH38E3634641,43066000,43067000,42812000,42813000,1,-1
1153,chr5,43066310,43066516,42811838,42812008,EH38E3634797,EH38E3634641,43066000,43067000,42812000,42813000,1,-1
1154,chr5,43066521,43066745,42811838,42812008,EH38E3634798,EH38E3634641,43066000,43067000,42812000,42813000,1,-1
1155,chr5,43066822,43067114,42811838,42812008,EH38E3634799,EH38E3634641,43066000,43067000,42812000,42813000,1,-1
1156,chr5,43120839,43121011,42811838,42812008,EH38E2369453,EH38E3634641,43120000,43121000,42812000,42813000,1,-1
1157,chr5,43514785,43514989,42811838,42812008,EH38E3634989,EH38E3634641,43514000,43515000,42812000,42813000,1,-1
1158,chr5,43556367,43556597,42811838,42812008,EH38E3635003,EH38E3634641,43556000,43557000,42812000,42813000,1,-1
1159,chr5,43556773,43556973,42811838,42812008,EH38E3635004,EH38E3634641,43556000,43557000,42812000,42813000,1,-1
1160,chr5,42812015,42812300,42908680,42908865,EH38E2369216,EH38E3634682,42812000,42813000,42908000,42909000,1,-1
1161,chr5,42950419,42950580,42908680,42908865,EH38E3634697,EH38E3634682,42950000,42951000,42908000,42909000,6,-1
1162,chr5,42950590,42950940,42908680,42908865,EH38E2369288,EH38E3634682,42950000,42951000,42908000,42909000,6,-1
1163,chr5,43063860,43064200,42908680,42908865,EH38E3634791,EH38E3634682,43064000,43065000,42908000,42909000,2,-1
1164,chr5,43064831,43065128,42908680,42908865,EH38E3634793,EH38E3634682,43064000,43065000,42908000,42909000,2,-1
1165,chr5,43066135,43066287,42908680,42908865,EH38E2369413,EH38E3634682,43066000,43067000,42908000,42909000,3,-1
1166,chr5,43066310,43066516,42908680,42908865,EH38E3634797,EH38E3634682,43066000,43067000,42908000,42909000,3,-1
1167,chr5,43066521,43066745,42908680,42908865,EH38E3634798,EH38E3634682,43066000,43067000,42908000,42909000,3,-1
1168,chr5,43066822,43067114,42908680,42908865,EH38E3634799,EH38E3634682,43066000,43067000,42908000,42909000,3,-1
1169,chr5,43120839,43121011,42908680,42908865,EH38E2369453,EH38E3634682,43120000,43121000,42908000,42909000,1,-1
1170,chr5,43121102,43121253,42908680,42908865,EH38E2369454,EH38E3634682,43121000,43122000,42908000,42909000,1,-1
1171,chr5,43483182,43483484,42908680,42908865,EH38E3634974,EH38E3634682,43483000,43484000,42908000,42909000,2,-1
1172,chr5,43483494,43483666,42908680,42908865,EH38E3634975,EH38E3634682,43483000,43484000,42908000,42909000,2,-1
1173,chr5,43556367,43556597,42908680,42908865,EH38E3635003,EH38E3634682,43556000,43557000,42908000,42909000,1,-1
1174,chr5,43556773,43556973,42908680,42908865,EH38E3635004,EH38E3634682,43556000,43557000,42908000,42909000,1,-1
1175,chr5,42950419,42950580,43007545,43007894,EH38E3634697,EH38E3634734,42950000,42951000,43007000,43008000,2,-1
1176,chr5,42950590,42950940,43007545,43007894,EH38E2369288,EH38E3634734,42950000,42951000,43007000,43008000,2,-1
1177,chr5,43063860,43064200,43007545,43007894,EH38E3634791,EH38E3634734,43063000,43064000,43007000,43008000,3,-1
1178,chr5,43064831,43065128,43007545,43007894,EH38E3634793,EH38E3634734,43064000,43065000,43007000,43008000,7,-1
1179,chr5,43066135,43066287,43007545,43007894,EH38E2369413,EH38E3634734,43066000,43067000,43007000,43008000,7,-1
1180,chr5,43066310,43066516,43007545,43007894,EH38E3634797,EH38E3634734,43066000,43067000,43007000,43008000,7,-1
1181,chr5,43066521,43066745,43007545,43007894,EH38E3634798,EH38E3634734,43066000,43067000,43007000,43008000,7,-1
1182,chr5,43066822,43067114,43007545,43007894,EH38E3634799,EH38E3634734,43066000,43067000,43007000,43008000,7,-1
1183,chr5,43120839,43121011,43007545,43007894,EH38E2369453,EH38E3634734,43121000,43122000,43007000,43008000,4,-1
1184,chr5,43121102,43121253,43007545,43007894,EH38E2369454,EH38E3634734,43121000,43122000,43007000,43008000,4,-1
1185,chr5,43484233,43484574,43007545,43007894,EH38E3634976,EH38E3634734,43484000,43485000,43007000,43008000,2,-1
1186,chr5,42950419,42950580,43018248,43018545,EH38E3634697,EH38E3634749,42950000,42951000,43018000,43019000,2,-1
1187,chr5,42950590,42950940,43018248,43018545,EH38E2369288,EH38E3634749,42950000,42951000,43018000,43019000,2,-1
1188,chr5,43063860,43064200,43018248,43018545,EH38E3634791,EH38E3634749,43063000,43064000,43018000,43019000,5,-1
1189,chr5,43064831,43065128,43018248,43018545,EH38E3634793,EH38E3634749,43064000,43065000,43018000,43019000,6,-1
1190,chr5,43066135,43066287,43018248,43018545,EH38E2369413,EH38E3634749,43066000,43067000,43018000,43019000,8,-1
1191,chr5,43066310,43066516,43018248,43018545,EH38E3634797,EH38E3634749,43066000,43067000,43018000,43019000,8,-1
1192,chr5,43066521,43066745,43018248,43018545,EH38E3634798,EH38E3634749,43066000,43067000,43018000,43019000,8,-1
1193,chr5,43066822,43067114,43018248,43018545,EH38E3634799,EH38E3634749,43066000,43067000,43018000,43019000,8,-1
1194,chr5,43120839,43121011,43018248,43018545,EH38E2369453,EH38E3634749,43121000,43122000,43018000,43019000,5,-1
1195,chr5,43121102,43121253,43018248,43018545,EH38E2369454,EH38E3634749,43121000,43122000,43018000,43019000,5,-1
1196,chr5,43484233,43484574,43018248,43018545,EH38E3634976,EH38E3634749,43484000,43485000,43018000,43019000,2,-1
1197,chr5,42812015,42812300,43040263,43040613,EH38E2369216,EH38E3634773,42812000,42813000,43040000,43041000,1,-1
1198,chr5,43063860,43064200,43040263,43040613,EH38E3634791,EH38E3634773,43063000,43064000,43040000,43041000,6,-1
1199,chr5,43064831,43065128,43040263,43040613,EH38E3634793,EH38E3634773,43064000,43065000,43040000,43041000,11,-1
1200,chr5,43066135,43066287,43040263,43040613,EH38E2369413,EH38E3634773,43066000,43067000,43040000,43041000,23,-1
1201,chr5,43066310,43066516,43040263,43040613,EH38E3634797,EH38E3634773,43066000,43067000,43040000,43041000,23,-1
1202,chr5,43066521,43066745,43040263,43040613,EH38E3634798,EH38E3634773,43066000,43067000,43040000,43041000,23,-1
1203,chr5,43066822,43067114,43040263,43040613,EH38E3634799,EH38E3634773,43066000,43067000,43040000,43041000,23,-1
1204,chr5,43120839,43121011,43040263,43040613,EH38E2369453,EH38E3634773,43120000,43121000,43040000,43041000,1,-1
1205,chr5,43121102,43121253,43040263,43040613,EH38E2369454,EH38E3634773,43121000,43122000,43040000,43041000,1,-1
1206,chr5,43483182,43483484,43040263,43040613,EH38E3634974,EH38E3634773,43483000,43484000,43040000,43041000,2,-1
1207,chr5,43483494,43483666,43040263,43040613,EH38E3634975,EH38E3634773,43483000,43484000,43040000,43041000,2,-1
1208,chr5,42950419,42950580,43041627,43041961,EH38E3634697,EH38E3634775,42950000,42951000,43041000,43042000,3,-1
1209,chr5,42950590,42950940,43041627,43041961,EH38E2369288,EH38E3634775,42950000,42951000,43041000,43042000,3,-1
1210,chr5,43063860,43064200,43041627,43041961,EH38E3634791,EH38E3634775,43063000,43064000,43041000,43042000,7,-1
1211,chr5,43064831,43065128,43041627,43041961,EH38E3634793,EH38E3634775,43064000,43065000,43041000,43042000,12,-1
1212,chr5,43066135,43066287,43041627,43041961,EH38E2369413,EH38E3634775,43066000,43067000,43041000,43042000,17,-1
1213,chr5,43066310,43066516,43041627,43041961,EH38E3634797,EH38E3634775,43066000,43067000,43041000,43042000,17,-1
1214,chr5,43066521,43066745,43041627,43041961,EH38E3634798,EH38E3634775,43066000,43067000,43041000,43042000,17,-1
1215,chr5,43066822,43067114,43041627,43041961,EH38E3634799,EH38E3634775,43066000,43067000,43041000,43042000,17,-1
1216,chr5,43120839,43121011,43041627,43041961,EH38E2369453,EH38E3634775,43121000,43122000,43041000,43042000,5,-1
1217,chr5,43121102,43121253,43041627,43041961,EH38E2369454,EH38E3634775,43121000,43122000,43041000,43042000,5,-1
1218,chr5,43484233,43484574,43041627,43041961,EH38E3634976,EH38E3634775,43484000,43485000,43041000,43042000,2,-1
1219,chr5,43557325,43557482,43041627,43041961,EH38E3635006,EH38E3634775,43557000,43558000,43041000,43042000,1,-1
1220,chr5,42950419,42950580,43041967,43042211,EH38E3634697,EH38E3634776,42950000,42951000,43041000,43042000,3,-1
1221,chr5,42950590,42950940,43041967,43042211,EH38E2369288,EH38E3634776,42950000,42951000,43041000,43042000,3,-1
1222,chr5,43066135,43066287,43041967,43042211,EH38E2369413,EH38E3634776,43066000,43067000,43041000,43042000,17,-1
1223,chr5,43066310,43066516,43041967,43042211,EH38E3634797,EH38E3634776,43066000,43067000,43041000,43042000,17,-1
1224,chr5,43066521,43066745,43041967,43042211,EH38E3634798,EH38E3634776,43066000,43067000,43041000,43042000,17,-1
1225,chr5,43066822,43067114,43041967,43042211,EH38E3634799,EH38E3634776,43066000,43067000,43041000,43042000,17,-1
1226,chr5,43484233,43484574,43041967,43042211,EH38E3634976,EH38E3634776,43484000,43485000,43041000,43042000,2,-1
1227,chr5,43557325,43557482,43041967,43042211,EH38E3635006,EH38E3634776,43557000,43558000,43041000,43042000,1,-1
1228,chr5,43063860,43064200,43041967,43042211,EH38E3634791,EH38E3634776,43063000,43064000,43042000,43043000,13,-1
1229,chr5,43064831,43065128,43041967,43042211,EH38E3634793,EH38E3634776,43064000,43065000,43042000,43043000,17,-1
1230,chr5,43120839,43121011,43041967,43042211,EH38E2369453,EH38E3634776,43121000,43122000,43042000,43043000,11,-1
1231,chr5,43121102,43121253,43041967,43042211,EH38E2369454,EH38E3634776,43121000,43122000,43042000,43043000,11,-1
1232,chr5,43556367,43556597,43041967,43042211,EH38E3635003,EH38E3634776,43556000,43557000,43042000,43043000,1,-1
1233,chr5,43556773,43556973,43041967,43042211,EH38E3635004,EH38E3634776,43556000,43557000,43042000,43043000,1,-1
1234,chr5,40797863,40798065,43067168,43067342,EH38E2368443,EH38E2369417,40798000,40799000,43067000,43068000,1,-1
1235,chr5,42950419,42950580,43067168,43067342,EH38E3634697,EH38E2369417,42950000,42951000,43067000,43068000,3,-1
1236,chr5,42950590,42950940,43067168,43067342,EH38E2369288,EH38E2369417,42950000,42951000,43067000,43068000,3,-1
1237,chr5,43063860,43064200,43067168,43067342,EH38E3634791,EH38E2369417,43063000,43064000,43067000,43068000,25,-1
1238,chr5,43064831,43065128,43067168,43067342,EH38E3634793,EH38E2369417,43064000,43065000,43067000,43068000,38,-1
1239,chr5,43066135,43066287,43067168,43067342,EH38E2369413,EH38E2369417,43066000,43067000,43067000,43068000,245,-1
1240,chr5,43066310,43066516,43067168,43067342,EH38E3634797,EH38E2369417,43066000,43067000,43067000,43068000,245,-1
1241,chr5,43066521,43066745,43067168,43067342,EH38E3634798,EH38E2369417,43066000,43067000,43067000,43068000,245,-1
1242,chr5,43066822,43067114,43067168,43067342,EH38E3634799,EH38E2369417,43066000,43067000,43067000,43068000,245,-1
1243,chr5,43066822,43067114,43067168,43067342,EH38E3634799,EH38E2369417,43067000,43068000,43067000,43068000,609,-1
1244,chr5,43120839,43121011,43067168,43067342,EH38E2369453,EH38E2369417,43120000,43121000,43067000,43068000,5,-1
1245,chr5,43121102,43121253,43067168,43067342,EH38E2369454,EH38E2369417,43121000,43122000,43067000,43068000,8,-1
1246,chr5,43483182,43483484,43067168,43067342,EH38E3634974,EH38E2369417,43483000,43484000,43067000,43068000,3,-1
1247,chr5,43483494,43483666,43067168,43067342,EH38E3634975,EH38E2369417,43483000,43484000,43067000,43068000,3,-1
1248,chr5,43514785,43514989,43067168,43067342,EH38E3634989,EH38E2369417,43514000,43515000,43067000,43068000,1,-1
1249,chr5,43557325,43557482,43067168,43067342,EH38E3635006,EH38E2369417,43557000,43558000,43067000,43068000,1,-1
1250,chr5,40797863,40798065,43067344,43067694,EH38E2368443,EH38E2369418,40798000,40799000,43067000,43068000,1,-1
1251,chr5,42950419,42950580,43067344,43067694,EH38E3634697,EH38E2369418,42950000,42951000,43067000,43068000,3,-1
1252,chr5,42950590,42950940,43067344,43067694,EH38E2369288,EH38E2369418,42950000,42951000,43067000,43068000,3,-1
1253,chr5,43063860,43064200,43067344,43067694,EH38E3634791,EH38E2369418,43063000,43064000,43067000,43068000,25,-1
1254,chr5,43064831,43065128,43067344,43067694,EH38E3634793,EH38E2369418,43064000,43065000,43067000,43068000,38,-1
1255,chr5,43066135,43066287,43067344,43067694,EH38E2369413,EH38E2369418,43066000,43067000,43067000,43068000,245,-1
1256,chr5,43066310,43066516,43067344,43067694,EH38E3634797,EH38E2369418,43066000,43067000,43067000,43068000,245,-1
1257,chr5,43066521,43066745,43067344,43067694,EH38E3634798,EH38E2369418,43066000,43067000,43067000,43068000,245,-1
1258,chr5,43066822,43067114,43067344,43067694,EH38E3634799,EH38E2369418,43066000,43067000,43067000,43068000,245,-1
1259,chr5,43066822,43067114,43067344,43067694,EH38E3634799,EH38E2369418,43067000,43068000,43067000,43068000,609,-1
1260,chr5,43120839,43121011,43067344,43067694,EH38E2369453,EH38E2369418,43120000,43121000,43067000,43068000,5,-1
1261,chr5,43121102,43121253,43067344,43067694,EH38E2369454,EH38E2369418,43121000,43122000,43067000,43068000,8,-1
1262,chr5,43483182,43483484,43067344,43067694,EH38E3634974,EH38E2369418,43483000,43484000,43067000,43068000,3,-1
1263,chr5,43483494,43483666,43067344,43067694,EH38E3634975,EH38E2369418,43483000,43484000,43067000,43068000,3,-1
1264,chr5,43514785,43514989,43067344,43067694,EH38E3634989,EH38E2369418,43514000,43515000,43067000,43068000,1,-1
1265,chr5,43557325,43557482,43067344,43067694,EH38E3635006,EH38E2369418,43557000,43558000,43067000,43068000,1,-1
1266,chr5,42950419,42950580,43121289,43121639,EH38E3634697,EH38E3634826,42950000,42951000,43121000,43122000,2,-1
1267,chr5,42950590,42950940,43121289,43121639,EH38E2369288,EH38E3634826,42950000,42951000,43121000,43122000,2,-1
1268,chr5,43063860,43064200,43121289,43121639,EH38E3634791,EH38E3634826,43063000,43064000,43121000,43122000,6,-1
1269,chr5,43064831,43065128,43121289,43121639,EH38E3634793,EH38E3634826,43064000,43065000,43121000,43122000,6,-1
1270,chr5,43066135,43066287,43121289,43121639,EH38E2369413,EH38E3634826,43066000,43067000,43121000,43122000,4,-1
1271,chr5,43066310,43066516,43121289,43121639,EH38E3634797,EH38E3634826,43066000,43067000,43121000,43122000,4,-1
1272,chr5,43066521,43066745,43121289,43121639,EH38E3634798,EH38E3634826,43066000,43067000,43121000,43122000,4,-1
1273,chr5,43066822,43067114,43121289,43121639,EH38E3634799,EH38E3634826,43066000,43067000,43121000,43122000,4,-1
1274,chr5,43120839,43121011,43121289,43121639,EH38E2369453,EH38E3634826,43120000,43121000,43121000,43122000,208,-1
1275,chr5,43120839,43121011,43121289,43121639,EH38E2369453,EH38E3634826,43121000,43122000,43121000,43122000,347,-1
1276,chr5,43121102,43121253,43121289,43121639,EH38E2369454,EH38E3634826,43121000,43122000,43121000,43122000,347,-1
1277,chr5,43483182,43483484,43121289,43121639,EH38E3634974,EH38E3634826,43483000,43484000,43121000,43122000,2,-1
1278,chr5,43483494,43483666,43121289,43121639,EH38E3634975,EH38E3634826,43483000,43484000,43121000,43122000,2,-1
1279,chr5,43484233,43484574,43121289,43121639,EH38E3634976,EH38E3634826,43484000,43485000,43121000,43122000,1,-1
1280,chr5,43514785,43514989,43121289,43121639,EH38E3634989,EH38E3634826,43514000,43515000,43121000,43122000,1,-1
1281,chr5,43556367,43556597,43121289,43121639,EH38E3635003,EH38E3634826,43556000,43557000,43121000,43122000,1,-1
1282,chr5,43556773,43556973,43121289,43121639,EH38E3635004,EH38E3634826,43556000,43557000,43121000,43122000,1,-1
1283,chr5,43557325,43557482,43121289,43121639,EH38E3635006,EH38E3634826,43557000,43558000,43121000,43122000,3,-1
1284,chr5,42950419,42950580,43191937,43192286,EH38E3634697,EH38E3634852,42950000,42951000,43191000,43192000,1,-1
1285,chr5,42950590,42950940,43191937,43192286,EH38E2369288,EH38E3634852,42950000,42951000,43191000,43192000,1,-1
1286,chr5,43066135,43066287,43191937,43192286,EH38E2369413,EH38E3634852,43066000,43067000,43191000,43192000,3,-1
1287,chr5,43066310,43066516,43191937,43192286,EH38E3634797,EH38E3634852,43066000,43067000,43191000,43192000,3,-1
1288,chr5,43066521,43066745,43191937,43192286,EH38E3634798,EH38E3634852,43066000,43067000,43191000,43192000,3,-1
1289,chr5,43066822,43067114,43191937,43192286,EH38E3634799,EH38E3634852,43066000,43067000,43191000,43192000,3,-1
1290,chr5,43120839,43121011,43191937,43192286,EH38E2369453,EH38E3634852,43120000,43121000,43191000,43192000,2,-1
1291,chr5,43556367,43556597,43191937,43192286,EH38E3635003,EH38E3634852,43556000,43557000,43191000,43192000,1,-1
1292,chr5,43556773,43556973,43191937,43192286,EH38E3635004,EH38E3634852,43556000,43557000,43191000,43192000,1,-1
1293,chr5,43063860,43064200,43191937,43192286,EH38E3634791,EH38E3634852,43063000,43064000,43192000,43193000,3,-1
1294,chr5,43064831,43065128,43191937,43192286,EH38E3634793,EH38E3634852,43064000,43065000,43192000,43193000,5,-1
1295,chr5,43121102,43121253,43191937,43192286,EH38E2369454,EH38E3634852,43121000,43122000,43192000,43193000,8,-1
1296,chr5,43483182,43483484,43191937,43192286,EH38E3634974,EH38E3634852,43483000,43484000,43192000,43193000,1,-1
1297,chr5,43483494,43483666,43191937,43192286,EH38E3634975,EH38E3634852,43483000,43484000,43192000,43193000,1,-1
1298,chr5,43484233,43484574,43191937,43192286,EH38E3634976,EH38E3634852,43484000,43485000,43192000,43193000,4,-1
1299,chr5,43514785,43514989,43191937,43192286,EH38E3634989,EH38E3634852,43514000,43515000,43192000,43193000,1,-1
1300,chr5,43557325,43557482,43191937,43192286,EH38E3635006,EH38E3634852,43557000,43558000,43192000,43193000,3,-1
1301,chr5,44809722,44810049,43191937,43192286,EH38E3635245,EH38E3634852,44810000,44811000,43192000,43193000,1,-1
1302,chr5,42812015,42812300,43313473,43313823,EH38E2369216,EH38E3634914,42812000,42813000,43313000,43314000,1,-1
1303,chr5,43063860,43064200,43313473,43313823,EH38E3634791,EH38E3634914,43063000,43064000,43313000,43314000,2,-1
1304,chr5,43064831,43065128,43313473,43313823,EH38E3634793,EH38E3634914,43065000,43066000,43313000,43314000,2,-1
1305,chr5,43066135,43066287,43313473,43313823,EH38E2369413,EH38E3634914,43066000,43067000,43313000,43314000,5,-1
1306,chr5,43066310,43066516,43313473,43313823,EH38E3634797,EH38E3634914,43066000,43067000,43313000,43314000,5,-1
1307,chr5,43066521,43066745,43313473,43313823,EH38E3634798,EH38E3634914,43066000,43067000,43313000,43314000,5,-1
1308,chr5,43066822,43067114,43313473,43313823,EH38E3634799,EH38E3634914,43066000,43067000,43313000,43314000,5,-1
1309,chr5,43120839,43121011,43313473,43313823,EH38E2369453,EH38E3634914,43120000,43121000,43313000,43314000,1,-1
1310,chr5,43121102,43121253,43313473,43313823,EH38E2369454,EH38E3634914,43121000,43122000,43313000,43314000,3,-1
1311,chr5,43483182,43483484,43313473,43313823,EH38E3634974,EH38E3634914,43483000,43484000,43313000,43314000,7,-1
1312,chr5,43483494,43483666,43313473,43313823,EH38E3634975,EH38E3634914,43483000,43484000,43313000,43314000,7,-1
1313,chr5,43484233,43484574,43313473,43313823,EH38E3634976,EH38E3634914,43484000,43485000,43313000,43314000,6,-1
1314,chr5,43556367,43556597,43313473,43313823,EH38E3635003,EH38E3634914,43556000,43557000,43313000,43314000,2,-1
1315,chr5,43556773,43556973,43313473,43313823,EH38E3635004,EH38E3634914,43556000,43557000,43313000,43314000,2,-1
1316,chr5,43557325,43557482,43313473,43313823,EH38E3635006,EH38E3634914,43557000,43558000,43313000,43314000,1,-1
1317,chr5,43063860,43064200,43397013,43397241,EH38E3634791,EH38E3634945,43064000,43065000,43397000,43398000,1,-1
1318,chr5,43064831,43065128,43397013,43397241,EH38E3634793,EH38E3634945,43064000,43065000,43397000,43398000,1,-1
1319,chr5,43066822,43067114,43397013,43397241,EH38E3634799,EH38E3634945,43067000,43068000,43397000,43398000,1,-1
1320,chr5,43120839,43121011,43397013,43397241,EH38E2369453,EH38E3634945,43120000,43121000,43397000,43398000,1,-1
1321,chr5,43121102,43121253,43397013,43397241,EH38E2369454,EH38E3634945,43121000,43122000,43397000,43398000,1,-1
1322,chr5,43483182,43483484,43397013,43397241,EH38E3634974,EH38E3634945,43483000,43484000,43397000,43398000,4,-1
1323,chr5,43483494,43483666,43397013,43397241,EH38E3634975,EH38E3634945,43483000,43484000,43397000,43398000,4,-1
1324,chr5,43484233,43484574,43397013,43397241,EH38E3634976,EH38E3634945,43484000,43485000,43397000,43398000,2,-1
1325,chr5,43514785,43514989,43397013,43397241,EH38E3634989,EH38E3634945,43514000,43515000,43397000,43398000,3,-1
1326,chr5,40797863,40798065,43483716,43484065,EH38E2368443,EH38E2369671,40798000,40799000,43483000,43484000,1,-1
1327,chr5,43063860,43064200,43483716,43484065,EH38E3634791,EH38E2369671,43063000,43064000,43483000,43484000,1,-1
1328,chr5,43064831,43065128,43483716,43484065,EH38E3634793,EH38E2369671,43064000,43065000,43483000,43484000,2,-1
1329,chr5,43066135,43066287,43483716,43484065,EH38E2369413,EH38E2369671,43066000,43067000,43483000,43484000,1,-1
1330,chr5,43066310,43066516,43483716,43484065,EH38E3634797,EH38E2369671,43066000,43067000,43483000,43484000,1,-1
1331,chr5,43066521,43066745,43483716,43484065,EH38E3634798,EH38E2369671,43066000,43067000,43483000,43484000,1,-1
1332,chr5,43066822,43067114,43483716,43484065,EH38E3634799,EH38E2369671,43066000,43067000,43483000,43484000,1,-1
1333,chr5,43120839,43121011,43483716,43484065,EH38E2369453,EH38E2369671,43120000,43121000,43483000,43484000,1,-1
1334,chr5,43121102,43121253,43483716,43484065,EH38E2369454,EH38E2369671,43121000,43122000,43483000,43484000,2,-1
1335,chr5,43483182,43483484,43483716,43484065,EH38E3634974,EH38E2369671,43483000,43484000,43483000,43484000,543,-1
1336,chr5,43483494,43483666,43483716,43484065,EH38E3634975,EH38E2369671,43483000,43484000,43483000,43484000,543,-1
1337,chr5,43556367,43556597,43483716,43484065,EH38E3635003,EH38E2369671,43556000,43557000,43483000,43484000,7,-1
1338,chr5,43556773,43556973,43483716,43484065,EH38E3635004,EH38E2369671,43556000,43557000,43483000,43484000,7,-1
1339,chr5,43557325,43557482,43483716,43484065,EH38E3635006,EH38E2369671,43557000,43558000,43483000,43484000,11,-1
1340,chr5,43484233,43484574,43483716,43484065,EH38E3634976,EH38E2369671,43484000,43485000,43484000,43485000,261,-1
1341,chr5,43514785,43514989,43483716,43484065,EH38E3634989,EH38E2369671,43514000,43515000,43484000,43485000,6,-1
1342,chr5,45205547,45205876,43483716,43484065,EH38E2370148,EH38E2369671,45205000,45206000,43484000,43485000,1,-1
1343,chr5,42812015,42812300,43514990,43515338,EH38E2369216,EH38E3634990,42812000,42813000,43514000,43515000,1,-1
1344,chr5,43064831,43065128,43514990,43515338,EH38E3634793,EH38E3634990,43065000,43066000,43514000,43515000,1,-1
1345,chr5,43066822,43067114,43514990,43515338,EH38E3634799,EH38E3634990,43067000,43068000,43514000,43515000,1,-1
1346,chr5,43121102,43121253,43514990,43515338,EH38E2369454,EH38E3634990,43121000,43122000,43514000,43515000,1,-1
1347,chr5,43484233,43484574,43514990,43515338,EH38E3634976,EH38E3634990,43484000,43485000,43514000,43515000,6,-1
1348,chr5,43514785,43514989,43514990,43515338,EH38E3634989,EH38E3634990,43514000,43515000,43514000,43515000,214,-1
1349,chr5,43120839,43121011,43514990,43515338,EH38E2369453,EH38E3634990,43120000,43121000,43515000,43516000,1,-1
1350,chr5,43483182,43483484,43514990,43515338,EH38E3634974,EH38E3634990,43483000,43484000,43515000,43516000,6,-1
1351,chr5,43483494,43483666,43514990,43515338,EH38E3634975,EH38E3634990,43483000,43484000,43515000,43516000,6,-1
1352,chr5,43556367,43556597,43514990,43515338,EH38E3635003,EH38E3634990,43556000,43557000,43515000,43516000,7,-1
1353,chr5,43556773,43556973,43514990,43515338,EH38E3635004,EH38E3634990,43556000,43557000,43515000,43516000,7,-1
1354,chr5,43557325,43557482,43514990,43515338,EH38E3635006,EH38E3634990,43557000,43558000,43515000,43516000,2,-1
1355,chr5,40835474,40835710,43556977,43557224,EH38E2368478,EH38E3635005,40835000,40836000,43556000,43557000,1,-1
1356,chr5,40835725,40835883,43556977,43557224,EH38E2368479,EH38E3635005,40835000,40836000,43556000,43557000,1,-1
1357,chr5,42812015,42812300,43556977,43557224,EH38E2369216,EH38E3635005,42812000,42813000,43556000,43557000,1,-1
1358,chr5,43063860,43064200,43556977,43557224,EH38E3634791,EH38E3635005,43063000,43064000,43556000,43557000,1,-1
1359,chr5,43120839,43121011,43556977,43557224,EH38E2369453,EH38E3635005,43120000,43121000,43556000,43557000,1,-1
1360,chr5,43484233,43484574,43556977,43557224,EH38E3634976,EH38E3635005,43484000,43485000,43556000,43557000,6,-1
1361,chr5,43514785,43514989,43556977,43557224,EH38E3634989,EH38E3635005,43514000,43515000,43556000,43557000,1,-1
1362,chr5,43556367,43556597,43556977,43557224,EH38E3635003,EH38E3635005,43556000,43557000,43556000,43557000,325,-1
1363,chr5,43556773,43556973,43556977,43557224,EH38E3635004,EH38E3635005,43556000,43557000,43556000,43557000,325,-1
1364,chr5,43064831,43065128,43556977,43557224,EH38E3634793,EH38E3635005,43064000,43065000,43557000,43558000,2,-1
1365,chr5,43066135,43066287,43556977,43557224,EH38E2369413,EH38E3635005,43066000,43067000,43557000,43558000,2,-1
1366,chr5,43066310,43066516,43556977,43557224,EH38E3634797,EH38E3635005,43066000,43067000,43557000,43558000,2,-1
1367,chr5,43066521,43066745,43556977,43557224,EH38E3634798,EH38E3635005,43066000,43067000,43557000,43558000,2,-1
1368,chr5,43066822,43067114,43556977,43557224,EH38E3634799,EH38E3635005,43066000,43067000,43557000,43558000,2,-1
1369,chr5,43121102,43121253,43556977,43557224,EH38E2369454,EH38E3635005,43121000,43122000,43557000,43558000,3,-1
1370,chr5,43483182,43483484,43556977,43557224,EH38E3634974,EH38E3635005,43483000,43484000,43557000,43558000,11,-1
1371,chr5,43483494,43483666,43556977,43557224,EH38E3634975,EH38E3635005,43483000,43484000,43557000,43558000,11,-1
1372,chr5,43557325,43557482,43556977,43557224,EH38E3635006,EH38E3635005,43557000,43558000,43557000,43558000,292,-1
1373,chr5,44809242,44809565,43556977,43557224,EH38E3635244,EH38E3635005,44809000,44810000,43557000,43558000,2,-1
1374,chr5,44809722,44810049,43556977,43557224,EH38E3635245,EH38E3635005,44809000,44810000,43557000,43558000,2,-1
1375,chr5,43514785,43514989,43602852,43603009,EH38E3634989,EH38E3635031,43514000,43515000,43602000,43603000,2,-1
1376,chr5,44809242,44809565,43602852,43603009,EH38E3635244,EH38E3635031,44809000,44810000,43602000,43603000,1,-1
1377,chr5,44809722,44810049,43602852,43603009,EH38E3635245,EH38E3635031,44809000,44810000,43602000,43603000,1,-1
1378,chr5,43063860,43064200,43602852,43603009,EH38E3634791,EH38E3635031,43064000,43065000,43603000,43604000,1,-1
1379,chr5,43064831,43065128,43602852,43603009,EH38E3634793,EH38E3635031,43064000,43065000,43603000,43604000,1,-1
1380,chr5,43120839,43121011,43602852,43603009,EH38E2369453,EH38E3635031,43121000,43122000,43603000,43604000,4,-1
1381,chr5,43121102,43121253,43602852,43603009,EH38E2369454,EH38E3635031,43121000,43122000,43603000,43604000,4,-1
1382,chr5,43483182,43483484,43602852,43603009,EH38E3634974,EH38E3635031,43483000,43484000,43603000,43604000,3,-1
1383,chr5,43483494,43483666,43602852,43603009,EH38E3634975,EH38E3635031,43483000,43484000,43603000,43604000,3,-1
1384,chr5,43484233,43484574,43602852,43603009,EH38E3634976,EH38E3635031,43484000,43485000,43603000,43604000,5,-1
1385,chr5,43556367,43556597,43602852,43603009,EH38E3635003,EH38E3635031,43556000,43557000,43603000,43604000,17,-1
1386,chr5,43556773,43556973,43602852,43603009,EH38E3635004,EH38E3635031,43556000,43557000,43603000,43604000,17,-1
1387,chr5,43557325,43557482,43602852,43603009,EH38E3635006,EH38E3635031,43557000,43558000,43603000,43604000,10,-1
1388,chr5,45060681,45061018,43602852,43603009,EH38E2370124,EH38E3635031,45061000,45062000,43603000,43604000,1,-1
1389,chr5,43063860,43064200,43603028,43603378,EH38E3634791,EH38E3635032,43064000,43065000,43603000,43604000,1,-1
1390,chr5,43064831,43065128,43603028,43603378,EH38E3634793,EH38E3635032,43064000,43065000,43603000,43604000,1,-1
1391,chr5,43120839,43121011,43603028,43603378,EH38E2369453,EH38E3635032,43121000,43122000,43603000,43604000,4,-1
1392,chr5,43121102,43121253,43603028,43603378,EH38E2369454,EH38E3635032,43121000,43122000,43603000,43604000,4,-1
1393,chr5,43483182,43483484,43603028,43603378,EH38E3634974,EH38E3635032,43483000,43484000,43603000,43604000,3,-1
1394,chr5,43483494,43483666,43603028,43603378,EH38E3634975,EH38E3635032,43483000,43484000,43603000,43604000,3,-1
1395,chr5,43484233,43484574,43603028,43603378,EH38E3634976,EH38E3635032,43484000,43485000,43603000,43604000,5,-1
1396,chr5,43514785,43514989,43603028,43603378,EH38E3634989,EH38E3635032,43514000,43515000,43603000,43604000,2,-1
1397,chr5,43556367,43556597,43603028,43603378,EH38E3635003,EH38E3635032,43556000,43557000,43603000,43604000,17,-1
1398,chr5,43556773,43556973,43603028,43603378,EH38E3635004,EH38E3635032,43556000,43557000,43603000,43604000,17,-1
1399,chr5,43557325,43557482,43603028,43603378,EH38E3635006,EH38E3635032,43557000,43558000,43603000,43604000,10,-1
1400,chr5,45060681,45061018,43603028,43603378,EH38E2370124,EH38E3635032,45061000,45062000,43603000,43604000,1,-1
1401,chr5,43063860,43064200,44389413,44389753,EH38E3634791,EH38E2369959,43063000,43064000,44389000,44390000,1,-1
1402,chr5,43120839,43121011,44389413,44389753,EH38E2369453,EH38E2369959,43121000,43122000,44389000,44390000,1,-1
1403,chr5,43121102,43121253,44389413,44389753,EH38E2369454,EH38E2369959,43121000,43122000,44389000,44390000,1,-1
1404,chr5,43556367,43556597,44389413,44389753,EH38E3635003,EH38E2369959,43556000,43557000,44389000,44390000,2,-1
1405,chr5,43556773,43556973,44389413,44389753,EH38E3635004,EH38E2369959,43556000,43557000,44389000,44390000,2,-1
1406,chr5,44809242,44809565,44389413,44389753,EH38E3635244,EH38E2369959,44809000,44810000,44389000,44390000,3,-1
1407,chr5,44809722,44810049,44389413,44389753,EH38E3635245,EH38E2369959,44809000,44810000,44389000,44390000,3,-1
1408,chr5,45205547,45205876,44389413,44389753,EH38E2370148,EH38E2369959,45205000,45206000,44389000,44390000,1,-1
1409,chr5,43120839,43121011,44808650,44808999,EH38E2369453,EH38E2370055,43120000,43121000,44808000,44809000,1,-1
1410,chr5,44809242,44809565,44808650,44808999,EH38E3635244,EH38E2370055,44809000,44810000,44808000,44809000,105,-1
1411,chr5,44809722,44810049,44808650,44808999,EH38E3635245,EH38E2370055,44809000,44810000,44808000,44809000,105,-1
1412,chr5,44942576,44942926,44808650,44808999,EH38E3635280,EH38E2370055,44942000,44943000,44808000,44809000,1,-1
1413,chr5,43484233,43484574,45696198,45696547,EH38E3634976,EH38E3635377,43484000,43485000,45696000,45697000,1,-1
1414,chr5,44809242,44809565,45696198,45696547,EH38E3635244,EH38E3635377,44809000,44810000,45696000,45697000,1,-1
1415,chr5,44809722,44810049,45696198,45696547,EH38E3635245,EH38E3635377,44809000,44810000,45696000,45697000,1,-1
1416,chr5,44942576,44942926,45696198,45696547,EH38E3635280,EH38E3635377,44942000,44943000,45696000,45697000,1,-1
1417,chr5,50440636,50440986,50440990,50441203,EH38E2370360,EH38E2370361,50440000,50441000,50440000,50441000,230,-1
1418,chr5,50440636,50440986,50440990,50441203,EH38E2370360,EH38E2370361,50440000,50441000,50441000,50442000,277,-1
1419,chr5,50667233,50667387,50440990,50441203,EH38E3635529,EH38E2370361,50667000,50668000,50441000,50442000,5,-1
1420,chr5,50667723,50668014,50440990,50441203,EH38E3635531,EH38E2370361,50667000,50668000,50441000,50442000,5,-1
1421,chr5,51172989,51173274,50440990,50441203,EH38E2370645,EH38E2370361,51172000,51173000,50441000,50442000,1,-1
1422,chr5,50440636,50440986,50441211,50441552,EH38E2370360,EH38E3635430,50440000,50441000,50441000,50442000,277,-1
1423,chr5,50667233,50667387,50441211,50441552,EH38E3635529,EH38E3635430,50667000,50668000,50441000,50442000,5,-1
1424,chr5,50667723,50668014,50441211,50441552,EH38E3635531,EH38E3635430,50667000,50668000,50441000,50442000,5,-1
1425,chr5,51172989,51173274,50441211,50441552,EH38E2370645,EH38E3635430,51172000,51173000,50441000,50442000,1,-1
1426,chr5,50440636,50440986,50666845,50667046,EH38E2370360,EH38E3635528,50440000,50441000,50667000,50668000,4,-1
1427,chr5,50667233,50667387,50666845,50667046,EH38E3635529,EH38E3635528,50667000,50668000,50667000,50668000,583,-1
1428,chr5,50667723,50668014,50666845,50667046,EH38E3635531,EH38E3635528,50667000,50668000,50667000,50668000,583,-1
1429,chr5,51172989,51173274,50666845,50667046,EH38E2370645,EH38E3635528,51173000,51174000,50667000,50668000,1,-1
1430,chr5,51881956,51882299,50666845,50667046,EH38E2370836,EH38E3635528,51882000,51883000,50667000,50668000,1,-1
1431,chr5,50440636,50440986,50667387,50667710,EH38E2370360,EH38E3635530,50440000,50441000,50667000,50668000,4,-1
1432,chr5,50667233,50667387,50667387,50667710,EH38E3635529,EH38E3635530,50667000,50668000,50667000,50668000,583,-1
1433,chr5,50667723,50668014,50667387,50667710,EH38E3635531,EH38E3635530,50667000,50668000,50667000,50668000,583,-1
1434,chr5,51172989,51173274,50667387,50667710,EH38E2370645,EH38E3635530,51173000,51174000,50667000,50668000,1,-1
1435,chr5,51881956,51882299,50667387,50667710,EH38E2370836,EH38E3635530,51882000,51883000,50667000,50668000,1,-1
1436,chr5,51172989,51173274,50969501,50969766,EH38E2370645,EH38E3635637,51172000,51173000,50969000,50970000,1,-1
1437,chr5,51226365,51226711,50969501,50969766,EH38E2370662,EH38E3635637,51226000,51227000,50969000,50970000,1,-1
1438,chr5,52799366,52799715,50969501,50969766,EH38E3635915,EH38E3635637,52799000,52800000,50969000,50970000,1,-1
1439,chr5,52800650,52800994,50969501,50969766,EH38E3635918,EH38E3635637,52800000,52801000,50969000,50970000,2,-1
1440,chr5,51172989,51173274,50969855,50970092,EH38E2370645,EH38E3635638,51172000,51173000,50969000,50970000,1,-1
1441,chr5,52799366,52799715,50969855,50970092,EH38E3635915,EH38E3635638,52799000,52800000,50969000,50970000,1,-1
1442,chr5,52800650,52800994,50969855,50970092,EH38E3635918,EH38E3635638,52800000,52801000,50969000,50970000,2,-1
1443,chr5,51226365,51226711,50969855,50970092,EH38E2370662,EH38E3635638,51226000,51227000,50970000,50971000,2,-1
1444,chr5,51881956,51882299,50969855,50970092,EH38E2370836,EH38E3635638,51881000,51882000,50970000,50971000,1,-1
1445,chr5,50440636,50440986,51383166,51383515,EH38E2370360,EH38E2370699,50440000,50441000,51383000,51384000,1,-1
1446,chr5,50667233,50667387,51383166,51383515,EH38E3635529,EH38E2370699,50667000,50668000,51383000,51384000,1,-1
1447,chr5,50667723,50668014,51383166,51383515,EH38E3635531,EH38E2370699,50667000,50668000,51383000,51384000,1,-1
1448,chr5,51226365,51226711,51383166,51383515,EH38E2370662,EH38E2370699,51226000,51227000,51383000,51384000,1,-1
1449,chr5,51881956,51882299,51383166,51383515,EH38E2370836,EH38E2370699,51882000,51883000,51383000,51384000,1,-1
1450,chr5,52799366,52799715,51383166,51383515,EH38E3635915,EH38E2370699,52799000,52800000,51383000,51384000,1,-1
1451,chr5,54310873,54311041,51383166,51383515,EH38E3636437,EH38E2370699,54311000,54312000,51383000,51384000,1,-1
1452,chr5,50440636,50440986,51383625,51383863,EH38E2370360,EH38E2370700,50440000,50441000,51383000,51384000,1,-1
1453,chr5,50667233,50667387,51383625,51383863,EH38E3635529,EH38E2370700,50667000,50668000,51383000,51384000,1,-1
1454,chr5,50667723,50668014,51383625,51383863,EH38E3635531,EH38E2370700,50667000,50668000,51383000,51384000,1,-1
1455,chr5,51226365,51226711,51383625,51383863,EH38E2370662,EH38E2370700,51226000,51227000,51383000,51384000,1,-1
1456,chr5,51881956,51882299,51383625,51383863,EH38E2370836,EH38E2370700,51882000,51883000,51383000,51384000,1,-1
1457,chr5,52799366,52799715,51383625,51383863,EH38E3635915,EH38E2370700,52799000,52800000,51383000,51384000,1,-1
1458,chr5,54310873,54311041,51383625,51383863,EH38E3636437,EH38E2370700,54311000,54312000,51383000,51384000,1,-1
1459,chr5,52800650,52800994,52787777,52788119,EH38E3635918,EH38E3635909,52800000,52801000,52787000,52788000,25,-1
1460,chr5,50667723,50668014,52787777,52788119,EH38E3635531,EH38E3635909,50668000,50669000,52788000,52789000,1,-1
1461,chr5,51172989,51173274,52787777,52788119,EH38E2370645,EH38E3635909,51173000,51174000,52788000,52789000,1,-1
1462,chr5,52799366,52799715,52787777,52788119,EH38E3635915,EH38E3635909,52799000,52800000,52788000,52789000,24,-1
1463,chr5,54018466,54018815,52787777,52788119,EH38E2371761,EH38E3635909,54018000,54019000,52788000,52789000,1,-1
1464,chr5,52799366,52799715,52799879,52800229,EH38E3635915,EH38E3635916,52799000,52800000,52799000,52800000,284,-1
1465,chr5,50667723,50668014,52799879,52800229,EH38E3635531,EH38E3635916,50668000,50669000,52800000,52801000,1,-1
1466,chr5,51172989,51173274,52799879,52800229,EH38E2370645,EH38E3635916,51173000,51174000,52800000,52801000,1,-1
1467,chr5,52800650,52800994,52799879,52800229,EH38E3635918,EH38E3635916,52800000,52801000,52800000,52801000,578,-1
1468,chr5,53560839,53561041,52799879,52800229,EH38E3636210,EH38E3635916,53561000,53562000,52800000,52801000,1,-1
1469,chr5,50440636,50440986,52989089,52989377,EH38E2370360,EH38E3635991,50440000,50441000,52989000,52990000,1,-1
1470,chr5,52799366,52799715,52989089,52989377,EH38E3635915,EH38E3635991,52799000,52800000,52989000,52990000,2,-1
1471,chr5,52800650,52800994,52989089,52989377,EH38E3635918,EH38E3635991,52800000,52801000,52989000,52990000,2,-1
1472,chr5,53560839,53561041,52989089,52989377,EH38E3636210,EH38E3635991,53561000,53562000,52989000,52990000,1,-1
1473,chr5,54018466,54018815,52989089,52989377,EH38E2371761,EH38E3635991,54018000,54019000,52989000,52990000,1,-1
1474,chr5,54310027,54310231,52989089,52989377,EH38E2371941,EH38E3635991,54310000,54311000,52989000,52990000,1,-1
1475,chr5,54310235,54310442,52989089,52989377,EH38E2371942,EH38E3635991,54310000,54311000,52989000,52990000,1,-1
1476,chr5,54310873,54311041,52989089,52989377,EH38E3636437,EH38E3635991,54310000,54311000,52989000,52990000,1,-1
1477,chr5,50440636,50440986,52989407,52989623,EH38E2370360,EH38E3635992,50440000,50441000,52989000,52990000,1,-1
1478,chr5,52799366,52799715,52989407,52989623,EH38E3635915,EH38E3635992,52799000,52800000,52989000,52990000,2,-1
1479,chr5,52800650,52800994,52989407,52989623,EH38E3635918,EH38E3635992,52800000,52801000,52989000,52990000,2,-1
1480,chr5,53560839,53561041,52989407,52989623,EH38E3636210,EH38E3635992,53561000,53562000,52989000,52990000,1,-1
1481,chr5,54018466,54018815,52989407,52989623,EH38E2371761,EH38E3635992,54018000,54019000,52989000,52990000,1,-1
1482,chr5,54310027,54310231,52989407,52989623,EH38E2371941,EH38E3635992,54310000,54311000,52989000,52990000,1,-1
1483,chr5,54310235,54310442,52989407,52989623,EH38E2371942,EH38E3635992,54310000,54311000,52989000,52990000,1,-1
1484,chr5,54310873,54311041,52989407,52989623,EH38E3636437,EH38E3635992,54310000,54311000,52989000,52990000,1,-1
1485,chr5,50440636,50440986,52989890,52990129,EH38E2370360,EH38E2371252,50440000,50441000,52989000,52990000,1,-1
1486,chr5,52799366,52799715,52989890,52990129,EH38E3635915,EH38E2371252,52799000,52800000,52989000,52990000,2,-1
1487,chr5,52800650,52800994,52989890,52990129,EH38E3635918,EH38E2371252,52800000,52801000,52989000,52990000,2,-1
1488,chr5,53560839,53561041,52989890,52990129,EH38E3636210,EH38E2371252,53561000,53562000,52989000,52990000,1,-1
1489,chr5,54018466,54018815,52989890,52990129,EH38E2371761,EH38E2371252,54018000,54019000,52989000,52990000,1,-1
1490,chr5,54310027,54310231,52989890,52990129,EH38E2371941,EH38E2371252,54310000,54311000,52989000,52990000,1,-1
1491,chr5,54310235,54310442,52989890,52990129,EH38E2371942,EH38E2371252,54310000,54311000,52989000,52990000,1,-1
1492,chr5,54310873,54311041,52989890,52990129,EH38E3636437,EH38E2371252,54310000,54311000,52989000,52990000,1,-1
1493,chr5,52799366,52799715,53109624,53109972,EH38E3635915,EH38E3636055,52799000,52800000,53109000,53110000,1,-1
1494,chr5,54310027,54310231,53109624,53109972,EH38E2371941,EH38E3636055,54310000,54311000,53109000,53110000,1,-1
1495,chr5,54310235,54310442,53109624,53109972,EH38E2371942,EH38E3636055,54310000,54311000,53109000,53110000,1,-1
1496,chr5,54310873,54311041,53109624,53109972,EH38E3636437,EH38E3636055,54310000,54311000,53109000,53110000,1,-1
1497,chr5,53560839,53561041,53560480,53560821,EH38E3636210,EH38E2371588,53560000,53561000,53560000,53561000,202,-1
1498,chr5,54310027,54310231,53560480,53560821,EH38E2371941,EH38E2371588,54310000,54311000,53560000,53561000,1,-1
1499,chr5,54310235,54310442,53560480,53560821,EH38E2371942,EH38E2371588,54310000,54311000,53560000,53561000,1,-1
1500,chr5,54310873,54311041,53560480,53560821,EH38E3636437,EH38E2371588,54310000,54311000,53560000,53561000,1,-1
1501,chr5,53560839,53561041,54310468,54310818,EH38E3636210,EH38E3636436,53560000,53561000,54310000,54311000,1,-1
1502,chr5,54310027,54310231,54310468,54310818,EH38E2371941,EH38E3636436,54310000,54311000,54310000,54311000,434,-1
1503,chr5,54310235,54310442,54310468,54310818,EH38E2371942,EH38E3636436,54310000,54311000,54310000,54311000,434,-1
1504,chr5,54310873,54311041,54310468,54310818,EH38E3636437,EH38E3636436,54310000,54311000,54310000,54311000,434,-1
1505,chr5,53560839,53561041,54517504,54517851,EH38E3636210,EH38E3636518,53560000,53561000,54517000,54518000,1,-1
1506,chr5,54310027,54310231,54517504,54517851,EH38E2371941,EH38E3636518,54310000,54311000,54517000,54518000,1,-1
1507,chr5,54310235,54310442,54517504,54517851,EH38E2371942,EH38E3636518,54310000,54311000,54517000,54518000,1,-1
1508,chr5,54310873,54311041,54517504,54517851,EH38E3636437,EH38E3636518,54310000,54311000,54517000,54518000,1,-1
1509,chr5,55159821,55159991,54517504,54517851,EH38E3636804,EH38E3636518,55159000,55160000,54517000,54518000,1,-1
1510,chr5,53560839,53561041,54517886,54518098,EH38E3636210,EH38E3636519,53560000,53561000,54517000,54518000,1,-1
1511,chr5,54310027,54310231,54517886,54518098,EH38E2371941,EH38E3636519,54310000,54311000,54517000,54518000,1,-1
1512,chr5,54310235,54310442,54517886,54518098,EH38E2371942,EH38E3636519,54310000,54311000,54517000,54518000,1,-1
1513,chr5,54310873,54311041,54517886,54518098,EH38E3636437,EH38E3636519,54310000,54311000,54517000,54518000,1,-1
1514,chr5,54009865,54010140,54517886,54518098,EH38E3636321,EH38E3636519,54010000,54011000,54518000,54519000,1,-1
1515,chr5,55159821,55159991,54517886,54518098,EH38E3636804,EH38E3636519,55159000,55160000,54518000,54519000,5,-1
1516,chr5,55159821,55159991,55160002,55160290,EH38E3636804,EH38E3636805,55159000,55160000,55160000,55161000,70,-1
1517,chr5,55534466,55534692,55160002,55160290,EH38E3636971,EH38E3636805,55534000,55535000,55160000,55161000,1,-1
1518,chr5,55438241,55438589,55172978,55173133,EH38E2372712,EH38E3636811,55438000,55439000,55172000,55173000,1,-1
1519,chr5,55439077,55439424,55172978,55173133,EH38E3636927,EH38E3636811,55439000,55440000,55172000,55173000,1,-1
1520,chr5,55534466,55534692,55172978,55173133,EH38E3636971,EH38E3636811,55534000,55535000,55172000,55173000,1,-1
1521,chr5,55535305,55535515,55172978,55173133,EH38E2372781,EH38E3636811,55535000,55536000,55172000,55173000,2,-1
1522,chr5,54009865,54010140,55172978,55173133,EH38E3636321,EH38E3636811,54009000,54010000,55173000,55174000,1,-1
1523,chr5,55159821,55159991,55172978,55173133,EH38E3636804,EH38E3636811,55159000,55160000,55173000,55174000,4,-1
1524,chr5,55994522,55994799,55172978,55173133,EH38E2373046,EH38E3636811,55994000,55995000,55173000,55174000,1,-1
1525,chr5,57835263,57835498,55172978,55173133,EH38E2374383,EH38E3636811,57835000,57836000,55173000,55174000,1,-1
1526,chr5,54009865,54010140,55173137,55173484,EH38E3636321,EH38E3636812,54009000,54010000,55173000,55174000,1,-1
1527,chr5,55159821,55159991,55173137,55173484,EH38E3636804,EH38E3636812,55159000,55160000,55173000,55174000,4,-1
1528,chr5,55534466,55534692,55173137,55173484,EH38E3636971,EH38E3636812,55534000,55535000,55173000,55174000,1,-1
1529,chr5,55535305,55535515,55173137,55173484,EH38E2372781,EH38E3636812,55535000,55536000,55173000,55174000,1,-1
1530,chr5,55994522,55994799,55173137,55173484,EH38E2373046,EH38E3636812,55994000,55995000,55173000,55174000,1,-1
1531,chr5,57835263,57835498,55173137,55173484,EH38E2374383,EH38E3636812,57835000,57836000,55173000,55174000,1,-1
1532,chr5,55159821,55159991,55227145,55227489,EH38E3636804,EH38E3636845,55159000,55160000,55227000,55228000,3,-1
1533,chr5,55534466,55534692,55227145,55227489,EH38E3636971,EH38E3636845,55534000,55535000,55227000,55228000,1,-1
1534,chr5,55625059,55625402,55227145,55227489,EH38E3637029,EH38E3636845,55625000,55626000,55227000,55228000,2,-1
1535,chr5,55625506,55625823,55227145,55227489,EH38E2372858,EH38E3636845,55625000,55626000,55227000,55228000,2,-1
1536,chr5,55995302,55995513,55227145,55227489,EH38E3637173,EH38E3636845,55995000,55996000,55227000,55228000,1,-1
1537,chr5,52799366,52799715,55233544,55233890,EH38E3635915,EH38E3636860,52799000,52800000,55233000,55234000,2,-1
1538,chr5,54310027,54310231,55233544,55233890,EH38E2371941,EH38E3636860,54310000,54311000,55233000,55234000,2,-1
1539,chr5,54310235,54310442,55233544,55233890,EH38E2371942,EH38E3636860,54310000,54311000,55233000,55234000,2,-1
1540,chr5,54310873,54311041,55233544,55233890,EH38E3636437,EH38E3636860,54310000,54311000,55233000,55234000,2,-1
1541,chr5,55159821,55159991,55233544,55233890,EH38E3636804,EH38E3636860,55159000,55160000,55233000,55234000,2,-1
1542,chr5,55534466,55534692,55233544,55233890,EH38E3636971,EH38E3636860,55534000,55535000,55233000,55234000,1,-1
1543,chr5,55625059,55625402,55233544,55233890,EH38E3637029,EH38E3636860,55625000,55626000,55233000,55234000,1,-1
1544,chr5,55625506,55625823,55233544,55233890,EH38E2372858,EH38E3636860,55625000,55626000,55233000,55234000,1,-1
1545,chr5,56909810,56910160,55233544,55233890,EH38E2373841,EH38E3636860,56910000,56911000,55233000,55234000,1,-1
1546,chr5,56910173,56910330,55233544,55233890,EH38E2373842,EH38E3636860,56910000,56911000,55233000,55234000,1,-1
1547,chr5,56910427,56910583,55233544,55233890,EH38E3637723,EH38E3636860,56910000,56911000,55233000,55234000,1,-1
1548,chr5,54310027,54310231,55307649,55307997,EH38E2371941,EH38E2372625,54310000,54311000,55307000,55308000,1,-1
1549,chr5,54310235,54310442,55307649,55307997,EH38E2371942,EH38E2372625,54310000,54311000,55307000,55308000,1,-1
1550,chr5,54310873,54311041,55307649,55307997,EH38E3636437,EH38E2372625,54310000,54311000,55307000,55308000,1,-1
1551,chr5,55159821,55159991,55307649,55307997,EH38E3636804,EH38E2372625,55159000,55160000,55307000,55308000,1,-1
1552,chr5,55438241,55438589,55307649,55307997,EH38E2372712,EH38E2372625,55438000,55439000,55307000,55308000,2,-1
1553,chr5,55439077,55439424,55307649,55307997,EH38E3636927,EH38E2372625,55439000,55440000,55307000,55308000,3,-1
1554,chr5,55484553,55484903,55307649,55307997,EH38E3636950,EH38E2372625,55484000,55485000,55307000,55308000,2,-1
1555,chr5,55534466,55534692,55307649,55307997,EH38E3636971,EH38E2372625,55534000,55535000,55307000,55308000,2,-1
1556,chr5,55625059,55625402,55307649,55307997,EH38E3637029,EH38E2372625,55625000,55626000,55307000,55308000,1,-1
1557,chr5,55625506,55625823,55307649,55307997,EH38E2372858,EH38E2372625,55625000,55626000,55307000,55308000,1,-1
1558,chr5,55994522,55994799,55307649,55307997,EH38E2373046,EH38E2372625,55994000,55995000,55307000,55308000,2,-1
1559,chr5,55995302,55995513,55307649,55307997,EH38E3637173,EH38E2372625,55995000,55996000,55307000,55308000,1,-1
1560,chr5,57174260,57174420,55307649,55307997,EH38E3637792,EH38E2372625,57174000,57175000,55307000,55308000,1,-1
1561,chr5,54310873,54311041,55534709,55534868,EH38E3636437,EH38E3636972,54311000,54312000,55534000,55535000,1,-1
1562,chr5,55159821,55159991,55534709,55534868,EH38E3636804,EH38E3636972,55159000,55160000,55534000,55535000,2,-1
1563,chr5,55438241,55438589,55534709,55534868,EH38E2372712,EH38E3636972,55438000,55439000,55534000,55535000,8,-1
1564,chr5,55439077,55439424,55534709,55534868,EH38E3636927,EH38E3636972,55439000,55440000,55534000,55535000,8,-1
1565,chr5,55484553,55484903,55534709,55534868,EH38E3636950,EH38E3636972,55484000,55485000,55534000,55535000,9,-1
1566,chr5,55485110,55485457,55534709,55534868,EH38E2372744,EH38E3636972,55485000,55486000,55534000,55535000,5,-1
1567,chr5,55534466,55534692,55534709,55534868,EH38E3636971,EH38E3636972,55534000,55535000,55534000,55535000,759,-1
1568,chr5,55535305,55535515,55534709,55534868,EH38E2372781,EH38E3636972,55535000,55536000,55534000,55535000,256,-1
1569,chr5,55625059,55625402,55534709,55534868,EH38E3637029,EH38E3636972,55625000,55626000,55534000,55535000,6,-1
1570,chr5,55625506,55625823,55534709,55534868,EH38E2372858,EH38E3636972,55625000,55626000,55534000,55535000,6,-1
1571,chr5,55994522,55994799,55534709,55534868,EH38E2373046,EH38E3636972,55994000,55995000,55534000,55535000,1,-1
1572,chr5,55995302,55995513,55534709,55534868,EH38E3637173,EH38E3636972,55995000,55996000,55534000,55535000,1,-1
1573,chr5,54310873,54311041,55534929,55535265,EH38E3636437,EH38E3636973,54311000,54312000,55534000,55535000,1,-1
1574,chr5,55159821,55159991,55534929,55535265,EH38E3636804,EH38E3636973,55159000,55160000,55534000,55535000,2,-1
1575,chr5,55438241,55438589,55534929,55535265,EH38E2372712,EH38E3636973,55438000,55439000,55534000,55535000,8,-1
1576,chr5,55439077,55439424,55534929,55535265,EH38E3636927,EH38E3636973,55439000,55440000,55534000,55535000,8,-1
1577,chr5,55484553,55484903,55534929,55535265,EH38E3636950,EH38E3636973,55484000,55485000,55534000,55535000,9,-1
1578,chr5,55534466,55534692,55534929,55535265,EH38E3636971,EH38E3636973,55534000,55535000,55534000,55535000,759,-1
1579,chr5,55625059,55625402,55534929,55535265,EH38E3637029,EH38E3636973,55625000,55626000,55534000,55535000,6,-1
1580,chr5,55625506,55625823,55534929,55535265,EH38E2372858,EH38E3636973,55625000,55626000,55534000,55535000,6,-1
1581,chr5,55994522,55994799,55534929,55535265,EH38E2373046,EH38E3636973,55994000,55995000,55534000,55535000,1,-1
1582,chr5,55995302,55995513,55534929,55535265,EH38E3637173,EH38E3636973,55995000,55996000,55534000,55535000,1,-1
1583,chr5,55485110,55485457,55534929,55535265,EH38E2372744,EH38E3636973,55485000,55486000,55535000,55536000,6,-1
1584,chr5,55535305,55535515,55534929,55535265,EH38E2372781,EH38E3636973,55535000,55536000,55535000,55536000,304,-1
1585,chr5,55438241,55438589,55712291,55712641,EH38E2372712,EH38E2372918,55438000,55439000,55712000,55713000,2,-1
1586,chr5,55439077,55439424,55712291,55712641,EH38E3636927,EH38E2372918,55439000,55440000,55712000,55713000,3,-1
1587,chr5,55534466,55534692,55712291,55712641,EH38E3636971,EH38E2372918,55534000,55535000,55712000,55713000,4,-1
1588,chr5,55535305,55535515,55712291,55712641,EH38E2372781,EH38E2372918,55535000,55536000,55712000,55713000,5,-1
1589,chr5,55625059,55625402,55712291,55712641,EH38E3637029,EH38E2372918,55625000,55626000,55712000,55713000,2,-1
1590,chr5,55625506,55625823,55712291,55712641,EH38E2372858,EH38E2372918,55625000,55626000,55712000,55713000,2,-1
1591,chr5,55994522,55994799,55712291,55712641,EH38E2373046,EH38E2372918,55994000,55995000,55712000,55713000,1,-1
1592,chr5,55534466,55534692,55994887,55995237,EH38E3636971,EH38E3637172,55534000,55535000,55994000,55995000,1,-1
1593,chr5,55994522,55994799,55994887,55995237,EH38E2373046,EH38E3637172,55994000,55995000,55994000,55995000,190,-1
1594,chr5,56909810,56910160,55994887,55995237,EH38E2373841,EH38E3637172,56909000,56910000,55994000,55995000,1,-1
1595,chr5,55995302,55995513,55994887,55995237,EH38E3637173,EH38E3637172,55995000,55996000,55995000,55996000,387,-1
1596,chr5,56910173,56910330,55994887,55995237,EH38E2373842,EH38E3637172,56910000,56911000,55995000,55996000,1,-1
1597,chr5,56910427,56910583,55994887,55995237,EH38E3637723,EH38E3637172,56910000,56911000,55995000,55996000,1,-1
1598,chr5,55994522,55994799,56815200,56815545,EH38E2373046,EH38E2373768,55994000,55995000,56815000,56816000,1,-1
1599,chr5,55995302,55995513,56815200,56815545,EH38E3637173,EH38E2373768,55995000,55996000,56815000,56816000,1,-1
1600,chr5,56909810,56910160,56815200,56815545,EH38E2373841,EH38E2373768,56909000,56910000,56815000,56816000,2,-1
1601,chr5,56910173,56910330,56815200,56815545,EH38E2373842,EH38E2373768,56910000,56911000,56815000,56816000,3,-1
1602,chr5,56910427,56910583,56815200,56815545,EH38E3637723,EH38E2373768,56910000,56911000,56815000,56816000,3,-1
1603,chr5,57173272,57173459,56815200,56815545,EH38E3637789,EH38E2373768,57173000,57174000,56815000,56816000,2,-1
1604,chr5,57173533,57173878,56815200,56815545,EH38E3637790,EH38E2373768,57173000,57174000,56815000,56816000,2,-1
1605,chr5,55994522,55994799,56909228,56909382,EH38E2373046,EH38E3637722,55994000,55995000,56909000,56910000,1,-1
1606,chr5,55995302,55995513,56909228,56909382,EH38E3637173,EH38E3637722,55995000,55996000,56909000,56910000,1,-1
1607,chr5,56909810,56910160,56909228,56909382,EH38E2373841,EH38E3637722,56909000,56910000,56909000,56910000,308,-1
1608,chr5,56910173,56910330,56909228,56909382,EH38E2373842,EH38E3637722,56910000,56911000,56909000,56910000,60,-1
1609,chr5,56910427,56910583,56909228,56909382,EH38E3637723,EH38E3637722,56910000,56911000,56909000,56910000,60,-1
1610,chr5,57173272,57173459,56909228,56909382,EH38E3637789,EH38E3637722,57173000,57174000,56909000,56910000,5,-1
1611,chr5,57173533,57173878,56909228,56909382,EH38E3637790,EH38E3637722,57173000,57174000,56909000,56910000,5,-1
1612,chr5,57174260,57174420,56909228,56909382,EH38E3637792,EH38E3637722,57174000,57175000,56909000,56910000,9,-1
1613,chr5,55994522,55994799,56909426,56909728,EH38E2373046,EH38E2373840,55994000,55995000,56909000,56910000,1,-1
1614,chr5,55995302,55995513,56909426,56909728,EH38E3637173,EH38E2373840,55995000,55996000,56909000,56910000,1,-1
1615,chr5,56909810,56910160,56909426,56909728,EH38E2373841,EH38E2373840,56909000,56910000,56909000,56910000,308,-1
1616,chr5,56910173,56910330,56909426,56909728,EH38E2373842,EH38E2373840,56910000,56911000,56909000,56910000,60,-1
1617,chr5,56910427,56910583,56909426,56909728,EH38E3637723,EH38E2373840,56910000,56911000,56909000,56910000,60,-1
1618,chr5,57173272,57173459,56909426,56909728,EH38E3637789,EH38E2373840,57173000,57174000,56909000,56910000,5,-1
1619,chr5,57173533,57173878,56909426,56909728,EH38E3637790,EH38E2373840,57173000,57174000,56909000,56910000,5,-1
1620,chr5,57174260,57174420,56909426,56909728,EH38E3637792,EH38E2373840,57174000,57175000,56909000,56910000,9,-1
1621,chr5,55995302,55995513,56910619,56910830,EH38E3637173,EH38E2373844,55995000,55996000,56910000,56911000,1,-1
1622,chr5,56909810,56910160,56910619,56910830,EH38E2373841,EH38E2373844,56909000,56910000,56910000,56911000,60,-1
1623,chr5,56909810,56910160,56910619,56910830,EH38E2373841,EH38E2373844,56910000,56911000,56910000,56911000,286,-1
1624,chr5,56910173,56910330,56910619,56910830,EH38E2373842,EH38E2373844,56910000,56911000,56910000,56911000,286,-1
1625,chr5,56910427,56910583,56910619,56910830,EH38E3637723,EH38E2373844,56910000,56911000,56910000,56911000,286,-1
1626,chr5,57173272,57173459,56910619,56910830,EH38E3637789,EH38E2373844,57173000,57174000,56910000,56911000,4,-1
1627,chr5,57173533,57173878,56910619,56910830,EH38E3637790,EH38E2373844,57173000,57174000,56910000,56911000,4,-1
1628,chr5,57174260,57174420,56910619,56910830,EH38E3637792,EH38E2373844,57174000,57175000,56910000,56911000,5,-1
1629,chr5,55995302,55995513,56952037,56952387,EH38E3637173,EH38E3637731,55995000,55996000,56952000,56953000,2,-1
1630,chr5,56909810,56910160,56952037,56952387,EH38E2373841,EH38E3637731,56909000,56910000,56952000,56953000,7,-1
1631,chr5,56910173,56910330,56952037,56952387,EH38E2373842,EH38E3637731,56910000,56911000,56952000,56953000,3,-1
1632,chr5,56910427,56910583,56952037,56952387,EH38E3637723,EH38E3637731,56910000,56911000,56952000,56953000,3,-1
1633,chr5,57173272,57173459,56952037,56952387,EH38E3637789,EH38E3637731,57173000,57174000,56952000,56953000,1,-1
1634,chr5,57173533,57173878,56952037,56952387,EH38E3637790,EH38E3637731,57173000,57174000,56952000,56953000,1,-1
1635,chr5,57174260,57174420,56952037,56952387,EH38E3637792,EH38E3637731,57174000,57175000,56952000,56953000,4,-1
1636,chr5,58259789,58260139,56952037,56952387,EH38E3638235,EH38E3637731,58260000,58261000,56952000,56953000,1,-1
1637,chr5,55439077,55439424,57173882,57174061,EH38E3636927,EH38E3637791,55439000,55440000,57173000,57174000,1,-1
1638,chr5,57173272,57173459,57173882,57174061,EH38E3637789,EH38E3637791,57173000,57174000,57173000,57174000,365,-1
1639,chr5,57173533,57173878,57173882,57174061,EH38E3637790,EH38E3637791,57173000,57174000,57173000,57174000,365,-1
1640,chr5,56909810,56910160,57173882,57174061,EH38E2373841,EH38E3637791,56909000,56910000,57174000,57175000,9,-1
1641,chr5,56910173,56910330,57173882,57174061,EH38E2373842,EH38E3637791,56910000,56911000,57174000,57175000,5,-1
1642,chr5,56910427,56910583,57173882,57174061,EH38E3637723,EH38E3637791,56910000,56911000,57174000,57175000,5,-1
1643,chr5,57174260,57174420,57173882,57174061,EH38E3637792,EH38E3637791,57174000,57175000,57174000,57175000,913,-1
1644,chr5,59126984,59127217,57173882,57174061,EH38E2375183,EH38E3637791,59126000,59127000,57174000,57175000,1,-1
1645,chr5,56909810,56910160,58459994,58460319,EH38E2373841,EH38E3638325,56909000,56910000,58459000,58460000,1,-1
1646,chr5,57174260,57174420,58459994,58460319,EH38E3637792,EH38E3638325,57174000,57175000,58459000,58460000,1,-1
1647,chr5,57835263,57835498,58459994,58460319,EH38E2374383,EH38E3638325,57835000,57836000,58459000,58460000,1,-1
1648,chr5,60699427,60699607,58459994,58460319,EH38E2376084,EH38E3638325,60699000,60700000,58459000,58460000,1,-1
1649,chr5,57173272,57173459,58459994,58460319,EH38E3637789,EH38E3638325,57173000,57174000,58460000,58461000,1,-1
1650,chr5,57173533,57173878,58459994,58460319,EH38E3637790,EH38E3638325,57173000,57174000,58460000,58461000,1,-1
1651,chr5,58259789,58260139,58459994,58460319,EH38E3638235,EH38E3638325,58259000,58260000,58460000,58461000,5,-1
1652,chr5,59709424,59709772,58459994,58460319,EH38E2375628,EH38E3638325,59709000,59710000,58460000,58461000,1,-1
1653,chr5,56910173,56910330,58582837,58583187,EH38E2373842,EH38E2374848,56910000,56911000,58582000,58583000,1,-1
1654,chr5,56910427,56910583,58582837,58583187,EH38E3637723,EH38E2374848,56910000,56911000,58582000,58583000,1,-1
1655,chr5,57174260,57174420,58582837,58583187,EH38E3637792,EH38E2374848,57174000,57175000,58582000,58583000,2,-1
1656,chr5,56909810,56910160,58582837,58583187,EH38E2373841,EH38E2374848,56909000,56910000,58583000,58584000,1,-1
1657,chr5,57835263,57835498,58582837,58583187,EH38E2374383,EH38E2374848,57835000,57836000,58583000,58584000,1,-1
1658,chr5,59126984,59127217,58582837,58583187,EH38E2375183,EH38E2374848,59126000,59127000,58583000,58584000,1,-1
1659,chr5,59127588,59127938,58582837,58583187,EH38E3638579,EH38E2374848,59127000,59128000,58583000,58584000,1,-1
1660,chr5,58259789,58260139,59039430,59039591,EH38E3638235,EH38E3638534,58259000,58260000,59039000,59040000,1,-1
1661,chr5,59126984,59127217,59039430,59039591,EH38E2375183,EH38E3638534,59126000,59127000,59039000,59040000,16,-1
1662,chr5,59127588,59127938,59039430,59039591,EH38E3638579,EH38E3638534,59127000,59128000,59039000,59040000,24,-1
1663,chr5,59709424,59709772,59039430,59039591,EH38E2375628,EH38E3638534,59709000,59710000,59039000,59040000,2,-1
1664,chr5,61162727,61163063,59039430,59039591,EH38E3639244,EH38E3638534,61162000,61163000,59039000,59040000,1,-1
1665,chr5,61330887,61331222,59039430,59039591,EH38E2376382,EH38E3638534,61331000,61332000,59039000,59040000,1,-1
1666,chr5,58259789,58260139,59039594,59039844,EH38E3638235,EH38E3638535,58259000,58260000,59039000,59040000,1,-1
1667,chr5,59126984,59127217,59039594,59039844,EH38E2375183,EH38E3638535,59126000,59127000,59039000,59040000,16,-1
1668,chr5,59127588,59127938,59039594,59039844,EH38E3638579,EH38E3638535,59127000,59128000,59039000,59040000,24,-1
1669,chr5,59709424,59709772,59039594,59039844,EH38E2375628,EH38E3638535,59709000,59710000,59039000,59040000,2,-1
1670,chr5,61162727,61163063,59039594,59039844,EH38E3639244,EH38E3638535,61162000,61163000,59039000,59040000,1,-1
1671,chr5,61330887,61331222,59039594,59039844,EH38E2376382,EH38E3638535,61331000,61332000,59039000,59040000,1,-1
1672,chr5,58259789,58260139,59039852,59040042,EH38E3638235,EH38E3638536,58259000,58260000,59039000,59040000,1,-1
1673,chr5,59126984,59127217,59039852,59040042,EH38E2375183,EH38E3638536,59126000,59127000,59039000,59040000,16,-1
1674,chr5,59127588,59127938,59039852,59040042,EH38E3638579,EH38E3638536,59127000,59128000,59039000,59040000,24,-1
1675,chr5,59709424,59709772,59039852,59040042,EH38E2375628,EH38E3638536,59709000,59710000,59039000,59040000,2,-1
1676,chr5,61162727,61163063,59039852,59040042,EH38E3639244,EH38E3638536,61162000,61163000,59039000,59040000,1,-1
1677,chr5,61330887,61331222,59039852,59040042,EH38E2376382,EH38E3638536,61331000,61332000,59039000,59040000,1,-1
1678,chr5,56909810,56910160,59039852,59040042,EH38E2373841,EH38E3638536,56909000,56910000,59040000,59041000,1,-1
1679,chr5,59127588,59127938,59275970,59276275,EH38E3638579,EH38E2375317,59127000,59128000,59275000,59276000,1,-1
1680,chr5,59126984,59127217,59275970,59276275,EH38E2375183,EH38E2375317,59126000,59127000,59276000,59277000,1,-1
1681,chr5,59126984,59127217,59768485,59768695,EH38E2375183,EH38E2375682,59126000,59127000,59768000,59769000,1,-1
1682,chr5,59127588,59127938,59768485,59768695,EH38E3638579,EH38E2375682,59127000,59128000,59768000,59769000,1,-1
1683,chr5,59709424,59709772,59768485,59768695,EH38E2375628,EH38E2375682,59709000,59710000,59768000,59769000,2,-1
1684,chr5,60700395,60700603,59768485,59768695,EH38E2376088,EH38E2375682,60700000,60701000,59768000,59769000,1,-1
1685,chr5,57174260,57174420,59893655,59893867,EH38E3637792,EH38E3638895,57174000,57175000,59893000,59894000,1,-1
1686,chr5,60699427,60699607,59893655,59893867,EH38E2376084,EH38E3638895,60699000,60700000,59893000,59894000,1,-1
1687,chr5,60700395,60700603,59893655,59893867,EH38E2376088,EH38E3638895,60700000,60701000,59893000,59894000,2,-1
1688,chr5,60699427,60699607,60699610,60699767,EH38E2376084,EH38E2376085,60699000,60700000,60699000,60700000,318,-1
1689,chr5,60700395,60700603,60699610,60699767,EH38E2376088,EH38E2376085,60700000,60701000,60699000,60700000,280,-1
1690,chr5,60797625,60797782,60699610,60699767,EH38E2376116,EH38E2376085,60797000,60798000,60699000,60700000,1,-1
1691,chr5,60797792,60798094,60699610,60699767,EH38E3639144,EH38E2376085,60797000,60798000,60699000,60700000,1,-1
1692,chr5,61162727,61163063,60699610,60699767,EH38E3639244,EH38E2376085,61162000,61163000,60699000,60700000,1,-1
1693,chr5,61330887,61331222,60699610,60699767,EH38E2376382,EH38E2376085,61330000,61331000,60699000,60700000,1,-1
1694,chr5,62074787,62075050,60699610,60699767,EH38E2376763,EH38E2376085,62074000,62075000,60699000,60700000,1,-1
1695,chr5,60699427,60699607,60699776,60699936,EH38E2376084,EH38E3639118,60699000,60700000,60699000,60700000,318,-1
1696,chr5,60700395,60700603,60699776,60699936,EH38E2376088,EH38E3639118,60700000,60701000,60699000,60700000,280,-1
1697,chr5,60797625,60797782,60699776,60699936,EH38E2376116,EH38E3639118,60797000,60798000,60699000,60700000,1,-1
1698,chr5,60797792,60798094,60699776,60699936,EH38E3639144,EH38E3639118,60797000,60798000,60699000,60700000,1,-1
1699,chr5,61162727,61163063,60699776,60699936,EH38E3639244,EH38E3639118,61162000,61163000,60699000,60700000,1,-1
1700,chr5,61330887,61331222,60699776,60699936,EH38E2376382,EH38E3639118,61330000,61331000,60699000,60700000,1,-1
1701,chr5,62074787,62075050,60699776,60699936,EH38E2376763,EH38E3639118,62074000,62075000,60699000,60700000,1,-1
1702,chr5,60699427,60699607,60699968,60700315,EH38E2376084,EH38E2376087,60699000,60700000,60699000,60700000,318,-1
1703,chr5,61162727,61163063,60699968,60700315,EH38E3639244,EH38E2376087,61162000,61163000,60699000,60700000,1,-1
1704,chr5,61330887,61331222,60699968,60700315,EH38E2376382,EH38E2376087,61330000,61331000,60699000,60700000,1,-1
1705,chr5,62074787,62075050,60699968,60700315,EH38E2376763,EH38E2376087,62074000,62075000,60699000,60700000,1,-1
1706,chr5,60700395,60700603,60699968,60700315,EH38E2376088,EH38E2376087,60700000,60701000,60700000,60701000,374,-1
1707,chr5,60797625,60797782,60699968,60700315,EH38E2376116,EH38E2376087,60797000,60798000,60700000,60701000,5,-1
1708,chr5,60797792,60798094,60699968,60700315,EH38E3639144,EH38E2376087,60797000,60798000,60700000,60701000,5,-1
1709,chr5,59126984,59127217,60844139,60844483,EH38E2375183,EH38E2376154,59126000,59127000,60844000,60845000,1,-1
1710,chr5,60699427,60699607,60844139,60844483,EH38E2376084,EH38E2376154,60699000,60700000,60844000,60845000,8,-1
1711,chr5,60700395,60700603,60844139,60844483,EH38E2376088,EH38E2376154,60700000,60701000,60844000,60845000,11,-1
1712,chr5,60797625,60797782,60844139,60844483,EH38E2376116,EH38E2376154,60797000,60798000,60844000,60845000,7,-1
1713,chr5,60797792,60798094,60844139,60844483,EH38E3639144,EH38E2376154,60797000,60798000,60844000,60845000,7,-1
1714,chr5,61162727,61163063,60844139,60844483,EH38E3639244,EH38E2376154,61162000,61163000,60844000,60845000,2,-1
1715,chr5,61330887,61331222,60844139,60844483,EH38E2376382,EH38E2376154,61331000,61332000,60844000,60845000,1,-1
1716,chr5,60700395,60700603,60944946,60945286,EH38E2376088,EH38E3639189,60700000,60701000,60944000,60945000,3,-1
1717,chr5,60797625,60797782,60944946,60945286,EH38E2376116,EH38E3639189,60797000,60798000,60944000,60945000,2,-1
1718,chr5,60797792,60798094,60944946,60945286,EH38E3639144,EH38E3639189,60797000,60798000,60944000,60945000,2,-1
1719,chr5,61162727,61163063,60944946,60945286,EH38E3639244,EH38E3639189,61162000,61163000,60944000,60945000,2,-1
1720,chr5,60699427,60699607,60944946,60945286,EH38E2376084,EH38E3639189,60699000,60700000,60945000,60946000,4,-1
1721,chr5,61330887,61331222,60944946,60945286,EH38E2376382,EH38E3639189,61331000,61332000,60945000,60946000,2,-1
1722,chr5,62074787,62075050,60944946,60945286,EH38E2376763,EH38E3639189,62075000,62076000,60945000,60946000,1,-1
1723,chr5,62075156,62075500,60944946,60945286,EH38E2376764,EH38E3639189,62075000,62076000,60945000,60946000,1,-1
1724,chr5,60699427,60699607,60945317,60945482,EH38E2376084,EH38E3639190,60699000,60700000,60945000,60946000,4,-1
1725,chr5,60700395,60700603,60945317,60945482,EH38E2376088,EH38E3639190,60700000,60701000,60945000,60946000,2,-1
1726,chr5,60797792,60798094,60945317,60945482,EH38E3639144,EH38E3639190,60798000,60799000,60945000,60946000,2,-1
1727,chr5,61162727,61163063,60945317,60945482,EH38E3639244,EH38E3639190,61162000,61163000,60945000,60946000,2,-1
1728,chr5,61330887,61331222,60945317,60945482,EH38E2376382,EH38E3639190,61330000,61331000,60945000,60946000,1,-1
1729,chr5,62074787,62075050,60945317,60945482,EH38E2376763,EH38E3639190,62075000,62076000,60945000,60946000,1,-1
1730,chr5,62075156,62075500,60945317,60945482,EH38E2376764,EH38E3639190,62075000,62076000,60945000,60946000,1,-1
1731,chr5,60699427,60699607,61162023,61162247,EH38E2376084,EH38E3639243,60699000,60700000,61162000,61163000,1,-1
1732,chr5,60700395,60700603,61162023,61162247,EH38E2376088,EH38E3639243,60700000,60701000,61162000,61163000,1,-1
1733,chr5,61162727,61163063,61162023,61162247,EH38E3639244,EH38E3639243,61162000,61163000,61162000,61163000,582,-1
1734,chr5,61330887,61331222,61162023,61162247,EH38E2376382,EH38E3639243,61330000,61331000,61162000,61163000,9,-1
1735,chr5,62074787,62075050,61162023,61162247,EH38E2376763,EH38E3639243,62074000,62075000,61162000,61163000,1,-1
1736,chr5,60699427,60699607,61162325,61162674,EH38E2376084,EH38E2376259,60699000,60700000,61162000,61163000,1,-1
1737,chr5,60700395,60700603,61162325,61162674,EH38E2376088,EH38E2376259,60700000,60701000,61162000,61163000,1,-1
1738,chr5,61162727,61163063,61162325,61162674,EH38E3639244,EH38E2376259,61162000,61163000,61162000,61163000,582,-1
1739,chr5,61330887,61331222,61162325,61162674,EH38E2376382,EH38E2376259,61330000,61331000,61162000,61163000,9,-1
1740,chr5,62074787,62075050,61162325,61162674,EH38E2376763,EH38E2376259,62074000,62075000,61162000,61163000,1,-1
1741,chr5,60699427,60699607,61331913,61332263,EH38E2376084,EH38E3639322,60699000,60700000,61331000,61332000,1,-1
1742,chr5,60700395,60700603,61331913,61332263,EH38E2376088,EH38E3639322,60700000,60701000,61331000,61332000,1,-1
1743,chr5,60797625,60797782,61331913,61332263,EH38E2376116,EH38E3639322,60797000,60798000,61331000,61332000,1,-1
1744,chr5,60797792,60798094,61331913,61332263,EH38E3639144,EH38E3639322,60797000,60798000,61331000,61332000,1,-1
1745,chr5,61162727,61163063,61331913,61332263,EH38E3639244,EH38E3639322,61162000,61163000,61331000,61332000,21,-1
1746,chr5,61330887,61331222,61331913,61332263,EH38E2376382,EH38E3639322,61330000,61331000,61331000,61332000,263,-1
1747,chr5,61330887,61331222,61331913,61332263,EH38E2376382,EH38E3639322,61331000,61332000,61331000,61332000,657,-1
1748,chr5,60797625,60797782,62305916,62306263,EH38E2376116,EH38E2376862,60797000,60798000,62305000,62306000,1,-1
1749,chr5,60797792,60798094,62305916,62306263,EH38E3639144,EH38E2376862,60797000,60798000,62305000,62306000,1,-1
1750,chr5,61162727,61163063,62305916,62306263,EH38E3639244,EH38E2376862,61162000,61163000,62305000,62306000,1,-1
1751,chr5,61330887,61331222,62305916,62306263,EH38E2376382,EH38E2376862,61330000,61331000,62305000,62306000,1,-1
1752,chr5,62074787,62075050,62305916,62306263,EH38E2376763,EH38E2376862,62074000,62075000,62305000,62306000,1,-1
1753,chr5,62075156,62075500,62305916,62306263,EH38E2376764,EH38E2376862,62075000,62076000,62306000,62307000,3,-1
1754,chr5,62404216,62404403,62305916,62306263,EH38E3639662,EH38E2376862,62404000,62405000,62306000,62307000,3,-1
1755,chr5,61330887,61331222,62306317,62306506,EH38E2376382,EH38E3639621,61331000,61332000,62306000,62307000,1,-1
1756,chr5,62074787,62075050,62306317,62306506,EH38E2376763,EH38E3639621,62074000,62075000,62306000,62307000,1,-1
1757,chr5,62075156,62075500,62306317,62306506,EH38E2376764,EH38E3639621,62075000,62076000,62306000,62307000,3,-1
1758,chr5,62404216,62404403,62306317,62306506,EH38E3639662,EH38E3639621,62404000,62405000,62306000,62307000,3,-1
1759,chr5,62404216,62404403,62403512,62403675,EH38E3639662,EH38E2376928,62404000,62405000,62403000,62404000,58,-1
1760,chr5,62404216,62404403,62403817,62404166,EH38E3639662,EH38E3639661,62404000,62405000,62404000,62405000,163,-1
1761,chr5,60797792,60798094,62412485,62412835,EH38E3639144,EH38E2376934,60798000,60799000,62412000,62413000,1,-1
1762,chr5,62074787,62075050,62412485,62412835,EH38E2376763,EH38E2376934,62075000,62076000,62412000,62413000,1,-1
1763,chr5,62075156,62075500,62412485,62412835,EH38E2376764,EH38E2376934,62075000,62076000,62412000,62413000,1,-1
1764,chr5,62404216,62404403,62412485,62412835,EH38E3639662,EH38E2376934,62404000,62405000,62412000,62413000,18,-1
1765,chr5,64691010,64691209,64165777,64166116,EH38E3640037,EH38E3639947,64691000,64692000,64165000,64166000,2,-1
1766,chr5,64768232,64768492,64165777,64166116,EH38E2377528,EH38E3639947,64768000,64769000,64165000,64166000,2,-1
1767,chr5,65925987,65926138,64165777,64166116,EH38E3640394,EH38E3639947,65926000,65927000,64165000,64166000,1,-1
1768,chr5,64690643,64690977,64165777,64166116,EH38E3640036,EH38E3639947,64690000,64691000,64166000,64167000,2,-1
1769,chr5,65482819,65483168,64165777,64166116,EH38E3640241,EH38E3639947,65482000,65483000,64166000,64167000,1,-1
1770,chr5,65722934,65723109,64165777,64166116,EH38E3640298,EH38E3639947,65722000,65723000,64166000,64167000,1,-1
1771,chr5,62074787,62075050,64505851,64506201,EH38E2376763,EH38E2377417,62074000,62075000,64505000,64506000,1,-1
1772,chr5,66144440,66144712,64505851,64506201,EH38E3640451,EH38E2377417,66144000,66145000,64505000,64506000,1,-1
1773,chr5,64690643,64690977,64505851,64506201,EH38E3640036,EH38E2377417,64690000,64691000,64506000,64507000,4,-1
1774,chr5,64691010,64691209,64505851,64506201,EH38E3640037,EH38E2377417,64691000,64692000,64506000,64507000,1,-1
1775,chr5,64768232,64768492,64505851,64506201,EH38E2377528,EH38E2377417,64768000,64769000,64506000,64507000,1,-1
1776,chr5,67094796,67095067,64505851,64506201,EH38E3640860,EH38E2377417,67094000,67095000,64506000,64507000,1,-1
1777,chr5,64690643,64690977,64690399,64690639,EH38E3640036,EH38E3640035,64690000,64691000,64690000,64691000,755,-1
1778,chr5,64691010,64691209,64690399,64690639,EH38E3640037,EH38E3640035,64691000,64692000,64690000,64691000,420,-1
1779,chr5,64706173,64706474,64690399,64690639,EH38E2377508,EH38E3640035,64706000,64707000,64690000,64691000,11,-1
1780,chr5,64768232,64768492,64690399,64690639,EH38E2377528,EH38E3640035,64768000,64769000,64690000,64691000,16,-1
1781,chr5,65035392,65035722,64690399,64690639,EH38E2377654,EH38E3640035,65035000,65036000,64690000,64691000,4,-1
1782,chr5,65035760,65035943,64690399,64690639,EH38E2377655,EH38E3640035,65035000,65036000,64690000,64691000,4,-1
1783,chr5,65482819,65483168,64690399,64690639,EH38E3640241,EH38E3640035,65483000,65484000,64690000,64691000,1,-1
1784,chr5,65924800,65925020,64690399,64690639,EH38E2378120,EH38E3640035,65925000,65926000,64690000,64691000,1,-1
1785,chr5,65925576,65925926,64690399,64690639,EH38E2378122,EH38E3640035,65925000,65926000,64690000,64691000,1,-1
1786,chr5,65925987,65926138,64690399,64690639,EH38E3640394,EH38E3640035,65925000,65926000,64690000,64691000,1,-1
1787,chr5,64690643,64690977,64768528,64768867,EH38E3640036,EH38E2377529,64690000,64691000,64768000,64769000,16,-1
1788,chr5,64691010,64691209,64768528,64768867,EH38E3640037,EH38E2377529,64691000,64692000,64768000,64769000,5,-1
1789,chr5,64706173,64706474,64768528,64768867,EH38E2377508,EH38E2377529,64706000,64707000,64768000,64769000,2,-1
1790,chr5,64768232,64768492,64768528,64768867,EH38E2377528,EH38E2377529,64768000,64769000,64768000,64769000,309,-1
1791,chr5,65035392,65035722,64768528,64768867,EH38E2377654,EH38E2377529,65035000,65036000,64768000,64769000,2,-1
1792,chr5,65035760,65035943,64768528,64768867,EH38E2377655,EH38E2377529,65035000,65036000,64768000,64769000,2,-1
1793,chr5,65482819,65483168,64768528,64768867,EH38E3640241,EH38E2377529,65482000,65483000,64768000,64769000,2,-1
1794,chr5,65722934,65723109,64768528,64768867,EH38E3640298,EH38E2377529,65722000,65723000,64768000,64769000,1,-1
1795,chr5,65924800,65925020,64768528,64768867,EH38E2378120,EH38E2377529,65925000,65926000,64768000,64769000,1,-1
1796,chr5,65925576,65925926,64768528,64768867,EH38E2378122,EH38E2377529,65925000,65926000,64768000,64769000,1,-1
1797,chr5,65925987,65926138,64768528,64768867,EH38E3640394,EH38E2377529,65925000,65926000,64768000,64769000,1,-1
1798,chr5,64690643,64690977,64768873,64769041,EH38E3640036,EH38E3640050,64690000,64691000,64768000,64769000,16,-1
1799,chr5,64706173,64706474,64768873,64769041,EH38E2377508,EH38E3640050,64706000,64707000,64768000,64769000,2,-1
1800,chr5,64768232,64768492,64768873,64769041,EH38E2377528,EH38E3640050,64768000,64769000,64768000,64769000,309,-1
1801,chr5,65035392,65035722,64768873,64769041,EH38E2377654,EH38E3640050,65035000,65036000,64768000,64769000,2,-1
1802,chr5,65035760,65035943,64768873,64769041,EH38E2377655,EH38E3640050,65035000,65036000,64768000,64769000,2,-1
1803,chr5,65482819,65483168,64768873,64769041,EH38E3640241,EH38E3640050,65482000,65483000,64768000,64769000,2,-1
1804,chr5,65722934,65723109,64768873,64769041,EH38E3640298,EH38E3640050,65722000,65723000,64768000,64769000,1,-1
1805,chr5,65924800,65925020,64768873,64769041,EH38E2378120,EH38E3640050,65925000,65926000,64768000,64769000,1,-1
1806,chr5,65925576,65925926,64768873,64769041,EH38E2378122,EH38E3640050,65925000,65926000,64768000,64769000,1,-1
1807,chr5,65925987,65926138,64768873,64769041,EH38E3640394,EH38E3640050,65925000,65926000,64768000,64769000,1,-1
1808,chr5,64691010,64691209,64768873,64769041,EH38E3640037,EH38E3640050,64691000,64692000,64769000,64770000,6,-1
1809,chr5,64768232,64768492,65481789,65482135,EH38E2377528,EH38E3640239,64768000,64769000,65482000,65483000,2,-1
1810,chr5,65035392,65035722,65481789,65482135,EH38E2377654,EH38E3640239,65035000,65036000,65482000,65483000,3,-1
1811,chr5,65035760,65035943,65481789,65482135,EH38E2377655,EH38E3640239,65035000,65036000,65482000,65483000,3,-1
1812,chr5,65482819,65483168,65481789,65482135,EH38E3640241,EH38E3640239,65482000,65483000,65482000,65483000,185,-1
1813,chr5,65624602,65624809,65481789,65482135,EH38E3640269,EH38E3640239,65624000,65625000,65482000,65483000,1,-1
1814,chr5,64691010,64691209,65563039,65563388,EH38E3640037,EH38E2377917,64691000,64692000,65563000,65564000,1,-1
1815,chr5,65035392,65035722,65563039,65563388,EH38E2377654,EH38E2377917,65035000,65036000,65563000,65564000,1,-1
1816,chr5,65035760,65035943,65563039,65563388,EH38E2377655,EH38E2377917,65035000,65036000,65563000,65564000,1,-1
1817,chr5,65482819,65483168,65563039,65563388,EH38E3640241,EH38E2377917,65483000,65484000,65563000,65564000,2,-1
1818,chr5,65624602,65624809,65563039,65563388,EH38E3640269,EH38E2377917,65624000,65625000,65563000,65564000,3,-1
1819,chr5,65722934,65723109,65563039,65563388,EH38E3640298,EH38E2377917,65722000,65723000,65563000,65564000,2,-1
1820,chr5,66144440,66144712,65563039,65563388,EH38E3640451,EH38E2377917,66144000,66145000,65563000,65564000,2,-1
1821,chr5,65482819,65483168,65624232,65624567,EH38E3640241,EH38E3640268,65482000,65483000,65624000,65625000,1,-1
1822,chr5,65624602,65624809,65624232,65624567,EH38E3640269,EH38E3640268,65624000,65625000,65624000,65625000,169,-1
1823,chr5,65722934,65723109,65624232,65624567,EH38E3640298,EH38E3640268,65722000,65723000,65624000,65625000,5,-1
1824,chr5,65924800,65925020,65624232,65624567,EH38E2378120,EH38E3640268,65924000,65925000,65624000,65625000,1,-1
1825,chr5,65925576,65925926,65624232,65624567,EH38E2378122,EH38E3640268,65925000,65926000,65624000,65625000,1,-1
1826,chr5,65925987,65926138,65624232,65624567,EH38E3640394,EH38E3640268,65925000,65926000,65624000,65625000,1,-1
1827,chr5,66144440,66144712,65624232,65624567,EH38E3640451,EH38E3640268,66144000,66145000,65624000,65625000,2,-1
1828,chr5,67094796,67095067,65624232,65624567,EH38E3640860,EH38E3640268,67094000,67095000,65624000,65625000,1,-1
1829,chr5,65482819,65483168,65624809,65625016,EH38E3640241,EH38E3640270,65482000,65483000,65624000,65625000,1,-1
1830,chr5,65624602,65624809,65624809,65625016,EH38E3640269,EH38E3640270,65624000,65625000,65624000,65625000,169,-1
1831,chr5,65722934,65723109,65624809,65625016,EH38E3640298,EH38E3640270,65722000,65723000,65624000,65625000,5,-1
1832,chr5,65924800,65925020,65624809,65625016,EH38E2378120,EH38E3640270,65924000,65925000,65624000,65625000,1,-1
1833,chr5,66144440,66144712,65624809,65625016,EH38E3640451,EH38E3640270,66144000,66145000,65624000,65625000,2,-1
1834,chr5,67094796,67095067,65624809,65625016,EH38E3640860,EH38E3640270,67094000,67095000,65624000,65625000,1,-1
1835,chr5,65035392,65035722,65624809,65625016,EH38E2377654,EH38E3640270,65035000,65036000,65625000,65626000,1,-1
1836,chr5,65035760,65035943,65624809,65625016,EH38E2377655,EH38E3640270,65035000,65036000,65625000,65626000,1,-1
1837,chr5,65925576,65925926,65624809,65625016,EH38E2378122,EH38E3640270,65925000,65926000,65625000,65626000,2,-1
1838,chr5,65925987,65926138,65624809,65625016,EH38E3640394,EH38E3640270,65925000,65926000,65625000,65626000,2,-1
1839,chr5,67166235,67166397,65624809,65625016,EH38E3640902,EH38E3640270,67166000,67167000,65625000,65626000,1,-1
1840,chr5,67166594,67166942,65624809,65625016,EH38E2378887,EH38E3640270,67166000,67167000,65625000,65626000,1,-1
1841,chr5,64690643,64690977,65721996,65722345,EH38E3640036,EH38E3640296,64690000,64691000,65721000,65722000,1,-1
1842,chr5,65035392,65035722,65721996,65722345,EH38E2377654,EH38E3640296,65035000,65036000,65721000,65722000,1,-1
1843,chr5,65035760,65035943,65721996,65722345,EH38E2377655,EH38E3640296,65035000,65036000,65721000,65722000,1,-1
1844,chr5,65482819,65483168,65721996,65722345,EH38E3640241,EH38E3640296,65483000,65484000,65721000,65722000,1,-1
1845,chr5,65624602,65624809,65721996,65722345,EH38E3640269,EH38E3640296,65624000,65625000,65721000,65722000,5,-1
1846,chr5,65924800,65925020,65721996,65722345,EH38E2378120,EH38E3640296,65924000,65925000,65721000,65722000,2,-1
1847,chr5,66144440,66144712,65721996,65722345,EH38E3640451,EH38E3640296,66144000,66145000,65721000,65722000,5,-1
1848,chr5,64768232,64768492,65721996,65722345,EH38E2377528,EH38E3640296,64768000,64769000,65722000,65723000,1,-1
1849,chr5,65722934,65723109,65721996,65722345,EH38E3640298,EH38E3640296,65722000,65723000,65722000,65723000,404,-1
1850,chr5,65925576,65925926,65721996,65722345,EH38E2378122,EH38E3640296,65925000,65926000,65722000,65723000,4,-1
1851,chr5,65925987,65926138,65721996,65722345,EH38E3640394,EH38E3640296,65925000,65926000,65722000,65723000,4,-1
1852,chr5,67094796,67095067,65721996,65722345,EH38E3640860,EH38E3640296,67094000,67095000,65722000,65723000,1,-1
1853,chr5,64690643,64690977,65925072,65925420,EH38E3640036,EH38E2378121,64690000,64691000,65925000,65926000,1,-1
1854,chr5,64768232,64768492,65925072,65925420,EH38E2377528,EH38E2378121,64768000,64769000,65925000,65926000,1,-1
1855,chr5,65624602,65624809,65925072,65925420,EH38E3640269,EH38E2378121,65624000,65625000,65925000,65926000,1,-1
1856,chr5,65722934,65723109,65925072,65925420,EH38E3640298,EH38E2378121,65722000,65723000,65925000,65926000,4,-1
1857,chr5,65924800,65925020,65925072,65925420,EH38E2378120,EH38E2378121,65924000,65925000,65925000,65926000,268,-1
1858,chr5,65924800,65925020,65925072,65925420,EH38E2378120,EH38E2378121,65925000,65926000,65925000,65926000,310,-1
1859,chr5,65925576,65925926,65925072,65925420,EH38E2378122,EH38E2378121,65925000,65926000,65925000,65926000,310,-1
1860,chr5,65925987,65926138,65925072,65925420,EH38E3640394,EH38E2378121,65925000,65926000,65925000,65926000,310,-1
1861,chr5,66144440,66144712,65925072,65925420,EH38E3640451,EH38E2378121,66144000,66145000,65925000,65926000,8,-1
1862,chr5,64706173,64706474,65926377,65926724,EH38E2377508,EH38E3640396,64706000,64707000,65926000,65927000,1,-1
1863,chr5,64768232,64768492,65926377,65926724,EH38E2377528,EH38E3640396,64768000,64769000,65926000,65927000,1,-1
1864,chr5,65035392,65035722,65926377,65926724,EH38E2377654,EH38E3640396,65035000,65036000,65926000,65927000,1,-1
1865,chr5,65035760,65035943,65926377,65926724,EH38E2377655,EH38E3640396,65035000,65036000,65926000,65927000,1,-1
1866,chr5,65624602,65624809,65926377,65926724,EH38E3640269,EH38E3640396,65624000,65625000,65926000,65927000,2,-1
1867,chr5,65722934,65723109,65926377,65926724,EH38E3640298,EH38E3640396,65722000,65723000,65926000,65927000,3,-1
1868,chr5,65924800,65925020,65926377,65926724,EH38E2378120,EH38E3640396,65924000,65925000,65926000,65927000,27,-1
1869,chr5,65925576,65925926,65926377,65926724,EH38E2378122,EH38E3640396,65925000,65926000,65926000,65927000,273,-1
1870,chr5,65925987,65926138,65926377,65926724,EH38E3640394,EH38E3640396,65925000,65926000,65926000,65927000,273,-1
1871,chr5,65925987,65926138,65926377,65926724,EH38E3640394,EH38E3640396,65926000,65927000,65926000,65927000,251,-1
1872,chr5,66144440,66144712,65926377,65926724,EH38E3640451,EH38E3640396,66144000,66145000,65926000,65927000,14,-1
1873,chr5,67166235,67166397,65926377,65926724,EH38E3640902,EH38E3640396,67166000,67167000,65926000,65927000,1,-1
1874,chr5,67166594,67166942,65926377,65926724,EH38E2378887,EH38E3640396,67166000,67167000,65926000,65927000,1,-1
1875,chr5,65035392,65035722,66144095,66144440,EH38E2377654,EH38E2378212,65035000,65036000,66144000,66145000,1,-1
1876,chr5,65035760,65035943,66144095,66144440,EH38E2377655,EH38E2378212,65035000,65036000,66144000,66145000,1,-1
1877,chr5,65482819,65483168,66144095,66144440,EH38E3640241,EH38E2378212,65483000,65484000,66144000,66145000,1,-1
1878,chr5,65624602,65624809,66144095,66144440,EH38E3640269,EH38E2378212,65624000,65625000,66144000,66145000,2,-1
1879,chr5,65722934,65723109,66144095,66144440,EH38E3640298,EH38E2378212,65722000,65723000,66144000,66145000,3,-1
1880,chr5,65924800,65925020,66144095,66144440,EH38E2378120,EH38E2378212,65924000,65925000,66144000,66145000,7,-1
1881,chr5,65925576,65925926,66144095,66144440,EH38E2378122,EH38E2378212,65925000,65926000,66144000,66145000,8,-1
1882,chr5,65925987,65926138,66144095,66144440,EH38E3640394,EH38E2378212,65925000,65926000,66144000,66145000,8,-1
1883,chr5,66144440,66144712,66144095,66144440,EH38E3640451,EH38E2378212,66144000,66145000,66144000,66145000,411,-1
1884,chr5,65035392,65035722,66144729,66144915,EH38E2377654,EH38E2378214,65035000,65036000,66144000,66145000,1,-1
1885,chr5,65035760,65035943,66144729,66144915,EH38E2377655,EH38E2378214,65035000,65036000,66144000,66145000,1,-1
1886,chr5,65482819,65483168,66144729,66144915,EH38E3640241,EH38E2378214,65483000,65484000,66144000,66145000,1,-1
1887,chr5,65624602,65624809,66144729,66144915,EH38E3640269,EH38E2378214,65624000,65625000,66144000,66145000,2,-1
1888,chr5,65722934,65723109,66144729,66144915,EH38E3640298,EH38E2378214,65722000,65723000,66144000,66145000,3,-1
1889,chr5,65924800,65925020,66144729,66144915,EH38E2378120,EH38E2378214,65924000,65925000,66144000,66145000,7,-1
1890,chr5,65925576,65925926,66144729,66144915,EH38E2378122,EH38E2378214,65925000,65926000,66144000,66145000,8,-1
1891,chr5,65925987,65926138,66144729,66144915,EH38E3640394,EH38E2378214,65925000,65926000,66144000,66145000,8,-1
1892,chr5,66144440,66144712,66144729,66144915,EH38E3640451,EH38E2378214,66144000,66145000,66144000,66145000,411,-1
1893,chr5,64768232,64768492,66596145,66596495,EH38E2377528,EH38E3640609,64768000,64769000,66596000,66597000,1,-1
1894,chr5,66144440,66144712,66596145,66596495,EH38E3640451,EH38E3640609,66144000,66145000,66596000,66597000,2,-1
1895,chr5,67806001,67806292,66596145,66596495,EH38E3641166,EH38E3640609,67806000,67807000,66596000,66597000,1,-1
1896,chr5,69492974,69493212,66596145,66596495,EH38E2380332,EH38E3640609,69492000,69493000,66596000,66597000,1,-1
1897,chr5,64768232,64768492,66596542,66596717,EH38E2377528,EH38E3640610,64768000,64769000,66596000,66597000,1,-1
1898,chr5,66144440,66144712,66596542,66596717,EH38E3640451,EH38E3640610,66144000,66145000,66596000,66597000,2,-1
1899,chr5,67806001,67806292,66596542,66596717,EH38E3641166,EH38E3640610,67806000,67807000,66596000,66597000,1,-1
1900,chr5,69492974,69493212,66596542,66596717,EH38E2380332,EH38E3640610,69492000,69493000,66596000,66597000,1,-1
1901,chr5,64690643,64690977,66828608,66828920,EH38E3640036,EH38E2378572,64690000,64691000,66828000,66829000,1,-1
1902,chr5,67094796,67095067,66828608,66828920,EH38E3640860,EH38E2378572,67095000,67096000,66828000,66829000,4,-1
1903,chr5,67166235,67166397,66828608,66828920,EH38E3640902,EH38E2378572,67166000,67167000,66828000,66829000,5,-1
1904,chr5,67166594,67166942,66828608,66828920,EH38E2378887,EH38E2378572,67166000,67167000,66828000,66829000,5,-1
1905,chr5,67094796,67095067,66958694,66958850,EH38E3640860,EH38E2378695,67094000,67095000,66958000,66959000,1,-1
1906,chr5,67166235,67166397,66958694,66958850,EH38E3640902,EH38E2378695,67166000,67167000,66958000,66959000,1,-1
1907,chr5,67166594,67166942,66958694,66958850,EH38E2378887,EH38E2378695,67166000,67167000,66958000,66959000,1,-1
1908,chr5,69502785,69503101,66958694,66958850,EH38E3641872,EH38E2378695,69503000,69504000,66958000,66959000,1,-1
1909,chr5,69503163,69503421,66958694,66958850,EH38E2380349,EH38E2378695,69503000,69504000,66958000,66959000,1,-1
1910,chr5,67094796,67095067,67003921,67004271,EH38E3640860,EH38E3640808,67094000,67095000,67003000,67004000,1,-1
1911,chr5,68922265,68922419,67003921,67004271,EH38E3641667,EH38E3640808,68922000,68923000,67003000,67004000,1,-1
1912,chr5,68922423,68922757,67003921,67004271,EH38E2380053,EH38E3640808,68922000,68923000,67003000,67004000,1,-1
1913,chr5,69492974,69493212,67003921,67004271,EH38E2380332,EH38E3640808,69492000,69493000,67003000,67004000,1,-1
1914,chr5,67166235,67166397,67003921,67004271,EH38E3640902,EH38E3640808,67166000,67167000,67004000,67005000,6,-1
1915,chr5,67166594,67166942,67003921,67004271,EH38E2378887,EH38E3640808,67166000,67167000,67004000,67005000,6,-1
1916,chr5,67094796,67095067,67004377,67004727,EH38E3640860,EH38E2378740,67094000,67095000,67004000,67005000,1,-1
1917,chr5,67166235,67166397,67004377,67004727,EH38E3640902,EH38E2378740,67166000,67167000,67004000,67005000,6,-1
1918,chr5,67166594,67166942,67004377,67004727,EH38E2378887,EH38E2378740,67166000,67167000,67004000,67005000,6,-1
1919,chr5,68922265,68922419,67004377,67004727,EH38E3641667,EH38E2378740,68922000,68923000,67004000,67005000,1,-1
1920,chr5,68922423,68922757,67004377,67004727,EH38E2380053,EH38E2378740,68922000,68923000,67004000,67005000,1,-1
1921,chr5,65722934,65723109,68215484,68215834,EH38E3640298,EH38E2379519,65722000,65723000,68215000,68216000,1,-1
1922,chr5,67094796,67095067,68215484,68215834,EH38E3640860,EH38E2379519,67095000,67096000,68215000,68216000,1,-1
1923,chr5,67166235,67166397,68215484,68215834,EH38E3640902,EH38E2379519,67166000,67167000,68215000,68216000,1,-1
1924,chr5,67166594,67166942,68215484,68215834,EH38E2378887,EH38E2379519,67166000,67167000,68215000,68216000,1,-1
1925,chr5,65722934,65723109,68215852,68216055,EH38E3640298,EH38E3641327,65722000,65723000,68215000,68216000,1,-1
1926,chr5,67094796,67095067,68215852,68216055,EH38E3640860,EH38E3641327,67095000,67096000,68215000,68216000,1,-1
1927,chr5,67166235,67166397,68215852,68216055,EH38E3640902,EH38E3641327,67166000,67167000,68216000,68217000,8,-1
1928,chr5,67166594,67166942,68215852,68216055,EH38E2378887,EH38E3641327,67166000,67167000,68216000,68217000,8,-1
1929,chr5,68818146,68818383,68215852,68216055,EH38E2380014,EH38E3641327,68818000,68819000,68216000,68217000,1,-1
1930,chr5,68818407,68818735,68215852,68216055,EH38E2380015,EH38E3641327,68818000,68819000,68216000,68217000,1,-1
1931,chr5,69492974,69493212,68215852,68216055,EH38E2380332,EH38E3641327,69492000,69493000,68216000,68217000,1,-1
1932,chr5,69502785,69503101,68215852,68216055,EH38E3641872,EH38E3641327,69503000,69504000,68216000,68217000,1,-1
1933,chr5,69503163,69503421,68215852,68216055,EH38E2380349,EH38E3641327,69503000,69504000,68216000,68217000,1,-1
1934,chr5,67166235,67166397,68288382,68288727,EH38E3640902,EH38E2379636,67166000,67167000,68288000,68289000,2,-1
1935,chr5,67166594,67166942,68288382,68288727,EH38E2378887,EH38E2379636,67166000,67167000,68288000,68289000,2,-1
1936,chr5,67806001,67806292,68288382,68288727,EH38E3641166,EH38E2379636,67806000,67807000,68288000,68289000,1,-1
1937,chr5,68818146,68818383,68288382,68288727,EH38E2380014,EH38E2379636,68818000,68819000,68288000,68289000,2,-1
1938,chr5,68818407,68818735,68288382,68288727,EH38E2380015,EH38E2379636,68818000,68819000,68288000,68289000,2,-1
1939,chr5,68922265,68922419,68288382,68288727,EH38E3641667,EH38E2379636,68922000,68923000,68288000,68289000,2,-1
1940,chr5,68922423,68922757,68288382,68288727,EH38E2380053,EH38E2379636,68922000,68923000,68288000,68289000,2,-1
1941,chr5,66144440,66144712,69093733,69094083,EH38E3640451,EH38E3641720,66144000,66145000,69093000,69094000,1,-1
1942,chr5,68922265,68922419,69093733,69094083,EH38E3641667,EH38E3641720,68922000,68923000,69093000,69094000,1,-1
1943,chr5,68922423,68922757,69093733,69094083,EH38E2380053,EH38E3641720,68922000,68923000,69093000,69094000,1,-1
1944,chr5,69218019,69218369,69093733,69094083,EH38E3641763,EH38E3641720,69218000,69219000,69093000,69094000,1,-1
1945,chr5,67166235,67166397,69093733,69094083,EH38E3640902,EH38E3641720,67166000,67167000,69094000,69095000,2,-1
1946,chr5,67166594,67166942,69093733,69094083,EH38E2378887,EH38E3641720,67166000,67167000,69094000,69095000,2,-1
1947,chr5,68818146,68818383,69093733,69094083,EH38E2380014,EH38E3641720,68818000,68819000,69094000,69095000,2,-1
1948,chr5,68818407,68818735,69093733,69094083,EH38E2380015,EH38E3641720,68818000,68819000,69094000,69095000,2,-1
1949,chr5,69167538,69167888,69093733,69094083,EH38E3641743,EH38E3641720,69167000,69168000,69094000,69095000,9,-1
1950,chr5,69189712,69189886,69093733,69094083,EH38E3641747,EH38E3641720,69189000,69190000,69094000,69095000,13,-1
1951,chr5,69189949,69190111,69093733,69094083,EH38E3641748,EH38E3641720,69189000,69190000,69094000,69095000,13,-1
1952,chr5,69492974,69493212,69093733,69094083,EH38E2380332,EH38E3641720,69492000,69493000,69094000,69095000,3,-1
1953,chr5,69502785,69503101,69093733,69094083,EH38E3641872,EH38E3641720,69502000,69503000,69094000,69095000,1,-1
1954,chr5,69503163,69503421,69093733,69094083,EH38E2380349,EH38E3641720,69503000,69504000,69094000,69095000,1,-1
1955,chr5,66144440,66144712,69094111,69094381,EH38E3640451,EH38E2380139,66144000,66145000,69094000,69095000,1,-1
1956,chr5,67166235,67166397,69094111,69094381,EH38E3640902,EH38E2380139,67166000,67167000,69094000,69095000,2,-1
1957,chr5,67166594,67166942,69094111,69094381,EH38E2378887,EH38E2380139,67166000,67167000,69094000,69095000,2,-1
1958,chr5,68818146,68818383,69094111,69094381,EH38E2380014,EH38E2380139,68818000,68819000,69094000,69095000,2,-1
1959,chr5,68818407,68818735,69094111,69094381,EH38E2380015,EH38E2380139,68818000,68819000,69094000,69095000,2,-1
1960,chr5,68922265,68922419,69094111,69094381,EH38E3641667,EH38E2380139,68922000,68923000,69094000,69095000,1,-1
1961,chr5,68922423,68922757,69094111,69094381,EH38E2380053,EH38E2380139,68922000,68923000,69094000,69095000,1,-1
1962,chr5,69167538,69167888,69094111,69094381,EH38E3641743,EH38E2380139,69167000,69168000,69094000,69095000,9,-1
1963,chr5,69189712,69189886,69094111,69094381,EH38E3641747,EH38E2380139,69189000,69190000,69094000,69095000,13,-1
1964,chr5,69189949,69190111,69094111,69094381,EH38E3641748,EH38E2380139,69189000,69190000,69094000,69095000,13,-1
1965,chr5,69492974,69493212,69094111,69094381,EH38E2380332,EH38E2380139,69492000,69493000,69094000,69095000,3,-1
1966,chr5,69502785,69503101,69094111,69094381,EH38E3641872,EH38E2380139,69502000,69503000,69094000,69095000,1,-1
1967,chr5,69503163,69503421,69094111,69094381,EH38E2380349,EH38E2380139,69503000,69504000,69094000,69095000,1,-1
1968,chr5,69167538,69167888,69166815,69167165,EH38E3641743,EH38E2380166,69167000,69168000,69167000,69168000,435,-1
1969,chr5,69189712,69189886,69166815,69167165,EH38E3641747,EH38E2380166,69189000,69190000,69167000,69168000,17,-1
1970,chr5,69189949,69190111,69166815,69167165,EH38E3641748,EH38E2380166,69189000,69190000,69167000,69168000,17,-1
1971,chr5,69218019,69218369,69166815,69167165,EH38E3641763,EH38E2380166,69218000,69219000,69167000,69168000,3,-1
1972,chr5,69492974,69493212,69166815,69167165,EH38E2380332,EH38E2380166,69493000,69494000,69167000,69168000,3,-1
1973,chr5,69502785,69503101,69166815,69167165,EH38E3641872,EH38E2380166,69502000,69503000,69167000,69168000,2,-1
1974,chr5,69167538,69167888,69167207,69167428,EH38E3641743,EH38E3641742,69167000,69168000,69167000,69168000,435,-1
1975,chr5,69189712,69189886,69167207,69167428,EH38E3641747,EH38E3641742,69189000,69190000,69167000,69168000,17,-1
1976,chr5,69189949,69190111,69167207,69167428,EH38E3641748,EH38E3641742,69189000,69190000,69167000,69168000,17,-1
1977,chr5,69218019,69218369,69167207,69167428,EH38E3641763,EH38E3641742,69218000,69219000,69167000,69168000,3,-1
1978,chr5,69492974,69493212,69167207,69167428,EH38E2380332,EH38E3641742,69493000,69494000,69167000,69168000,3,-1
1979,chr5,69502785,69503101,69167207,69167428,EH38E3641872,EH38E3641742,69502000,69503000,69167000,69168000,2,-1
1980,chr5,69167538,69167888,69189356,69189706,EH38E3641743,EH38E2380176,69167000,69168000,69189000,69190000,17,-1
1981,chr5,69189712,69189886,69189356,69189706,EH38E3641747,EH38E2380176,69189000,69190000,69189000,69190000,332,-1
1982,chr5,69189949,69190111,69189356,69189706,EH38E3641748,EH38E2380176,69189000,69190000,69189000,69190000,332,-1
1983,chr5,69218019,69218369,69189356,69189706,EH38E3641763,EH38E2380176,69218000,69219000,69189000,69190000,5,-1
1984,chr5,69492974,69493212,69189356,69189706,EH38E2380332,EH38E2380176,69492000,69493000,69189000,69190000,1,-1
1985,chr5,69502785,69503101,69189356,69189706,EH38E3641872,EH38E2380176,69503000,69504000,69189000,69190000,1,-1
1986,chr5,69503163,69503421,69189356,69189706,EH38E2380349,EH38E2380176,69503000,69504000,69189000,69190000,1,-1
1987,chr5,71455793,71455968,69189356,69189706,EH38E3641922,EH38E2380176,71455000,71456000,69189000,69190000,1,-1
1988,chr5,71586541,71586890,69189356,69189706,EH38E3641955,EH38E2380176,71586000,71587000,69189000,69190000,1,-1
1989,chr5,72065931,72066274,69189356,69189706,EH38E2380716,EH38E2380176,72066000,72067000,69189000,69190000,1,-1
1990,chr5,67806001,67806292,69217548,69217898,EH38E3641166,EH38E3641762,67806000,67807000,69217000,69218000,1,-1
1991,chr5,69167538,69167888,69217548,69217898,EH38E3641743,EH38E3641762,69167000,69168000,69217000,69218000,7,-1
1992,chr5,69189712,69189886,69217548,69217898,EH38E3641747,EH38E3641762,69189000,69190000,69217000,69218000,9,-1
1993,chr5,69189949,69190111,69217548,69217898,EH38E3641748,EH38E3641762,69189000,69190000,69217000,69218000,9,-1
1994,chr5,69218019,69218369,69217548,69217898,EH38E3641763,EH38E3641762,69218000,69219000,69217000,69218000,326,-1
1995,chr5,69492974,69493212,69217548,69217898,EH38E2380332,EH38E3641762,69492000,69493000,69217000,69218000,2,-1
1996,chr5,71455793,71455968,69217548,69217898,EH38E3641922,EH38E3641762,71455000,71456000,69217000,69218000,1,-1
1997,chr5,67166235,67166397,69234653,69235003,EH38E3640902,EH38E3641770,67166000,67167000,69234000,69235000,1,-1
1998,chr5,67166594,67166942,69234653,69235003,EH38E2378887,EH38E3641770,67166000,67167000,69234000,69235000,1,-1
1999,chr5,69189712,69189886,69234653,69235003,EH38E3641747,EH38E3641770,69189000,69190000,69234000,69235000,6,-1
2000,chr5,69189949,69190111,69234653,69235003,EH38E3641748,EH38E3641770,69189000,69190000,69234000,69235000,6,-1
2001,chr5,69218019,69218369,69234653,69235003,EH38E3641763,EH38E3641770,69218000,69219000,69234000,69235000,8,-1
2002,chr5,69492974,69493212,69234653,69235003,EH38E2380332,EH38E3641770,69492000,69493000,69234000,69235000,3,-1
2003,chr5,72106803,72107004,69234653,69235003,EH38E2380734,EH38E3641770,72106000,72107000,69234000,69235000,1,-1
2004,chr5,69167538,69167888,69234653,69235003,EH38E3641743,EH38E3641770,69167000,69168000,69235000,69236000,3,-1
2005,chr5,69502785,69503101,69234653,69235003,EH38E3641872,EH38E3641770,69502000,69503000,69235000,69236000,2,-1
2006,chr5,67094796,67095067,69369224,69369386,EH38E3640860,EH38E3641819,67095000,67096000,69369000,69370000,1,-1
2007,chr5,69167538,69167888,69369224,69369386,EH38E3641743,EH38E3641819,69167000,69168000,69369000,69370000,2,-1
2008,chr5,69189712,69189886,69369224,69369386,EH38E3641747,EH38E3641819,69189000,69190000,69369000,69370000,6,-1
2009,chr5,69189949,69190111,69369224,69369386,EH38E3641748,EH38E3641819,69189000,69190000,69369000,69370000,6,-1
2010,chr5,69218019,69218369,69369224,69369386,EH38E3641763,EH38E3641819,69218000,69219000,69369000,69370000,3,-1
2011,chr5,69492974,69493212,69369224,69369386,EH38E2380332,EH38E3641819,69492000,69493000,69369000,69370000,10,-1
2012,chr5,69502785,69503101,69369224,69369386,EH38E3641872,EH38E3641819,69502000,69503000,69369000,69370000,1,-1
2013,chr5,71587488,71587643,69369224,69369386,EH38E3641956,EH38E3641819,71587000,71588000,69369000,69370000,2,-1
2014,chr5,67094796,67095067,69369470,69369820,EH38E3640860,EH38E2380273,67095000,67096000,69369000,69370000,1,-1
2015,chr5,69167538,69167888,69369470,69369820,EH38E3641743,EH38E2380273,69167000,69168000,69369000,69370000,2,-1
2016,chr5,69189712,69189886,69369470,69369820,EH38E3641747,EH38E2380273,69189000,69190000,69369000,69370000,6,-1
2017,chr5,69189949,69190111,69369470,69369820,EH38E3641748,EH38E2380273,69189000,69190000,69369000,69370000,6,-1
2018,chr5,69218019,69218369,69369470,69369820,EH38E3641763,EH38E2380273,69218000,69219000,69369000,69370000,3,-1
2019,chr5,69492974,69493212,69369470,69369820,EH38E2380332,EH38E2380273,69492000,69493000,69369000,69370000,10,-1
2020,chr5,69502785,69503101,69369470,69369820,EH38E3641872,EH38E2380273,69502000,69503000,69369000,69370000,1,-1
2021,chr5,71587488,71587643,69369470,69369820,EH38E3641956,EH38E2380273,71587000,71588000,69369000,69370000,2,-1
2022,chr5,67094796,67095067,69369948,69370102,EH38E3640860,EH38E3641820,67095000,67096000,69369000,69370000,1,-1
2023,chr5,69167538,69167888,69369948,69370102,EH38E3641743,EH38E3641820,69167000,69168000,69369000,69370000,2,-1
2024,chr5,69189712,69189886,69369948,69370102,EH38E3641747,EH38E3641820,69189000,69190000,69369000,69370000,6,-1
2025,chr5,69189949,69190111,69369948,69370102,EH38E3641748,EH38E3641820,69189000,69190000,69369000,69370000,6,-1
2026,chr5,69218019,69218369,69369948,69370102,EH38E3641763,EH38E3641820,69218000,69219000,69369000,69370000,3,-1
2027,chr5,69492974,69493212,69369948,69370102,EH38E2380332,EH38E3641820,69492000,69493000,69369000,69370000,10,-1
2028,chr5,69502785,69503101,69369948,69370102,EH38E3641872,EH38E3641820,69502000,69503000,69369000,69370000,1,-1
2029,chr5,71587488,71587643,69369948,69370102,EH38E3641956,EH38E3641820,71587000,71588000,69369000,69370000,2,-1
2030,chr5,69503163,69503421,69369948,69370102,EH38E2380349,EH38E3641820,69503000,69504000,69370000,69371000,3,-1
2031,chr5,71097453,71097605,69369948,69370102,EH38E3641899,EH38E3641820,71097000,71098000,69370000,69371000,1,-1
2032,chr5,72238767,72239007,69369948,69370102,EH38E3642225,EH38E3641820,72239000,72240000,69370000,69371000,1,-1
2033,chr5,69167538,69167888,69414970,69415320,EH38E3641743,EH38E2380289,69167000,69168000,69414000,69415000,3,-1
2034,chr5,69502785,69503101,69414970,69415320,EH38E3641872,EH38E2380289,69502000,69503000,69414000,69415000,5,-1
2035,chr5,69503163,69503421,69414970,69415320,EH38E2380349,EH38E2380289,69503000,69504000,69414000,69415000,4,-1
2036,chr5,69189712,69189886,69414970,69415320,EH38E3641747,EH38E2380289,69189000,69190000,69415000,69416000,2,-1
2037,chr5,69189949,69190111,69414970,69415320,EH38E3641748,EH38E2380289,69189000,69190000,69415000,69416000,2,-1
2038,chr5,69492974,69493212,69414970,69415320,EH38E2380332,EH38E2380289,69492000,69493000,69415000,69416000,11,-1
2039,chr5,69189712,69189886,69492456,69492806,EH38E3641747,EH38E2380331,69189000,69190000,69492000,69493000,1,-1
2040,chr5,69189949,69190111,69492456,69492806,EH38E3641748,EH38E2380331,69189000,69190000,69492000,69493000,1,-1
2041,chr5,69218019,69218369,69492456,69492806,EH38E3641763,EH38E2380331,69218000,69219000,69492000,69493000,1,-1
2042,chr5,69492974,69493212,69492456,69492806,EH38E2380332,EH38E2380331,69492000,69493000,69492000,69493000,492,-1
2043,chr5,69502785,69503101,69492456,69492806,EH38E3641872,EH38E2380331,69502000,69503000,69492000,69493000,8,-1
2044,chr5,69503163,69503421,69492456,69492806,EH38E2380349,EH38E2380331,69503000,69504000,69492000,69493000,15,-1
2045,chr5,69167538,69167888,69493587,69493925,EH38E3641743,EH38E3641863,69167000,69168000,69493000,69494000,3,-1
2046,chr5,69492974,69493212,69493587,69493925,EH38E2380332,EH38E3641863,69492000,69493000,69493000,69494000,475,-1
2047,chr5,69492974,69493212,69493587,69493925,EH38E2380332,EH38E3641863,69493000,69494000,69493000,69494000,625,-1
2048,chr5,69502785,69503101,69493587,69493925,EH38E3641872,EH38E3641863,69502000,69503000,69493000,69494000,17,-1
2049,chr5,69503163,69503421,69493587,69493925,EH38E2380349,EH38E3641863,69503000,69504000,69493000,69494000,15,-1
2050,chr5,71587488,71587643,69493587,69493925,EH38E3641956,EH38E3641863,71587000,71588000,69493000,69494000,1,-1
2051,chr5,72036958,72037279,69493587,69493925,EH38E2380706,EH38E3641863,72036000,72037000,69493000,69494000,1,-1
2052,chr5,72106803,72107004,69493587,69493925,EH38E2380734,EH38E3641863,72107000,72108000,69493000,69494000,1,-1
2053,chr5,69189949,69190111,69560033,69560371,EH38E3641748,EH38E3641889,69190000,69191000,69560000,69561000,2,-1
2054,chr5,69218019,69218369,69560033,69560371,EH38E3641763,EH38E3641889,69218000,69219000,69560000,69561000,1,-1
2055,chr5,69492974,69493212,69560033,69560371,EH38E2380332,EH38E3641889,69492000,69493000,69560000,69561000,2,-1
2056,chr5,69502785,69503101,69560033,69560371,EH38E3641872,EH38E3641889,69502000,69503000,69560000,69561000,1,-1
2057,chr5,69503163,69503421,69560033,69560371,EH38E2380349,EH38E3641889,69503000,69504000,69560000,69561000,1,-1
2058,chr5,69189712,69189886,71455446,71455788,EH38E3641747,EH38E3641921,69189000,69190000,71455000,71456000,1,-1
2059,chr5,69189949,69190111,71455446,71455788,EH38E3641748,EH38E3641921,69189000,69190000,71455000,71456000,1,-1
2060,chr5,71097453,71097605,71455446,71455788,EH38E3641899,EH38E3641921,71097000,71098000,71455000,71456000,1,-1
2061,chr5,71455793,71455968,71455446,71455788,EH38E3641922,EH38E3641921,71455000,71456000,71455000,71456000,279,-1
2062,chr5,71586541,71586890,71455446,71455788,EH38E3641955,EH38E3641921,71586000,71587000,71455000,71456000,5,-1
2063,chr5,71587488,71587643,71455446,71455788,EH38E3641956,EH38E3641921,71587000,71588000,71455000,71456000,7,-1
2064,chr5,72036958,72037279,71455446,71455788,EH38E2380706,EH38E3641921,72036000,72037000,71455000,71456000,1,-1
2065,chr5,72319903,72320146,71455446,71455788,EH38E3642269,EH38E3641921,72320000,72321000,71455000,71456000,1,-1
2066,chr5,72320542,72320700,71455446,71455788,EH38E3642271,EH38E3641921,72320000,72321000,71455000,71456000,1,-1
2067,chr5,68922265,68922419,71587069,71587418,EH38E3641667,EH38E2380460,68922000,68923000,71587000,71588000,1,-1
2068,chr5,68922423,68922757,71587069,71587418,EH38E2380053,EH38E2380460,68922000,68923000,71587000,71588000,1,-1
2069,chr5,69492974,69493212,71587069,71587418,EH38E2380332,EH38E2380460,69493000,69494000,71587000,71588000,1,-1
2070,chr5,71455793,71455968,71587069,71587418,EH38E3641922,EH38E2380460,71455000,71456000,71587000,71588000,7,-1
2071,chr5,71586541,71586890,71587069,71587418,EH38E3641955,EH38E2380460,71586000,71587000,71587000,71588000,260,-1
2072,chr5,71587488,71587643,71587069,71587418,EH38E3641956,EH38E2380460,71587000,71588000,71587000,71588000,432,-1
2073,chr5,72238767,72239007,71587069,71587418,EH38E3642225,EH38E2380460,72238000,72239000,71587000,71588000,1,-1
2074,chr5,72307987,72308296,71587069,71587418,EH38E3642264,EH38E2380460,72308000,72309000,71587000,71588000,2,-1
2075,chr5,72308310,72308659,71587069,71587418,EH38E2380969,EH38E2380460,72308000,72309000,71587000,71588000,2,-1
2076,chr5,72816864,72817157,71587069,71587418,EH38E3642536,EH38E2380460,72816000,72817000,71587000,71588000,1,-1
2077,chr5,73487318,73487502,71587069,71587418,EH38E2381824,EH38E2380460,73487000,73488000,71587000,71588000,1,-1
2078,chr5,73487854,73488183,71587069,71587418,EH38E3642883,EH38E2380460,73487000,73488000,71587000,71588000,1,-1
2079,chr5,69502785,69503101,71719096,71719446,EH38E3641872,EH38E3642004,69503000,69504000,71719000,71720000,1,-1
2080,chr5,69503163,69503421,71719096,71719446,EH38E2380349,EH38E3642004,69503000,69504000,71719000,71720000,1,-1
2081,chr5,71455793,71455968,71719096,71719446,EH38E3641922,EH38E3642004,71455000,71456000,71719000,71720000,3,-1
2082,chr5,71586541,71586890,71719096,71719446,EH38E3641955,EH38E3642004,71586000,71587000,71719000,71720000,2,-1
2083,chr5,71587488,71587643,71719096,71719446,EH38E3641956,EH38E3642004,71587000,71588000,71719000,71720000,5,-1
2084,chr5,72036958,72037279,71719096,71719446,EH38E2380706,EH38E3642004,72036000,72037000,71719000,71720000,1,-1
2085,chr5,72065199,72065536,71719096,71719446,EH38E2380714,EH38E3642004,72065000,72066000,71719000,71720000,5,-1
2086,chr5,72065746,72065931,71719096,71719446,EH38E2380715,EH38E3642004,72065000,72066000,71719000,71720000,5,-1
2087,chr5,72065931,72066274,71719096,71719446,EH38E2380716,EH38E3642004,72065000,72066000,71719000,71720000,5,-1
2088,chr5,72106803,72107004,71719096,71719446,EH38E2380734,EH38E3642004,72107000,72108000,71719000,71720000,2,-1
2089,chr5,72108157,72108502,71719096,71719446,EH38E3642140,EH38E3642004,72108000,72109000,71719000,71720000,5,-1
2090,chr5,72108506,72108718,71719096,71719446,EH38E3642141,EH38E3642004,72108000,72109000,71719000,71720000,5,-1
2091,chr5,72122174,72122368,71719096,71719446,EH38E3642151,EH38E3642004,72122000,72123000,71719000,71720000,2,-1
2092,chr5,72238767,72239007,71719096,71719446,EH38E3642225,EH38E3642004,72238000,72239000,71719000,71720000,1,-1
2093,chr5,72307987,72308296,71719096,71719446,EH38E3642264,EH38E3642004,72308000,72309000,71719000,71720000,2,-1
2094,chr5,72308310,72308659,71719096,71719446,EH38E2380969,EH38E3642004,72308000,72309000,71719000,71720000,2,-1
2095,chr5,72816864,72817157,71719096,71719446,EH38E3642536,EH38E3642004,72816000,72817000,71719000,71720000,1,-1
2096,chr5,69492974,69493212,72107118,72107467,EH38E2380332,EH38E3642137,69493000,69494000,72107000,72108000,1,-1
2097,chr5,72036958,72037279,72107118,72107467,EH38E2380706,EH38E3642137,72036000,72037000,72107000,72108000,5,-1
2098,chr5,72065199,72065536,72107118,72107467,EH38E2380714,EH38E3642137,72065000,72066000,72107000,72108000,9,-1
2099,chr5,72065746,72065931,72107118,72107467,EH38E2380715,EH38E3642137,72065000,72066000,72107000,72108000,9,-1
2100,chr5,72065931,72066274,72107118,72107467,EH38E2380716,EH38E3642137,72065000,72066000,72107000,72108000,9,-1
2101,chr5,72106803,72107004,72107118,72107467,EH38E2380734,EH38E3642137,72106000,72107000,72107000,72108000,217,-1
2102,chr5,72106803,72107004,72107118,72107467,EH38E2380734,EH38E3642137,72107000,72108000,72107000,72108000,595,-1
2103,chr5,72108157,72108502,72107118,72107467,EH38E3642140,EH38E3642137,72108000,72109000,72107000,72108000,522,-1
2104,chr5,72108506,72108718,72107118,72107467,EH38E3642141,EH38E3642137,72108000,72109000,72107000,72108000,522,-1
2105,chr5,72122174,72122368,72107118,72107467,EH38E3642151,EH38E3642137,72122000,72123000,72107000,72108000,11,-1
2106,chr5,72166545,72166893,72107118,72107467,EH38E2380814,EH38E3642137,72166000,72167000,72107000,72108000,4,-1
2107,chr5,72238767,72239007,72107118,72107467,EH38E3642225,EH38E3642137,72238000,72239000,72107000,72108000,2,-1
2108,chr5,72307987,72308296,72107118,72107467,EH38E3642264,EH38E3642137,72307000,72308000,72107000,72108000,1,-1
2109,chr5,72308310,72308659,72107118,72107467,EH38E2380969,EH38E3642137,72308000,72309000,72107000,72108000,8,-1
2110,chr5,72319903,72320146,72107118,72107467,EH38E3642269,EH38E3642137,72319000,72320000,72107000,72108000,3,-1
2111,chr5,72556878,72557227,72107118,72107467,EH38E3642436,EH38E3642137,72557000,72558000,72107000,72108000,1,-1
2112,chr5,72816864,72817157,72107118,72107467,EH38E3642536,EH38E3642137,72816000,72817000,72107000,72108000,1,-1
2113,chr5,69492974,69493212,72107894,72108133,EH38E2380332,EH38E3642139,69493000,69494000,72107000,72108000,1,-1
2114,chr5,72036958,72037279,72107894,72108133,EH38E2380706,EH38E3642139,72036000,72037000,72107000,72108000,5,-1
2115,chr5,72065199,72065536,72107894,72108133,EH38E2380714,EH38E3642139,72065000,72066000,72107000,72108000,9,-1
2116,chr5,72065746,72065931,72107894,72108133,EH38E2380715,EH38E3642139,72065000,72066000,72107000,72108000,9,-1
2117,chr5,72065931,72066274,72107894,72108133,EH38E2380716,EH38E3642139,72065000,72066000,72107000,72108000,9,-1
2118,chr5,72106803,72107004,72107894,72108133,EH38E2380734,EH38E3642139,72106000,72107000,72107000,72108000,217,-1
2119,chr5,72106803,72107004,72107894,72108133,EH38E2380734,EH38E3642139,72107000,72108000,72107000,72108000,595,-1
2120,chr5,72122174,72122368,72107894,72108133,EH38E3642151,EH38E3642139,72122000,72123000,72107000,72108000,11,-1
2121,chr5,72238767,72239007,72107894,72108133,EH38E3642225,EH38E3642139,72238000,72239000,72107000,72108000,2,-1
2122,chr5,72308310,72308659,72107894,72108133,EH38E2380969,EH38E3642139,72308000,72309000,72107000,72108000,8,-1
2123,chr5,72319903,72320146,72107894,72108133,EH38E3642269,EH38E3642139,72319000,72320000,72107000,72108000,3,-1
2124,chr5,72556878,72557227,72107894,72108133,EH38E3642436,EH38E3642139,72557000,72558000,72107000,72108000,1,-1
2125,chr5,72816864,72817157,72107894,72108133,EH38E3642536,EH38E3642139,72816000,72817000,72107000,72108000,1,-1
2126,chr5,72108157,72108502,72107894,72108133,EH38E3642140,EH38E3642139,72108000,72109000,72108000,72109000,583,-1
2127,chr5,72108506,72108718,72107894,72108133,EH38E3642141,EH38E3642139,72108000,72109000,72108000,72109000,583,-1
2128,chr5,72166545,72166893,72107894,72108133,EH38E2380814,EH38E3642139,72166000,72167000,72108000,72109000,5,-1
2129,chr5,72302186,72302536,72107894,72108133,EH38E2380961,EH38E3642139,72302000,72303000,72108000,72109000,1,-1
2130,chr5,72307987,72308296,72107894,72108133,EH38E3642264,EH38E3642139,72307000,72308000,72108000,72109000,2,-1
2131,chr5,71455793,71455968,72320147,72320495,EH38E3641922,EH38E3642270,71455000,71456000,72320000,72321000,1,-1
2132,chr5,72036958,72037279,72320147,72320495,EH38E2380706,EH38E3642270,72036000,72037000,72320000,72321000,1,-1
2133,chr5,72065199,72065536,72320147,72320495,EH38E2380714,EH38E3642270,72065000,72066000,72320000,72321000,2,-1
2134,chr5,72065746,72065931,72320147,72320495,EH38E2380715,EH38E3642270,72065000,72066000,72320000,72321000,2,-1
2135,chr5,72065931,72066274,72320147,72320495,EH38E2380716,EH38E3642270,72065000,72066000,72320000,72321000,2,-1
2136,chr5,72106803,72107004,72320147,72320495,EH38E2380734,EH38E3642270,72106000,72107000,72320000,72321000,2,-1
2137,chr5,72122174,72122368,72320147,72320495,EH38E3642151,EH38E3642270,72122000,72123000,72320000,72321000,2,-1
2138,chr5,72166545,72166893,72320147,72320495,EH38E2380814,EH38E3642270,72166000,72167000,72320000,72321000,1,-1
2139,chr5,72238767,72239007,72320147,72320495,EH38E3642225,EH38E3642270,72239000,72240000,72320000,72321000,1,-1
2140,chr5,72302186,72302536,72320147,72320495,EH38E2380961,EH38E3642270,72302000,72303000,72320000,72321000,4,-1
2141,chr5,72307987,72308296,72320147,72320495,EH38E3642264,EH38E3642270,72307000,72308000,72320000,72321000,7,-1
2142,chr5,72308310,72308659,72320147,72320495,EH38E2380969,EH38E3642270,72308000,72309000,72320000,72321000,21,-1
2143,chr5,72319903,72320146,72320147,72320495,EH38E3642269,EH38E3642270,72319000,72320000,72320000,72321000,159,-1
2144,chr5,72319903,72320146,72320147,72320495,EH38E3642269,EH38E3642270,72320000,72321000,72320000,72321000,329,-1
2145,chr5,72320542,72320700,72320147,72320495,EH38E3642271,EH38E3642270,72320000,72321000,72320000,72321000,329,-1
2146,chr5,72363188,72363531,72320147,72320495,EH38E3642295,EH38E3642270,72363000,72364000,72320000,72321000,3,-1
2147,chr5,72556478,72556726,72320147,72320495,EH38E3642435,EH38E3642270,72556000,72557000,72320000,72321000,4,-1
2148,chr5,72556878,72557227,72320147,72320495,EH38E3642436,EH38E3642270,72556000,72557000,72320000,72321000,4,-1
2149,chr5,72816864,72817157,72320147,72320495,EH38E3642536,EH38E3642270,72817000,72818000,72320000,72321000,2,-1
2150,chr5,71587488,71587643,72816164,72816331,EH38E3641956,EH38E3642535,71587000,71588000,72816000,72817000,1,-1
2151,chr5,72106803,72107004,72816164,72816331,EH38E2380734,EH38E3642535,72107000,72108000,72816000,72817000,1,-1
2152,chr5,72238767,72239007,72816164,72816331,EH38E3642225,EH38E3642535,72239000,72240000,72816000,72817000,1,-1
2153,chr5,72307987,72308296,72816164,72816331,EH38E3642264,EH38E3642535,72307000,72308000,72816000,72817000,1,-1
2154,chr5,72308310,72308659,72816164,72816331,EH38E2380969,EH38E3642535,72308000,72309000,72816000,72817000,1,-1
2155,chr5,72319903,72320146,72816164,72816331,EH38E3642269,EH38E3642535,72319000,72320000,72816000,72817000,3,-1
2156,chr5,72363188,72363531,72816164,72816331,EH38E3642295,EH38E3642535,72363000,72364000,72816000,72817000,3,-1
2157,chr5,72556478,72556726,72816164,72816331,EH38E3642435,EH38E3642535,72556000,72557000,72816000,72817000,4,-1
2158,chr5,72556878,72557227,72816164,72816331,EH38E3642436,EH38E3642535,72556000,72557000,72816000,72817000,4,-1
2159,chr5,72816864,72817157,72816164,72816331,EH38E3642536,EH38E3642535,72816000,72817000,72816000,72817000,345,-1
2160,chr5,73565307,73565513,72816164,72816331,EH38E3642916,EH38E3642535,73565000,73566000,72816000,72817000,1,-1
2161,chr5,71587488,71587643,72816419,72816769,EH38E3641956,EH38E2381353,71587000,71588000,72816000,72817000,1,-1
2162,chr5,72106803,72107004,72816419,72816769,EH38E2380734,EH38E2381353,72107000,72108000,72816000,72817000,1,-1
2163,chr5,72238767,72239007,72816419,72816769,EH38E3642225,EH38E2381353,72239000,72240000,72816000,72817000,1,-1
2164,chr5,72307987,72308296,72816419,72816769,EH38E3642264,EH38E2381353,72307000,72308000,72816000,72817000,1,-1
2165,chr5,72308310,72308659,72816419,72816769,EH38E2380969,EH38E2381353,72308000,72309000,72816000,72817000,1,-1
2166,chr5,72319903,72320146,72816419,72816769,EH38E3642269,EH38E2381353,72319000,72320000,72816000,72817000,3,-1
2167,chr5,72363188,72363531,72816419,72816769,EH38E3642295,EH38E2381353,72363000,72364000,72816000,72817000,3,-1
2168,chr5,72556478,72556726,72816419,72816769,EH38E3642435,EH38E2381353,72556000,72557000,72816000,72817000,4,-1
2169,chr5,72556878,72557227,72816419,72816769,EH38E3642436,EH38E2381353,72556000,72557000,72816000,72817000,4,-1
2170,chr5,72816864,72817157,72816419,72816769,EH38E3642536,EH38E2381353,72816000,72817000,72816000,72817000,345,-1
2171,chr5,73565307,73565513,72816419,72816769,EH38E3642916,EH38E2381353,73565000,73566000,72816000,72817000,1,-1
2172,chr5,72122174,72122368,72847945,72848276,EH38E3642151,EH38E3642562,72122000,72123000,72847000,72848000,1,-1
2173,chr5,72238767,72239007,72847945,72848276,EH38E3642225,EH38E3642562,72238000,72239000,72847000,72848000,1,-1
2174,chr5,72307987,72308296,72847945,72848276,EH38E3642264,EH38E3642562,72307000,72308000,72847000,72848000,1,-1
2175,chr5,72320542,72320700,72847945,72848276,EH38E3642271,EH38E3642562,72320000,72321000,72847000,72848000,3,-1
2176,chr5,72363188,72363531,72847945,72848276,EH38E3642295,EH38E3642562,72363000,72364000,72847000,72848000,1,-1
2177,chr5,72556478,72556726,72847945,72848276,EH38E3642435,EH38E3642562,72556000,72557000,72847000,72848000,4,-1
2178,chr5,72556878,72557227,72847945,72848276,EH38E3642436,EH38E3642562,72556000,72557000,72847000,72848000,4,-1
2179,chr5,73486548,73486886,72847945,72848276,EH38E2381823,EH38E3642562,73486000,73487000,72847000,72848000,1,-1
2180,chr5,72065931,72066274,72847945,72848276,EH38E2380716,EH38E3642562,72066000,72067000,72848000,72849000,1,-1
2181,chr5,72106803,72107004,72847945,72848276,EH38E2380734,EH38E3642562,72107000,72108000,72848000,72849000,1,-1
2182,chr5,72108157,72108502,72847945,72848276,EH38E3642140,EH38E3642562,72108000,72109000,72848000,72849000,2,-1
2183,chr5,72108506,72108718,72847945,72848276,EH38E3642141,EH38E3642562,72108000,72109000,72848000,72849000,2,-1
2184,chr5,72302186,72302536,72847945,72848276,EH38E2380961,EH38E3642562,72302000,72303000,72848000,72849000,1,-1
2185,chr5,72308310,72308659,72847945,72848276,EH38E2380969,EH38E3642562,72308000,72309000,72848000,72849000,1,-1
2186,chr5,72319903,72320146,72847945,72848276,EH38E3642269,EH38E3642562,72319000,72320000,72848000,72849000,1,-1
2187,chr5,72816864,72817157,72847945,72848276,EH38E3642536,EH38E3642562,72816000,72817000,72848000,72849000,11,-1
2188,chr5,72065931,72066274,72848277,72848440,EH38E2380716,EH38E3642563,72066000,72067000,72848000,72849000,1,-1
2189,chr5,72106803,72107004,72848277,72848440,EH38E2380734,EH38E3642563,72107000,72108000,72848000,72849000,1,-1
2190,chr5,72108157,72108502,72848277,72848440,EH38E3642140,EH38E3642563,72108000,72109000,72848000,72849000,2,-1
2191,chr5,72108506,72108718,72848277,72848440,EH38E3642141,EH38E3642563,72108000,72109000,72848000,72849000,2,-1
2192,chr5,72302186,72302536,72848277,72848440,EH38E2380961,EH38E3642563,72302000,72303000,72848000,72849000,1,-1
2193,chr5,72307987,72308296,72848277,72848440,EH38E3642264,EH38E3642563,72307000,72308000,72848000,72849000,1,-1
2194,chr5,72308310,72308659,72848277,72848440,EH38E2380969,EH38E3642563,72308000,72309000,72848000,72849000,1,-1
2195,chr5,72319903,72320146,72848277,72848440,EH38E3642269,EH38E3642563,72319000,72320000,72848000,72849000,1,-1
2196,chr5,72556478,72556726,72848277,72848440,EH38E3642435,EH38E3642563,72556000,72557000,72848000,72849000,2,-1
2197,chr5,72556878,72557227,72848277,72848440,EH38E3642436,EH38E3642563,72556000,72557000,72848000,72849000,2,-1
2198,chr5,72816864,72817157,72848277,72848440,EH38E3642536,EH38E3642563,72816000,72817000,72848000,72849000,11,-1
2199,chr5,71587488,71587643,72955605,72955764,EH38E3641956,EH38E3642610,71587000,71588000,72955000,72956000,1,-1
2200,chr5,72065931,72066274,72955605,72955764,EH38E2380716,EH38E3642610,72066000,72067000,72955000,72956000,1,-1
2201,chr5,72307987,72308296,72955605,72955764,EH38E3642264,EH38E3642610,72308000,72309000,72955000,72956000,1,-1
2202,chr5,72308310,72308659,72955605,72955764,EH38E2380969,EH38E3642610,72308000,72309000,72955000,72956000,1,-1
2203,chr5,72319903,72320146,72955605,72955764,EH38E3642269,EH38E3642610,72320000,72321000,72955000,72956000,1,-1
2204,chr5,72320542,72320700,72955605,72955764,EH38E3642271,EH38E3642610,72320000,72321000,72955000,72956000,1,-1
2205,chr5,72363188,72363531,72955605,72955764,EH38E3642295,EH38E3642610,72363000,72364000,72955000,72956000,1,-1
2206,chr5,72556478,72556726,72955605,72955764,EH38E3642435,EH38E3642610,72556000,72557000,72955000,72956000,1,-1
2207,chr5,72556878,72557227,72955605,72955764,EH38E3642436,EH38E3642610,72556000,72557000,72955000,72956000,1,-1
2208,chr5,72816864,72817157,72955605,72955764,EH38E3642536,EH38E3642610,72816000,72817000,72955000,72956000,2,-1
2209,chr5,73487318,73487502,72955605,72955764,EH38E2381824,EH38E3642610,73487000,73488000,72955000,72956000,1,-1
2210,chr5,73487854,73488183,72955605,72955764,EH38E3642883,EH38E3642610,73487000,73488000,72955000,72956000,1,-1
2211,chr5,71587488,71587643,72955786,72956133,EH38E3641956,EH38E3642611,71587000,71588000,72955000,72956000,1,-1
2212,chr5,72065931,72066274,72955786,72956133,EH38E2380716,EH38E3642611,72066000,72067000,72955000,72956000,1,-1
2213,chr5,72307987,72308296,72955786,72956133,EH38E3642264,EH38E3642611,72308000,72309000,72955000,72956000,1,-1
2214,chr5,72308310,72308659,72955786,72956133,EH38E2380969,EH38E3642611,72308000,72309000,72955000,72956000,1,-1
2215,chr5,72319903,72320146,72955786,72956133,EH38E3642269,EH38E3642611,72320000,72321000,72955000,72956000,1,-1
2216,chr5,72320542,72320700,72955786,72956133,EH38E3642271,EH38E3642611,72320000,72321000,72955000,72956000,1,-1
2217,chr5,72363188,72363531,72955786,72956133,EH38E3642295,EH38E3642611,72363000,72364000,72955000,72956000,1,-1
2218,chr5,72556478,72556726,72955786,72956133,EH38E3642435,EH38E3642611,72556000,72557000,72955000,72956000,1,-1
2219,chr5,72556878,72557227,72955786,72956133,EH38E3642436,EH38E3642611,72556000,72557000,72955000,72956000,1,-1
2220,chr5,72816864,72817157,72955786,72956133,EH38E3642536,EH38E3642611,72816000,72817000,72955000,72956000,2,-1
2221,chr5,73487318,73487502,72955786,72956133,EH38E2381824,EH38E3642611,73487000,73488000,72955000,72956000,1,-1
2222,chr5,73487854,73488183,72955786,72956133,EH38E3642883,EH38E3642611,73487000,73488000,72955000,72956000,1,-1
2223,chr5,72036958,72037279,72955786,72956133,EH38E2380706,EH38E3642611,72036000,72037000,72956000,72957000,1,-1
2224,chr5,72166545,72166893,72955786,72956133,EH38E2380814,EH38E3642611,72166000,72167000,72956000,72957000,1,-1
2225,chr5,72238767,72239007,72955786,72956133,EH38E3642225,EH38E3642611,72238000,72239000,72956000,72957000,1,-1
2226,chr5,73486548,73486886,72955786,72956133,EH38E2381823,EH38E3642611,73486000,73487000,72956000,72957000,1,-1
2227,chr5,75054214,75054480,72955786,72956133,EH38E2383066,EH38E3642611,75054000,75055000,72956000,72957000,1,-1
2228,chr5,75054505,75054853,72955786,72956133,EH38E3643651,EH38E3642611,75054000,75055000,72956000,72957000,1,-1
2229,chr5,72122174,72122368,73120474,73120822,EH38E3642151,EH38E3642658,72122000,72123000,73120000,73121000,1,-1
2230,chr5,72556478,72556726,73120474,73120822,EH38E3642435,EH38E3642658,72556000,72557000,73120000,73121000,1,-1
2231,chr5,72556878,72557227,73120474,73120822,EH38E3642436,EH38E3642658,72556000,72557000,73120000,73121000,1,-1
2232,chr5,72816864,72817157,73120474,73120822,EH38E3642536,EH38E3642658,72817000,72818000,73120000,73121000,2,-1
2233,chr5,74543177,74543436,73120474,73120822,EH38E3643402,EH38E3642658,74543000,74544000,73120000,73121000,1,-1
2234,chr5,74543524,74543874,73120474,73120822,EH38E3643403,EH38E3642658,74543000,74544000,73120000,73121000,1,-1
2235,chr5,72122174,72122368,73448577,73448927,EH38E3642151,EH38E3642874,72122000,72123000,73448000,73449000,1,-1
2236,chr5,72302186,72302536,73448577,73448927,EH38E2380961,EH38E3642874,72302000,72303000,73448000,73449000,1,-1
2237,chr5,73486548,73486886,73448577,73448927,EH38E2381823,EH38E3642874,73486000,73487000,73448000,73449000,4,-1
2238,chr5,73487318,73487502,73448577,73448927,EH38E2381824,EH38E3642874,73487000,73488000,73448000,73449000,3,-1
2239,chr5,73487854,73488183,73448577,73448927,EH38E3642883,EH38E3642874,73487000,73488000,73448000,73449000,3,-1
2240,chr5,73565307,73565513,73448577,73448927,EH38E3642916,EH38E3642874,73565000,73566000,73448000,73449000,4,-1
2241,chr5,72556878,72557227,73451390,73451554,EH38E3642436,EH38E3642877,72557000,72558000,73451000,73452000,1,-1
2242,chr5,73486548,73486886,73451390,73451554,EH38E2381823,EH38E3642877,73486000,73487000,73451000,73452000,8,-1
2243,chr5,73487318,73487502,73451390,73451554,EH38E2381824,EH38E3642877,73487000,73488000,73451000,73452000,16,-1
2244,chr5,73487854,73488183,73451390,73451554,EH38E3642883,EH38E3642877,73487000,73488000,73451000,73452000,16,-1
2245,chr5,73565307,73565513,73451390,73451554,EH38E3642916,EH38E3642877,73565000,73566000,73451000,73452000,6,-1
2246,chr5,74867738,74868086,73451390,73451554,EH38E3643556,EH38E3642877,74867000,74868000,73451000,73452000,1,-1
2247,chr5,75054214,75054480,73497995,73498207,EH38E2383066,EH38E3642887,75054000,75055000,73497000,73498000,1,-1
2248,chr5,75054505,75054853,73497995,73498207,EH38E3643651,EH38E3642887,75054000,75055000,73497000,73498000,1,-1
2249,chr5,76403474,76403665,73497995,73498207,EH38E3644083,EH38E3642887,76403000,76404000,73497000,73498000,1,-1
2250,chr5,72307987,72308296,73497995,73498207,EH38E3642264,EH38E3642887,72308000,72309000,73498000,73499000,1,-1
2251,chr5,72308310,72308659,73497995,73498207,EH38E2380969,EH38E3642887,72308000,72309000,73498000,73499000,1,-1
2252,chr5,72556478,72556726,73497995,73498207,EH38E3642435,EH38E3642887,72556000,72557000,73498000,73499000,1,-1
2253,chr5,72556878,72557227,73497995,73498207,EH38E3642436,EH38E3642887,72556000,72557000,73498000,73499000,1,-1
2254,chr5,72816864,72817157,73497995,73498207,EH38E3642536,EH38E3642887,72817000,72818000,73498000,73499000,2,-1
2255,chr5,73486548,73486886,73497995,73498207,EH38E2381823,EH38E3642887,73486000,73487000,73498000,73499000,21,-1
2256,chr5,73487318,73487502,73497995,73498207,EH38E2381824,EH38E3642887,73487000,73488000,73498000,73499000,18,-1
2257,chr5,73487854,73488183,73497995,73498207,EH38E3642883,EH38E3642887,73487000,73488000,73498000,73499000,18,-1
2258,chr5,73565307,73565513,73497995,73498207,EH38E3642916,EH38E3642887,73565000,73566000,73498000,73499000,6,-1
2259,chr5,74866266,74866596,73497995,73498207,EH38E3643553,EH38E3642887,74866000,74867000,73498000,73499000,1,-1
2260,chr5,75322128,75322476,73497995,73498207,EH38E2383172,EH38E3642887,75322000,75323000,73498000,73499000,1,-1
2261,chr5,72307987,72308296,73498213,73498563,EH38E3642264,EH38E3642888,72308000,72309000,73498000,73499000,1,-1
2262,chr5,72308310,72308659,73498213,73498563,EH38E2380969,EH38E3642888,72308000,72309000,73498000,73499000,1,-1
2263,chr5,72556478,72556726,73498213,73498563,EH38E3642435,EH38E3642888,72556000,72557000,73498000,73499000,1,-1
2264,chr5,72556878,72557227,73498213,73498563,EH38E3642436,EH38E3642888,72556000,72557000,73498000,73499000,1,-1
2265,chr5,72816864,72817157,73498213,73498563,EH38E3642536,EH38E3642888,72817000,72818000,73498000,73499000,2,-1
2266,chr5,73486548,73486886,73498213,73498563,EH38E2381823,EH38E3642888,73486000,73487000,73498000,73499000,21,-1
2267,chr5,73487318,73487502,73498213,73498563,EH38E2381824,EH38E3642888,73487000,73488000,73498000,73499000,18,-1
2268,chr5,73487854,73488183,73498213,73498563,EH38E3642883,EH38E3642888,73487000,73488000,73498000,73499000,18,-1
2269,chr5,73565307,73565513,73498213,73498563,EH38E3642916,EH38E3642888,73565000,73566000,73498000,73499000,6,-1
2270,chr5,74866266,74866596,73498213,73498563,EH38E3643553,EH38E3642888,74866000,74867000,73498000,73499000,1,-1
2271,chr5,75322128,75322476,73498213,73498563,EH38E2383172,EH38E3642888,75322000,75323000,73498000,73499000,1,-1
2272,chr5,72816864,72817157,73565540,73565889,EH38E3642536,EH38E3642917,72816000,72817000,73565000,73566000,1,-1
2273,chr5,73487854,73488183,73565540,73565889,EH38E3642883,EH38E3642917,73488000,73489000,73565000,73566000,2,-1
2274,chr5,73565307,73565513,73565540,73565889,EH38E3642916,EH38E3642917,73565000,73566000,73565000,73566000,221,-1
2275,chr5,74867738,74868086,73565540,73565889,EH38E3643556,EH38E3642917,74868000,74869000,73565000,73566000,1,-1
2276,chr5,75054214,75054480,73565540,73565889,EH38E2383066,EH38E3642917,75054000,75055000,73565000,73566000,1,-1
2277,chr5,75054505,75054853,73565540,73565889,EH38E3643651,EH38E3642917,75054000,75055000,73565000,73566000,1,-1
2278,chr5,75320883,75321233,73565540,73565889,EH38E2383170,EH38E3642917,75320000,75321000,73565000,73566000,1,-1
2279,chr5,75717000,75717329,73565540,73565889,EH38E2383415,EH38E3642917,75717000,75718000,73565000,73566000,1,-1
2280,chr5,73486548,73486886,73625922,73626272,EH38E2381823,EH38E3642939,73486000,73487000,73625000,73626000,1,-1
2281,chr5,73487318,73487502,73625922,73626272,EH38E2381824,EH38E3642939,73487000,73488000,73625000,73626000,1,-1
2282,chr5,73487854,73488183,73625922,73626272,EH38E3642883,EH38E3642939,73487000,73488000,73625000,73626000,1,-1
2283,chr5,75320883,75321233,73625922,73626272,EH38E2383170,EH38E3642939,75320000,75321000,73625000,73626000,1,-1
2284,chr5,75717000,75717329,73625922,73626272,EH38E2383415,EH38E3642939,75716000,75717000,73625000,73626000,1,-1
2285,chr5,72166545,72166893,73625922,73626272,EH38E2380814,EH38E3642939,72166000,72167000,73626000,73627000,1,-1
2286,chr5,72816864,72817157,73625922,73626272,EH38E3642536,EH38E3642939,72816000,72817000,73626000,73627000,1,-1
2287,chr5,73565307,73565513,73625922,73626272,EH38E3642916,EH38E3642939,73565000,73566000,73626000,73627000,5,-1
2288,chr5,74543177,74543436,73625922,73626272,EH38E3643402,EH38E3642939,74543000,74544000,73626000,73627000,1,-1
2289,chr5,74543524,74543874,73625922,73626272,EH38E3643403,EH38E3642939,74543000,74544000,73626000,73627000,1,-1
2290,chr5,72302186,72302536,74640540,74640890,EH38E2380961,EH38E2382786,72302000,72303000,74640000,74641000,1,-1
2291,chr5,72363188,72363531,74640540,74640890,EH38E3642295,EH38E2382786,72363000,72364000,74640000,74641000,1,-1
2292,chr5,74543177,74543436,74640540,74640890,EH38E3643402,EH38E2382786,74543000,74544000,74640000,74641000,11,-1
2293,chr5,74543524,74543874,74640540,74640890,EH38E3643403,EH38E2382786,74543000,74544000,74640000,74641000,11,-1
2294,chr5,74866266,74866596,74640540,74640890,EH38E3643553,EH38E2382786,74866000,74867000,74640000,74641000,1,-1
2295,chr5,74867738,74868086,74640540,74640890,EH38E3643556,EH38E2382786,74867000,74868000,74640000,74641000,1,-1
2296,chr5,75054214,75054480,74640540,74640890,EH38E2383066,EH38E2382786,75054000,75055000,74640000,74641000,1,-1
2297,chr5,75054505,75054853,74640540,74640890,EH38E3643651,EH38E2382786,75054000,75055000,74640000,74641000,1,-1
2298,chr5,75322128,75322476,74640540,74640890,EH38E2383172,EH38E2382786,75322000,75323000,74640000,74641000,1,-1
2299,chr5,76489933,76490283,74640540,74640890,EH38E3644141,EH38E2382786,76489000,76490000,74640000,74641000,1,-1
2300,chr5,72108157,72108502,74641270,74641620,EH38E3642140,EH38E2382788,72108000,72109000,74641000,74642000,1,-1
2301,chr5,72108506,72108718,74641270,74641620,EH38E3642141,EH38E2382788,72108000,72109000,74641000,74642000,1,-1
2302,chr5,73487854,73488183,74641270,74641620,EH38E3642883,EH38E2382788,73488000,73489000,74641000,74642000,1,-1
2303,chr5,74543177,74543436,74641270,74641620,EH38E3643402,EH38E2382788,74543000,74544000,74641000,74642000,8,-1
2304,chr5,74543524,74543874,74641270,74641620,EH38E3643403,EH38E2382788,74543000,74544000,74641000,74642000,8,-1
2305,chr5,74867738,74868086,74641270,74641620,EH38E3643556,EH38E2382788,74867000,74868000,74641000,74642000,1,-1
2306,chr5,75054214,75054480,74641270,74641620,EH38E2383066,EH38E2382788,75054000,75055000,74641000,74642000,1,-1
2307,chr5,75054505,75054853,74641270,74641620,EH38E3643651,EH38E2382788,75054000,75055000,74641000,74642000,1,-1
2308,chr5,75055638,75055830,74641270,74641620,EH38E3643653,EH38E2382788,75055000,75056000,74641000,74642000,1,-1
2309,chr5,75055843,75056181,74641270,74641620,EH38E2383069,EH38E2382788,75055000,75056000,74641000,74642000,1,-1
2310,chr5,72307987,72308296,74684923,74685270,EH38E3642264,EH38E3643501,72308000,72309000,74684000,74685000,1,-1
2311,chr5,72308310,72308659,74684923,74685270,EH38E2380969,EH38E3643501,72308000,72309000,74684000,74685000,1,-1
2312,chr5,74866266,74866596,74684923,74685270,EH38E3643553,EH38E3643501,74866000,74867000,74684000,74685000,2,-1
2313,chr5,74867738,74868086,74684923,74685270,EH38E3643556,EH38E3643501,74867000,74868000,74684000,74685000,2,-1
2314,chr5,75239744,75240087,74684923,74685270,EH38E2383142,EH38E3643501,75240000,75241000,74684000,74685000,1,-1
2315,chr5,75717000,75717329,74684923,74685270,EH38E2383415,EH38E3643501,75716000,75717000,74684000,74685000,1,-1
2316,chr5,72122174,72122368,74684923,74685270,EH38E3642151,EH38E3643501,72122000,72123000,74685000,74686000,1,-1
2317,chr5,72238767,72239007,74684923,74685270,EH38E3642225,EH38E3643501,72239000,72240000,74685000,74686000,1,-1
2318,chr5,72556878,72557227,74684923,74685270,EH38E3642436,EH38E3643501,72557000,72558000,74685000,74686000,1,-1
2319,chr5,75054214,75054480,74684923,74685270,EH38E2383066,EH38E3643501,75054000,75055000,74685000,74686000,1,-1
2320,chr5,75054505,75054853,74684923,74685270,EH38E3643651,EH38E3643501,75054000,75055000,74685000,74686000,1,-1
2321,chr5,75055638,75055830,74684923,74685270,EH38E3643653,EH38E3643501,75055000,75056000,74685000,74686000,2,-1
2322,chr5,75055843,75056181,74684923,74685270,EH38E2383069,EH38E3643501,75055000,75056000,74685000,74686000,2,-1
2323,chr5,74543177,74543436,74766780,74766982,EH38E3643402,EH38E3643522,74543000,74544000,74766000,74767000,1,-1
2324,chr5,74543524,74543874,74766780,74766982,EH38E3643403,EH38E3643522,74543000,74544000,74766000,74767000,1,-1
2325,chr5,74866266,74866596,74766780,74766982,EH38E3643553,EH38E3643522,74866000,74867000,74766000,74767000,1,-1
2326,chr5,74867738,74868086,74766780,74766982,EH38E3643556,EH38E3643522,74867000,74868000,74766000,74767000,1,-1
2327,chr5,75717000,75717329,74766780,74766982,EH38E2383415,EH38E3643522,75717000,75718000,74766000,74767000,1,-1
2328,chr5,74543177,74543436,74766999,74767349,EH38E3643402,EH38E3643523,74543000,74544000,74766000,74767000,1,-1
2329,chr5,74543524,74543874,74766999,74767349,EH38E3643403,EH38E3643523,74543000,74544000,74766000,74767000,1,-1
2330,chr5,75717000,75717329,74766999,74767349,EH38E2383415,EH38E3643523,75717000,75718000,74766000,74767000,1,-1
2331,chr5,74866266,74866596,74766999,74767349,EH38E3643553,EH38E3643523,74866000,74867000,74767000,74768000,6,-1
2332,chr5,74867738,74868086,74766999,74767349,EH38E3643556,EH38E3643523,74867000,74868000,74767000,74768000,3,-1
2333,chr5,75055843,75056181,74766999,74767349,EH38E2383069,EH38E3643523,75056000,75057000,74767000,74768000,1,-1
2334,chr5,75056207,75056388,74766999,74767349,EH38E3643654,EH38E3643523,75056000,75057000,74767000,74768000,1,-1
2335,chr5,75239744,75240087,74766999,74767349,EH38E2383142,EH38E3643523,75240000,75241000,74767000,74768000,1,-1
2336,chr5,75322128,75322476,74766999,74767349,EH38E2383172,EH38E3643523,75322000,75323000,74767000,74768000,1,-1
2337,chr5,73487318,73487502,74865569,74865879,EH38E2381824,EH38E3643551,73487000,73488000,74865000,74866000,1,-1
2338,chr5,73487854,73488183,74865569,74865879,EH38E3642883,EH38E3643551,73487000,73488000,74865000,74866000,1,-1
2339,chr5,74543177,74543436,74865569,74865879,EH38E3643402,EH38E3643551,74543000,74544000,74865000,74866000,1,-1
2340,chr5,74543524,74543874,74865569,74865879,EH38E3643403,EH38E3643551,74543000,74544000,74865000,74866000,1,-1
2341,chr5,74866266,74866596,74865569,74865879,EH38E3643553,EH38E3643551,74866000,74867000,74865000,74866000,100,-1
2342,chr5,74867738,74868086,74865569,74865879,EH38E3643556,EH38E3643551,74867000,74868000,74865000,74866000,39,-1
2343,chr5,75054214,75054480,74865569,74865879,EH38E2383066,EH38E3643551,75054000,75055000,74865000,74866000,2,-1
2344,chr5,75054505,75054853,74865569,74865879,EH38E3643651,EH38E3643551,75054000,75055000,74865000,74866000,2,-1
2345,chr5,75055638,75055830,74865569,74865879,EH38E3643653,EH38E3643551,75055000,75056000,74865000,74866000,2,-1
2346,chr5,75055843,75056181,74865569,74865879,EH38E2383069,EH38E3643551,75055000,75056000,74865000,74866000,2,-1
2347,chr5,75717000,75717329,74865569,74865879,EH38E2383415,EH38E3643551,75717000,75718000,74865000,74866000,1,-1
2348,chr5,74866266,74866596,74866812,74867159,EH38E3643553,EH38E3643555,74866000,74867000,74866000,74867000,129,-1
2349,chr5,74867738,74868086,74866812,74867159,EH38E3643556,EH38E3643555,74867000,74868000,74866000,74867000,150,-1
2350,chr5,75055638,75055830,74866812,74867159,EH38E3643653,EH38E3643555,75055000,75056000,74866000,74867000,1,-1
2351,chr5,75055843,75056181,74866812,74867159,EH38E2383069,EH38E3643555,75055000,75056000,74866000,74867000,1,-1
2352,chr5,76426323,76426499,74866812,74867159,EH38E3644100,EH38E3643555,76426000,76427000,74866000,74867000,1,-1
2353,chr5,76426524,76426735,74866812,74867159,EH38E3644101,EH38E3643555,76426000,76427000,74866000,74867000,1,-1
2354,chr5,73487854,73488183,74866812,74867159,EH38E3642883,EH38E3643555,73488000,73489000,74867000,74868000,1,-1
2355,chr5,74866266,74866596,74866812,74867159,EH38E3643553,EH38E3643555,74866000,74867000,74867000,74868000,150,-1
2356,chr5,74867738,74868086,74866812,74867159,EH38E3643556,EH38E3643555,74867000,74868000,74867000,74868000,139,-1
2357,chr5,75054214,75054480,74866812,74867159,EH38E2383066,EH38E3643555,75054000,75055000,74867000,74868000,2,-1
2358,chr5,75054505,75054853,74866812,74867159,EH38E3643651,EH38E3643555,75054000,75055000,74867000,74868000,2,-1
2359,chr5,74543177,74543436,74882860,74883061,EH38E3643402,EH38E2382929,74543000,74544000,74882000,74883000,1,-1
2360,chr5,74543524,74543874,74882860,74883061,EH38E3643403,EH38E2382929,74543000,74544000,74882000,74883000,1,-1
2361,chr5,74866266,74866596,74882860,74883061,EH38E3643553,EH38E2382929,74866000,74867000,74882000,74883000,7,-1
2362,chr5,74867738,74868086,74882860,74883061,EH38E3643556,EH38E2382929,74867000,74868000,74882000,74883000,6,-1
2363,chr5,72307987,72308296,74882860,74883061,EH38E3642264,EH38E2382929,72307000,72308000,74883000,74884000,1,-1
2364,chr5,75054214,75054480,74882860,74883061,EH38E2383066,EH38E2382929,75054000,75055000,74883000,74884000,3,-1
2365,chr5,75054505,75054853,74882860,74883061,EH38E3643651,EH38E2382929,75054000,75055000,74883000,74884000,3,-1
2366,chr5,75239744,75240087,74882860,74883061,EH38E2383142,EH38E2382929,75239000,75240000,74883000,74884000,1,-1
2367,chr5,75320883,75321233,74882860,74883061,EH38E2383170,EH38E2382929,75320000,75321000,74883000,74884000,1,-1
2368,chr5,77775960,77776121,74882860,74883061,EH38E3644718,EH38E2382929,77776000,77777000,74883000,74884000,1,-1
2369,chr5,72307987,72308296,75236803,75237146,EH38E3642264,EH38E3643699,72307000,72308000,75236000,75237000,1,-1
2370,chr5,74543177,74543436,75236803,75237146,EH38E3643402,EH38E3643699,74543000,74544000,75236000,75237000,2,-1
2371,chr5,74543524,74543874,75236803,75237146,EH38E3643403,EH38E3643699,74543000,74544000,75236000,75237000,2,-1
2372,chr5,74867738,74868086,75236803,75237146,EH38E3643556,EH38E3643699,74867000,74868000,75236000,75237000,1,-1
2373,chr5,75054214,75054480,75236803,75237146,EH38E2383066,EH38E3643699,75054000,75055000,75236000,75237000,7,-1
2374,chr5,75054505,75054853,75236803,75237146,EH38E3643651,EH38E3643699,75054000,75055000,75236000,75237000,7,-1
2375,chr5,75055638,75055830,75236803,75237146,EH38E3643653,EH38E3643699,75055000,75056000,75236000,75237000,6,-1
2376,chr5,75055843,75056181,75236803,75237146,EH38E2383069,EH38E3643699,75055000,75056000,75236000,75237000,6,-1
2377,chr5,75056207,75056388,75236803,75237146,EH38E3643654,EH38E3643699,75056000,75057000,75236000,75237000,3,-1
2378,chr5,75322128,75322476,75236803,75237146,EH38E2383172,EH38E3643699,75322000,75323000,75236000,75237000,3,-1
2379,chr5,75717000,75717329,75236803,75237146,EH38E2383415,EH38E3643699,75717000,75718000,75236000,75237000,1,-1
2380,chr5,73486548,73486886,75236803,75237146,EH38E2381823,EH38E3643699,73486000,73487000,75237000,75238000,1,-1
2381,chr5,75239744,75240087,75236803,75237146,EH38E2383142,EH38E3643699,75239000,75240000,75237000,75238000,57,-1
2382,chr5,75320883,75321233,75236803,75237146,EH38E2383170,EH38E3643699,75320000,75321000,75237000,75238000,4,-1
2383,chr5,73487854,73488183,75336898,75337248,EH38E3642883,EH38E3643731,73488000,73489000,75336000,75337000,1,-1
2384,chr5,74543177,74543436,75336898,75337248,EH38E3643402,EH38E3643731,74543000,74544000,75336000,75337000,1,-1
2385,chr5,74543524,74543874,75336898,75337248,EH38E3643403,EH38E3643731,74543000,74544000,75336000,75337000,1,-1
2386,chr5,74866266,74866596,75336898,75337248,EH38E3643553,EH38E3643731,74866000,74867000,75336000,75337000,1,-1
2387,chr5,74867738,74868086,75336898,75337248,EH38E3643556,EH38E3643731,74868000,74869000,75336000,75337000,1,-1
2388,chr5,75055638,75055830,75336898,75337248,EH38E3643653,EH38E3643731,75055000,75056000,75336000,75337000,4,-1
2389,chr5,75055843,75056181,75336898,75337248,EH38E2383069,EH38E3643731,75055000,75056000,75336000,75337000,4,-1
2390,chr5,75239744,75240087,75336898,75337248,EH38E2383142,EH38E3643731,75239000,75240000,75336000,75337000,6,-1
2391,chr5,75320883,75321233,75336898,75337248,EH38E2383170,EH38E3643731,75320000,75321000,75336000,75337000,10,-1
2392,chr5,75322128,75322476,75336898,75337248,EH38E2383172,EH38E3643731,75322000,75323000,75336000,75337000,8,-1
2393,chr5,75054214,75054480,75336898,75337248,EH38E2383066,EH38E3643731,75054000,75055000,75337000,75338000,7,-1
2394,chr5,75054505,75054853,75336898,75337248,EH38E3643651,EH38E3643731,75054000,75055000,75337000,75338000,7,-1
2395,chr5,75056207,75056388,75336898,75337248,EH38E3643654,EH38E3643731,75056000,75057000,75337000,75338000,5,-1
2396,chr5,75717000,75717329,75336898,75337248,EH38E2383415,EH38E3643731,75716000,75717000,75337000,75338000,1,-1
2397,chr5,74866266,74866596,75511592,75511942,EH38E3643553,EH38E2383272,74866000,74867000,75511000,75512000,1,-1
2398,chr5,75054214,75054480,75511592,75511942,EH38E2383066,EH38E2383272,75054000,75055000,75511000,75512000,3,-1
2399,chr5,75054505,75054853,75511592,75511942,EH38E3643651,EH38E2383272,75054000,75055000,75511000,75512000,3,-1
2400,chr5,75055843,75056181,75511592,75511942,EH38E2383069,EH38E2383272,75056000,75057000,75511000,75512000,1,-1
2401,chr5,75056207,75056388,75511592,75511942,EH38E3643654,EH38E2383272,75056000,75057000,75511000,75512000,1,-1
2402,chr5,75239744,75240087,75511592,75511942,EH38E2383142,EH38E2383272,75239000,75240000,75511000,75512000,1,-1
2403,chr5,75320883,75321233,75511592,75511942,EH38E2383170,EH38E2383272,75320000,75321000,75511000,75512000,1,-1
2404,chr5,75322128,75322476,75511592,75511942,EH38E2383172,EH38E2383272,75322000,75323000,75511000,75512000,1,-1
2405,chr5,75717000,75717329,75511592,75511942,EH38E2383415,EH38E2383272,75717000,75718000,75511000,75512000,2,-1
2406,chr5,78359883,78360211,75511592,75511942,EH38E2384795,EH38E2383272,78360000,78361000,75511000,75512000,1,-1
2407,chr5,75054214,75054480,75512025,75512183,EH38E2383066,EH38E3643785,75054000,75055000,75512000,75513000,1,-1
2408,chr5,75054505,75054853,75512025,75512183,EH38E3643651,EH38E3643785,75054000,75055000,75512000,75513000,1,-1
2409,chr5,75320883,75321233,75512025,75512183,EH38E2383170,EH38E3643785,75320000,75321000,75512000,75513000,1,-1
2410,chr5,75322128,75322476,75512025,75512183,EH38E2383172,EH38E3643785,75322000,75323000,75512000,75513000,1,-1
2411,chr5,73565307,73565513,75717370,75717719,EH38E3642916,EH38E3643881,73565000,73566000,75717000,75718000,1,-1
2412,chr5,75055843,75056181,75717370,75717719,EH38E2383069,EH38E3643881,75056000,75057000,75717000,75718000,1,-1
2413,chr5,75056207,75056388,75717370,75717719,EH38E3643654,EH38E3643881,75056000,75057000,75717000,75718000,1,-1
2414,chr5,75320883,75321233,75717370,75717719,EH38E2383170,EH38E3643881,75320000,75321000,75717000,75718000,1,-1
2415,chr5,75717000,75717329,75717370,75717719,EH38E2383415,EH38E3643881,75717000,75718000,75717000,75718000,209,-1
2416,chr5,75717000,75717329,75717370,75717719,EH38E2383415,EH38E3643881,75717000,75718000,75717000,75718000,190,-1
2417,chr5,76403474,76403665,75717370,75717719,EH38E3644083,EH38E3643881,76403000,76404000,75717000,75718000,1,-1
2418,chr5,78294279,78294439,75717370,75717719,EH38E3644886,EH38E3643881,78294000,78295000,75717000,75718000,1,-1
2419,chr5,78294985,78295139,75717370,75717719,EH38E2384767,EH38E3643881,78294000,78295000,75717000,75718000,1,-1
2420,chr5,74867738,74868086,76083996,76084345,EH38E3643556,EH38E3643944,74867000,74868000,76083000,76084000,1,-1
2421,chr5,75055638,75055830,76083996,76084345,EH38E3643653,EH38E3643944,75055000,75056000,76083000,76084000,1,-1
2422,chr5,75055843,75056181,76083996,76084345,EH38E2383069,EH38E3643944,75055000,75056000,76083000,76084000,1,-1
2423,chr5,75320883,75321233,76083996,76084345,EH38E2383170,EH38E3643944,75320000,75321000,76083000,76084000,1,-1
2424,chr5,75717000,75717329,76083996,76084345,EH38E2383415,EH38E3643944,75716000,75717000,76083000,76084000,2,-1
2425,chr5,76403474,76403665,76083996,76084345,EH38E3644083,EH38E3643944,76403000,76404000,76083000,76084000,4,-1
2426,chr5,76489933,76490283,76083996,76084345,EH38E3644141,EH38E3643944,76489000,76490000,76083000,76084000,3,-1
2427,chr5,74543177,74543436,76083996,76084345,EH38E3643402,EH38E3643944,74543000,74544000,76084000,76085000,1,-1
2428,chr5,74543524,74543874,76083996,76084345,EH38E3643403,EH38E3643944,74543000,74544000,76084000,76085000,1,-1
2429,chr5,76426323,76426499,76083996,76084345,EH38E3644100,EH38E3643944,76426000,76427000,76084000,76085000,1,-1
2430,chr5,76426524,76426735,76083996,76084345,EH38E3644101,EH38E3643944,76426000,76427000,76084000,76085000,1,-1
2431,chr5,75717000,75717329,76403093,76403260,EH38E2383415,EH38E2383682,75717000,75718000,76403000,76404000,1,-1
2432,chr5,76403474,76403665,76403093,76403260,EH38E3644083,EH38E2383682,76403000,76404000,76403000,76404000,480,-1
2433,chr5,76426323,76426499,76403093,76403260,EH38E3644100,EH38E2383682,76426000,76427000,76403000,76404000,14,-1
2434,chr5,76426524,76426735,76403093,76403260,EH38E3644101,EH38E2383682,76426000,76427000,76403000,76404000,14,-1
2435,chr5,76489933,76490283,76403093,76403260,EH38E3644141,EH38E2383682,76489000,76490000,76403000,76404000,9,-1
2436,chr5,76807281,76807628,76403093,76403260,EH38E3644326,EH38E2383682,76807000,76808000,76403000,76404000,1,-1
2437,chr5,76808138,76808420,76403093,76403260,EH38E2384023,EH38E2383682,76808000,76809000,76403000,76404000,1,-1
2438,chr5,76808482,76808638,76403093,76403260,EH38E2384024,EH38E2383682,76808000,76809000,76403000,76404000,1,-1
2439,chr5,76808640,76808834,76403093,76403260,EH38E3644327,EH38E2383682,76808000,76809000,76403000,76404000,1,-1
2440,chr5,79236450,79236601,76403093,76403260,EH38E3645338,EH38E2383682,79236000,79237000,76403000,76404000,1,-1
2441,chr5,76403474,76403665,76715783,76716094,EH38E3644083,EH38E2383954,76403000,76404000,76715000,76716000,3,-1
2442,chr5,77491983,77492135,76715783,76716094,EH38E3644625,EH38E2383954,77491000,77492000,76715000,76716000,1,-1
2443,chr5,77775960,77776121,76715783,76716094,EH38E3644718,EH38E2383954,77776000,77777000,76715000,76716000,1,-1
2444,chr5,74866266,74866596,76715783,76716094,EH38E3643553,EH38E2383954,74866000,74867000,76716000,76717000,1,-1
2445,chr5,75239744,75240087,76715783,76716094,EH38E2383142,EH38E2383954,75240000,75241000,76716000,76717000,1,-1
2446,chr5,75320883,75321233,76715783,76716094,EH38E2383170,EH38E2383954,75320000,75321000,76716000,76717000,2,-1
2447,chr5,76426323,76426499,76715783,76716094,EH38E3644100,EH38E2383954,76426000,76427000,76716000,76717000,1,-1
2448,chr5,76426524,76426735,76715783,76716094,EH38E3644101,EH38E2383954,76426000,76427000,76716000,76717000,1,-1
2449,chr5,76489933,76490283,76715783,76716094,EH38E3644141,EH38E2383954,76489000,76490000,76716000,76717000,2,-1
2450,chr5,76807281,76807628,76715783,76716094,EH38E3644326,EH38E2383954,76807000,76808000,76716000,76717000,4,-1
2451,chr5,76808138,76808420,76715783,76716094,EH38E2384023,EH38E2383954,76808000,76809000,76716000,76717000,8,-1
2452,chr5,76808482,76808638,76715783,76716094,EH38E2384024,EH38E2383954,76808000,76809000,76716000,76717000,8,-1
2453,chr5,76808640,76808834,76715783,76716094,EH38E3644327,EH38E2383954,76808000,76809000,76716000,76717000,8,-1
2454,chr5,78359883,78360211,76715783,76716094,EH38E2384795,EH38E2383954,78360000,78361000,76716000,76717000,1,-1
2455,chr5,74866266,74866596,76716175,76716400,EH38E3643553,EH38E3644269,74866000,74867000,76716000,76717000,1,-1
2456,chr5,75239744,75240087,76716175,76716400,EH38E2383142,EH38E3644269,75240000,75241000,76716000,76717000,1,-1
2457,chr5,75320883,75321233,76716175,76716400,EH38E2383170,EH38E3644269,75320000,75321000,76716000,76717000,2,-1
2458,chr5,76403474,76403665,76716175,76716400,EH38E3644083,EH38E3644269,76403000,76404000,76716000,76717000,1,-1
2459,chr5,76426323,76426499,76716175,76716400,EH38E3644100,EH38E3644269,76426000,76427000,76716000,76717000,1,-1
2460,chr5,76426524,76426735,76716175,76716400,EH38E3644101,EH38E3644269,76426000,76427000,76716000,76717000,1,-1
2461,chr5,76489933,76490283,76716175,76716400,EH38E3644141,EH38E3644269,76489000,76490000,76716000,76717000,2,-1
2462,chr5,76807281,76807628,76716175,76716400,EH38E3644326,EH38E3644269,76807000,76808000,76716000,76717000,4,-1
2463,chr5,76808138,76808420,76716175,76716400,EH38E2384023,EH38E3644269,76808000,76809000,76716000,76717000,8,-1
2464,chr5,76808482,76808638,76716175,76716400,EH38E2384024,EH38E3644269,76808000,76809000,76716000,76717000,8,-1
2465,chr5,76808640,76808834,76716175,76716400,EH38E3644327,EH38E3644269,76808000,76809000,76716000,76717000,8,-1
2466,chr5,77491983,77492135,76716175,76716400,EH38E3644625,EH38E3644269,77491000,77492000,76716000,76717000,1,-1
2467,chr5,77775960,77776121,76716175,76716400,EH38E3644718,EH38E3644269,77776000,77777000,76716000,76717000,1,-1
2468,chr5,78359883,78360211,76716175,76716400,EH38E2384795,EH38E3644269,78360000,78361000,76716000,76717000,1,-1
2469,chr5,75322128,75322476,76818763,76819113,EH38E2383172,EH38E2384035,75322000,75323000,76818000,76819000,1,-1
2470,chr5,77491983,77492135,76818763,76819113,EH38E3644625,EH38E2384035,77492000,77493000,76818000,76819000,1,-1
2471,chr5,77492368,77492704,76818763,76819113,EH38E3644626,EH38E2384035,77492000,77493000,76818000,76819000,1,-1
2472,chr5,78495834,78496180,76818763,76819113,EH38E2384846,EH38E2384035,78495000,78496000,76818000,76819000,1,-1
2473,chr5,74866266,74866596,76818763,76819113,EH38E3643553,EH38E2384035,74866000,74867000,76819000,76820000,1,-1
2474,chr5,75055638,75055830,76818763,76819113,EH38E3643653,EH38E2384035,75055000,75056000,76819000,76820000,1,-1
2475,chr5,75055843,75056181,76818763,76819113,EH38E2383069,EH38E2384035,75055000,75056000,76819000,76820000,1,-1
2476,chr5,76403474,76403665,76818763,76819113,EH38E3644083,EH38E2384035,76403000,76404000,76819000,76820000,3,-1
2477,chr5,76489933,76490283,76818763,76819113,EH38E3644141,EH38E2384035,76489000,76490000,76819000,76820000,1,-1
2478,chr5,76807281,76807628,76818763,76819113,EH38E3644326,EH38E2384035,76807000,76808000,76819000,76820000,21,-1
2479,chr5,76808138,76808420,76818763,76819113,EH38E2384023,EH38E2384035,76808000,76809000,76819000,76820000,25,-1
2480,chr5,76808482,76808638,76818763,76819113,EH38E2384024,EH38E2384035,76808000,76809000,76819000,76820000,25,-1
2481,chr5,76808640,76808834,76818763,76819113,EH38E3644327,EH38E2384035,76808000,76809000,76819000,76820000,25,-1
2482,chr5,77775960,77776121,76818763,76819113,EH38E3644718,EH38E2384035,77776000,77777000,76819000,76820000,1,-1
2483,chr5,78294279,78294439,76818763,76819113,EH38E3644886,EH38E2384035,78294000,78295000,76819000,76820000,1,-1
2484,chr5,78294985,78295139,76818763,76819113,EH38E2384767,EH38E2384035,78294000,78295000,76819000,76820000,1,-1
2485,chr5,78359883,78360211,76818763,76819113,EH38E2384795,EH38E2384035,78359000,78360000,76819000,76820000,1,-1
2486,chr5,78649108,78649366,76818763,76819113,EH38E3645082,EH38E2384035,78649000,78650000,76819000,76820000,1,-1
2487,chr5,78649435,78649621,76818763,76819113,EH38E2385041,EH38E2384035,78649000,78650000,76819000,76820000,1,-1
2488,chr5,78649687,78650020,76818763,76819113,EH38E2385042,EH38E2384035,78649000,78650000,76819000,76820000,1,-1
2489,chr5,75054214,75054480,77030179,77030529,EH38E2383066,EH38E3644422,75054000,75055000,77030000,77031000,1,-1
2490,chr5,75054505,75054853,77030179,77030529,EH38E3643651,EH38E3644422,75054000,75055000,77030000,77031000,1,-1
2491,chr5,75320883,75321233,77030179,77030529,EH38E2383170,EH38E3644422,75320000,75321000,77030000,77031000,1,-1
2492,chr5,76489933,76490283,77030179,77030529,EH38E3644141,EH38E3644422,76489000,76490000,77030000,77031000,1,-1
2493,chr5,76807281,76807628,77030179,77030529,EH38E3644326,EH38E3644422,76807000,76808000,77030000,77031000,3,-1
2494,chr5,77775960,77776121,77030179,77030529,EH38E3644718,EH38E3644422,77775000,77776000,77030000,77031000,1,-1
2495,chr5,76489933,76490283,77086530,77086880,EH38E3644141,EH38E3644446,76490000,76491000,77086000,77087000,1,-1
2496,chr5,77491983,77492135,77086530,77086880,EH38E3644625,EH38E3644446,77491000,77492000,77086000,77087000,1,-1
2497,chr5,77492368,77492704,77086530,77086880,EH38E3644626,EH38E3644446,77492000,77493000,77086000,77087000,3,-1
2498,chr5,76489933,76490283,77086880,77087124,EH38E3644141,EH38E3644447,76490000,76491000,77086000,77087000,1,-1
2499,chr5,77492368,77492704,77086880,77087124,EH38E3644626,EH38E3644447,77492000,77493000,77086000,77087000,3,-1
2500,chr5,76403474,76403665,77086880,77087124,EH38E3644083,EH38E3644447,76403000,76404000,77087000,77088000,2,-1
2501,chr5,76807281,76807628,77086880,77087124,EH38E3644326,EH38E3644447,76807000,76808000,77087000,77088000,2,-1
2502,chr5,76808138,76808420,77086880,77087124,EH38E2384023,EH38E3644447,76808000,76809000,77087000,77088000,1,-1
2503,chr5,76808482,76808638,77086880,77087124,EH38E2384024,EH38E3644447,76808000,76809000,77087000,77088000,1,-1
2504,chr5,76808640,76808834,77086880,77087124,EH38E3644327,EH38E3644447,76808000,76809000,77087000,77088000,1,-1
2505,chr5,77491983,77492135,77086880,77087124,EH38E3644625,EH38E3644447,77491000,77492000,77087000,77088000,2,-1
2506,chr5,78495834,78496180,77086880,77087124,EH38E2384846,EH38E3644447,78495000,78496000,77087000,77088000,1,-1
2507,chr5,76403474,76403665,77087835,77088185,EH38E3644083,EH38E3644450,76403000,76404000,77087000,77088000,2,-1
2508,chr5,76807281,76807628,77087835,77088185,EH38E3644326,EH38E3644450,76807000,76808000,77087000,77088000,2,-1
2509,chr5,76808138,76808420,77087835,77088185,EH38E2384023,EH38E3644450,76808000,76809000,77087000,77088000,1,-1
2510,chr5,76808482,76808638,77087835,77088185,EH38E2384024,EH38E3644450,76808000,76809000,77087000,77088000,1,-1
2511,chr5,76808640,76808834,77087835,77088185,EH38E3644327,EH38E3644450,76808000,76809000,77087000,77088000,1,-1
2512,chr5,77491983,77492135,77087835,77088185,EH38E3644625,EH38E3644450,77491000,77492000,77087000,77088000,2,-1
2513,chr5,77492368,77492704,77087835,77088185,EH38E3644626,EH38E3644450,77492000,77493000,77087000,77088000,3,-1
2514,chr5,78495834,78496180,77087835,77088185,EH38E2384846,EH38E3644450,78495000,78496000,77087000,77088000,1,-1
2515,chr5,75717000,75717329,77087835,77088185,EH38E2383415,EH38E3644450,75717000,75718000,77088000,77089000,1,-1
2516,chr5,76426323,76426499,77087835,77088185,EH38E3644100,EH38E3644450,76426000,76427000,77088000,77089000,1,-1
2517,chr5,76426524,76426735,77087835,77088185,EH38E3644101,EH38E3644450,76426000,76427000,77088000,77089000,1,-1
2518,chr5,77775960,77776121,77087835,77088185,EH38E3644718,EH38E3644450,77776000,77777000,77088000,77089000,1,-1
2519,chr5,78294279,78294439,77087835,77088185,EH38E3644886,EH38E3644450,78294000,78295000,77088000,77089000,1,-1
2520,chr5,78294985,78295139,77087835,77088185,EH38E2384767,EH38E3644450,78294000,78295000,77088000,77089000,1,-1
2521,chr5,76808138,76808420,77492159,77492366,EH38E2384023,EH38E2384418,76808000,76809000,77492000,77493000,1,-1
2522,chr5,76808482,76808638,77492159,77492366,EH38E2384024,EH38E2384418,76808000,76809000,77492000,77493000,1,-1
2523,chr5,76808640,76808834,77492159,77492366,EH38E3644327,EH38E2384418,76808000,76809000,77492000,77493000,1,-1
2524,chr5,77491983,77492135,77492159,77492366,EH38E3644625,EH38E2384418,77491000,77492000,77492000,77493000,247,-1
2525,chr5,77491983,77492135,77492159,77492366,EH38E3644625,EH38E2384418,77492000,77493000,77492000,77493000,188,-1
2526,chr5,77492368,77492704,77492159,77492366,EH38E3644626,EH38E2384418,77492000,77493000,77492000,77493000,188,-1
2527,chr5,77775960,77776121,77492159,77492366,EH38E3644718,EH38E2384418,77775000,77776000,77492000,77493000,4,-1
2528,chr5,78294985,78295139,77492159,77492366,EH38E2384767,EH38E2384418,78295000,78296000,77492000,77493000,1,-1
2529,chr5,78359883,78360211,77492159,77492366,EH38E2384795,EH38E2384418,78359000,78360000,77492000,77493000,1,-1
2530,chr5,78649687,78650020,77492159,77492366,EH38E2385042,EH38E2384418,78650000,78651000,77492000,77493000,1,-1
2531,chr5,79611951,79612104,77492159,77492366,EH38E3645477,EH38E2384418,79612000,79613000,77492000,77493000,1,-1
2532,chr5,78294279,78294439,77638685,77639035,EH38E3644886,EH38E3644664,78294000,78295000,77638000,77639000,2,-1
2533,chr5,78294985,78295139,77638685,77639035,EH38E2384767,EH38E3644664,78294000,78295000,77638000,77639000,2,-1
2534,chr5,78359883,78360211,77638685,77639035,EH38E2384795,EH38E3644664,78359000,78360000,77638000,77639000,1,-1
2535,chr5,79237294,79237620,77638685,77639035,EH38E3645341,EH38E3644664,79237000,79238000,77638000,77639000,1,-1
2536,chr5,80257225,80257416,77638685,77639035,EH38E3645812,EH38E3644664,80257000,80258000,77638000,77639000,1,-1
2537,chr5,80257420,80257765,77638685,77639035,EH38E3645813,EH38E3644664,80257000,80258000,77638000,77639000,1,-1
2538,chr5,80257956,80258143,77638685,77639035,EH38E3645814,EH38E3644664,80257000,80258000,77638000,77639000,1,-1
2539,chr5,75717000,75717329,77638685,77639035,EH38E2383415,EH38E3644664,75716000,75717000,77639000,77640000,1,-1
2540,chr5,76808138,76808420,77638685,77639035,EH38E2384023,EH38E3644664,76808000,76809000,77639000,77640000,1,-1
2541,chr5,76808482,76808638,77638685,77639035,EH38E2384024,EH38E3644664,76808000,76809000,77639000,77640000,1,-1
2542,chr5,76808640,76808834,77638685,77639035,EH38E3644327,EH38E3644664,76808000,76809000,77639000,77640000,1,-1
2543,chr5,77491983,77492135,77638685,77639035,EH38E3644625,EH38E3644664,77491000,77492000,77639000,77640000,1,-1
2544,chr5,77492368,77492704,77638685,77639035,EH38E3644626,EH38E3644664,77492000,77493000,77639000,77640000,3,-1
2545,chr5,77775960,77776121,77638685,77639035,EH38E3644718,EH38E3644664,77775000,77776000,77639000,77640000,7,-1
2546,chr5,77491983,77492135,77776134,77776484,EH38E3644625,EH38E3644719,77491000,77492000,77776000,77777000,1,-1
2547,chr5,77492368,77492704,77776134,77776484,EH38E3644626,EH38E3644719,77492000,77493000,77776000,77777000,1,-1
2548,chr5,77775960,77776121,77776134,77776484,EH38E3644718,EH38E3644719,77775000,77776000,77776000,77777000,303,-1
2549,chr5,77775960,77776121,77776134,77776484,EH38E3644718,EH38E3644719,77776000,77777000,77776000,77777000,163,-1
2550,chr5,78294985,78295139,77776134,77776484,EH38E2384767,EH38E3644719,78295000,78296000,77776000,77777000,1,-1
2551,chr5,79514417,79514767,77776134,77776484,EH38E2385564,EH38E3644719,79514000,79515000,77776000,77777000,1,-1
2552,chr5,79514802,79514973,77776134,77776484,EH38E3645422,EH38E3644719,79514000,79515000,77776000,77777000,1,-1
2553,chr5,77775960,77776121,77958020,77958201,EH38E3644718,EH38E3644792,77775000,77776000,77958000,77959000,1,-1
2554,chr5,78294985,78295139,77958020,77958201,EH38E2384767,EH38E3644792,78295000,78296000,77958000,77959000,1,-1
2555,chr5,78359883,78360211,77958020,77958201,EH38E2384795,EH38E3644792,78359000,78360000,77958000,77959000,1,-1
2556,chr5,78648177,78648394,77958020,77958201,EH38E3645079,EH38E3644792,78648000,78649000,77958000,77959000,1,-1
2557,chr5,78648442,78648601,77958020,77958201,EH38E3645080,EH38E3644792,78648000,78649000,77958000,77959000,1,-1
2558,chr5,77775960,77776121,77958208,77958513,EH38E3644718,EH38E3644793,77775000,77776000,77958000,77959000,1,-1
2559,chr5,78294985,78295139,77958208,77958513,EH38E2384767,EH38E3644793,78295000,78296000,77958000,77959000,1,-1
2560,chr5,78359883,78360211,77958208,77958513,EH38E2384795,EH38E3644793,78359000,78360000,77958000,77959000,1,-1
2561,chr5,78648177,78648394,77958208,77958513,EH38E3645079,EH38E3644793,78648000,78649000,77958000,77959000,1,-1
2562,chr5,78648442,78648601,77958208,77958513,EH38E3645080,EH38E3644793,78648000,78649000,77958000,77959000,1,-1
2563,chr5,75717000,75717329,78294595,78294943,EH38E2383415,EH38E3644887,75717000,75718000,78294000,78295000,1,-1
2564,chr5,77491983,77492135,78294595,78294943,EH38E3644625,EH38E3644887,77491000,77492000,78294000,78295000,3,-1
2565,chr5,77775960,77776121,78294595,78294943,EH38E3644718,EH38E3644887,77775000,77776000,78294000,78295000,1,-1
2566,chr5,78294279,78294439,78294595,78294943,EH38E3644886,EH38E3644887,78294000,78295000,78294000,78295000,448,-1
2567,chr5,78294985,78295139,78294595,78294943,EH38E2384767,EH38E3644887,78294000,78295000,78294000,78295000,448,-1
2568,chr5,78359883,78360211,78294595,78294943,EH38E2384795,EH38E3644887,78359000,78360000,78294000,78295000,11,-1
2569,chr5,78495834,78496180,78294595,78294943,EH38E2384846,EH38E3644887,78495000,78496000,78294000,78295000,2,-1
2570,chr5,78648177,78648394,78294595,78294943,EH38E3645079,EH38E3644887,78648000,78649000,78294000,78295000,1,-1
2571,chr5,78648442,78648601,78294595,78294943,EH38E3645080,EH38E3644887,78648000,78649000,78294000,78295000,1,-1
2572,chr5,78649108,78649366,78294595,78294943,EH38E3645082,EH38E3644887,78649000,78650000,78294000,78295000,1,-1
2573,chr5,78649435,78649621,78294595,78294943,EH38E2385041,EH38E3644887,78649000,78650000,78294000,78295000,1,-1
2574,chr5,78649687,78650020,78294595,78294943,EH38E2385042,EH38E3644887,78649000,78650000,78294000,78295000,1,-1
2575,chr5,78927630,78927980,78294595,78294943,EH38E2385279,EH38E3644887,78927000,78928000,78294000,78295000,1,-1
2576,chr5,79237294,79237620,78294595,78294943,EH38E3645341,EH38E3644887,79237000,79238000,78294000,78295000,1,-1
2577,chr5,77491983,77492135,78360282,78360630,EH38E3644625,EH38E3644909,77491000,77492000,78360000,78361000,1,-1
2578,chr5,77492368,77492704,78360282,78360630,EH38E3644626,EH38E3644909,77492000,77493000,78360000,78361000,1,-1
2579,chr5,78294279,78294439,78360282,78360630,EH38E3644886,EH38E3644909,78294000,78295000,78360000,78361000,34,-1
2580,chr5,78294985,78295139,78360282,78360630,EH38E2384767,EH38E3644909,78294000,78295000,78360000,78361000,34,-1
2581,chr5,78359883,78360211,78360282,78360630,EH38E2384795,EH38E3644909,78359000,78360000,78360000,78361000,197,-1
2582,chr5,78359883,78360211,78360282,78360630,EH38E2384795,EH38E3644909,78360000,78361000,78360000,78361000,580,-1
2583,chr5,78495834,78496180,78360282,78360630,EH38E2384846,EH38E3644909,78495000,78496000,78360000,78361000,6,-1
2584,chr5,78611301,78611649,78360282,78360630,EH38E3645041,EH38E3644909,78611000,78612000,78360000,78361000,3,-1
2585,chr5,78648177,78648394,78360282,78360630,EH38E3645079,EH38E3644909,78648000,78649000,78360000,78361000,4,-1
2586,chr5,78648442,78648601,78360282,78360630,EH38E3645080,EH38E3644909,78648000,78649000,78360000,78361000,4,-1
2587,chr5,78649108,78649366,78360282,78360630,EH38E3645082,EH38E3644909,78649000,78650000,78360000,78361000,1,-1
2588,chr5,78649435,78649621,78360282,78360630,EH38E2385041,EH38E3644909,78649000,78650000,78360000,78361000,1,-1
2589,chr5,78649687,78650020,78360282,78360630,EH38E2385042,EH38E3644909,78649000,78650000,78360000,78361000,1,-1
2590,chr5,78927630,78927980,78360282,78360630,EH38E2385279,EH38E3644909,78927000,78928000,78360000,78361000,1,-1
2591,chr5,78984336,78984537,78360282,78360630,EH38E2385317,EH38E3644909,78984000,78985000,78360000,78361000,1,-1
2592,chr5,78984569,78984919,78360282,78360630,EH38E2385318,EH38E3644909,78984000,78985000,78360000,78361000,1,-1
2593,chr5,78984938,78985099,78360282,78360630,EH38E3645243,EH38E3644909,78984000,78985000,78360000,78361000,1,-1
2594,chr5,79236450,79236601,78360282,78360630,EH38E3645338,EH38E3644909,79236000,79237000,78360000,78361000,2,-1
2595,chr5,79513255,79513460,78360282,78360630,EH38E3645419,EH38E3644909,79513000,79514000,78360000,78361000,1,-1
2596,chr5,79513471,79513656,78360282,78360630,EH38E3645420,EH38E3644909,79513000,79514000,78360000,78361000,1,-1
2597,chr5,79513656,79513827,78360282,78360630,EH38E3645421,EH38E3644909,79513000,79514000,78360000,78361000,1,-1
2598,chr5,80257956,80258143,78360282,78360630,EH38E3645814,EH38E3644909,80258000,80259000,78360000,78361000,1,-1
2599,chr5,77491983,77492135,78360675,78360894,EH38E3644625,EH38E3644910,77491000,77492000,78360000,78361000,1,-1
2600,chr5,77492368,77492704,78360675,78360894,EH38E3644626,EH38E3644910,77492000,77493000,78360000,78361000,1,-1
2601,chr5,78294279,78294439,78360675,78360894,EH38E3644886,EH38E3644910,78294000,78295000,78360000,78361000,34,-1
2602,chr5,78294985,78295139,78360675,78360894,EH38E2384767,EH38E3644910,78294000,78295000,78360000,78361000,34,-1
2603,chr5,78359883,78360211,78360675,78360894,EH38E2384795,EH38E3644910,78359000,78360000,78360000,78361000,197,-1
2604,chr5,78359883,78360211,78360675,78360894,EH38E2384795,EH38E3644910,78360000,78361000,78360000,78361000,580,-1
2605,chr5,78495834,78496180,78360675,78360894,EH38E2384846,EH38E3644910,78495000,78496000,78360000,78361000,6,-1
2606,chr5,78611301,78611649,78360675,78360894,EH38E3645041,EH38E3644910,78611000,78612000,78360000,78361000,3,-1
2607,chr5,78648177,78648394,78360675,78360894,EH38E3645079,EH38E3644910,78648000,78649000,78360000,78361000,4,-1
2608,chr5,78648442,78648601,78360675,78360894,EH38E3645080,EH38E3644910,78648000,78649000,78360000,78361000,4,-1
2609,chr5,78649108,78649366,78360675,78360894,EH38E3645082,EH38E3644910,78649000,78650000,78360000,78361000,1,-1
2610,chr5,78649435,78649621,78360675,78360894,EH38E2385041,EH38E3644910,78649000,78650000,78360000,78361000,1,-1
2611,chr5,78649687,78650020,78360675,78360894,EH38E2385042,EH38E3644910,78649000,78650000,78360000,78361000,1,-1
2612,chr5,78927630,78927980,78360675,78360894,EH38E2385279,EH38E3644910,78927000,78928000,78360000,78361000,1,-1
2613,chr5,78984336,78984537,78360675,78360894,EH38E2385317,EH38E3644910,78984000,78985000,78360000,78361000,1,-1
2614,chr5,78984569,78984919,78360675,78360894,EH38E2385318,EH38E3644910,78984000,78985000,78360000,78361000,1,-1
2615,chr5,78984938,78985099,78360675,78360894,EH38E3645243,EH38E3644910,78984000,78985000,78360000,78361000,1,-1
2616,chr5,79236450,79236601,78360675,78360894,EH38E3645338,EH38E3644910,79236000,79237000,78360000,78361000,2,-1
2617,chr5,79513255,79513460,78360675,78360894,EH38E3645419,EH38E3644910,79513000,79514000,78360000,78361000,1,-1
2618,chr5,79513471,79513656,78360675,78360894,EH38E3645420,EH38E3644910,79513000,79514000,78360000,78361000,1,-1
2619,chr5,79513656,79513827,78360675,78360894,EH38E3645421,EH38E3644910,79513000,79514000,78360000,78361000,1,-1
2620,chr5,80257956,80258143,78360675,78360894,EH38E3645814,EH38E3644910,80258000,80259000,78360000,78361000,1,-1
2621,chr5,78294279,78294439,78648707,78649057,EH38E3644886,EH38E3645081,78294000,78295000,78648000,78649000,1,-1
2622,chr5,78294985,78295139,78648707,78649057,EH38E2384767,EH38E3645081,78294000,78295000,78648000,78649000,1,-1
2623,chr5,78648177,78648394,78648707,78649057,EH38E3645079,EH38E3645081,78648000,78649000,78648000,78649000,231,-1
2624,chr5,78648442,78648601,78648707,78649057,EH38E3645080,EH38E3645081,78648000,78649000,78648000,78649000,231,-1
2625,chr5,78984938,78985099,78648707,78649057,EH38E3645243,EH38E3645081,78985000,78986000,78648000,78649000,1,-1
2626,chr5,77491983,77492135,78648707,78649057,EH38E3644625,EH38E3645081,77491000,77492000,78649000,78650000,1,-1
2627,chr5,78359883,78360211,78648707,78649057,EH38E2384795,EH38E3645081,78359000,78360000,78649000,78650000,4,-1
2628,chr5,78495834,78496180,78648707,78649057,EH38E2384846,EH38E3645081,78495000,78496000,78649000,78650000,4,-1
2629,chr5,78611301,78611649,78648707,78649057,EH38E3645041,EH38E3645081,78611000,78612000,78649000,78650000,8,-1
2630,chr5,78649108,78649366,78648707,78649057,EH38E3645082,EH38E3645081,78649000,78650000,78649000,78650000,527,-1
2631,chr5,78649435,78649621,78648707,78649057,EH38E2385041,EH38E3645081,78649000,78650000,78649000,78650000,527,-1
2632,chr5,78649687,78650020,78648707,78649057,EH38E2385042,EH38E3645081,78649000,78650000,78649000,78650000,527,-1
2633,chr5,78984336,78984537,78648707,78649057,EH38E2385317,EH38E3645081,78984000,78985000,78649000,78650000,1,-1
2634,chr5,78984569,78984919,78648707,78649057,EH38E2385318,EH38E3645081,78984000,78985000,78649000,78650000,1,-1
2635,chr5,79237294,79237620,78648707,78649057,EH38E3645341,EH38E3645081,79237000,79238000,78649000,78650000,1,-1
2636,chr5,79256029,79256309,78648707,78649057,EH38E2385452,EH38E3645081,79256000,79257000,78649000,78650000,2,-1
2637,chr5,79261999,79262188,78648707,78649057,EH38E3645354,EH38E3645081,79262000,79263000,78649000,78650000,1,-1
2638,chr5,79514417,79514767,78648707,78649057,EH38E2385564,EH38E3645081,79514000,79515000,78649000,78650000,1,-1
2639,chr5,79514802,79514973,78648707,78649057,EH38E3645422,EH38E3645081,79514000,79515000,78649000,78650000,1,-1
2640,chr5,80185581,80185775,78648707,78649057,EH38E3645750,EH38E3645081,80185000,80186000,78649000,78650000,1,-1
2641,chr5,80185905,80186061,78648707,78649057,EH38E3645751,EH38E3645081,80185000,80186000,78649000,78650000,1,-1
2642,chr5,78359883,78360211,78985119,78985454,EH38E2384795,EH38E3645244,78359000,78360000,78985000,78986000,1,-1
2643,chr5,78495834,78496180,78985119,78985454,EH38E2384846,EH38E3645244,78495000,78496000,78985000,78986000,1,-1
2644,chr5,78648177,78648394,78985119,78985454,EH38E3645079,EH38E3645244,78648000,78649000,78985000,78986000,1,-1
2645,chr5,78648442,78648601,78985119,78985454,EH38E3645080,EH38E3645244,78648000,78649000,78985000,78986000,1,-1
2646,chr5,78927630,78927980,78985119,78985454,EH38E2385279,EH38E3645244,78927000,78928000,78985000,78986000,3,-1
2647,chr5,78984336,78984537,78985119,78985454,EH38E2385317,EH38E3645244,78984000,78985000,78985000,78986000,65,-1
2648,chr5,78984569,78984919,78985119,78985454,EH38E2385318,EH38E3645244,78984000,78985000,78985000,78986000,65,-1
2649,chr5,78984938,78985099,78985119,78985454,EH38E3645243,EH38E3645244,78984000,78985000,78985000,78986000,65,-1
2650,chr5,78984938,78985099,78985119,78985454,EH38E3645243,EH38E3645244,78985000,78986000,78985000,78986000,162,-1
2651,chr5,79236450,79236601,78985119,78985454,EH38E3645338,EH38E3645244,79236000,79237000,78985000,78986000,1,-1
2652,chr5,79256029,79256309,78985119,78985454,EH38E2385452,EH38E3645244,79256000,79257000,78985000,78986000,2,-1
2653,chr5,79261999,79262188,78985119,78985454,EH38E3645354,EH38E3645244,79261000,79262000,78985000,78986000,2,-1
2654,chr5,79513255,79513460,78985119,78985454,EH38E3645419,EH38E3645244,79513000,79514000,78985000,78986000,3,-1
2655,chr5,79513471,79513656,78985119,78985454,EH38E3645420,EH38E3645244,79513000,79514000,78985000,78986000,3,-1
2656,chr5,79513656,79513827,78985119,78985454,EH38E3645421,EH38E3645244,79513000,79514000,78985000,78986000,3,-1
2657,chr5,79514417,79514767,78985119,78985454,EH38E2385564,EH38E3645244,79514000,79515000,78985000,78986000,1,-1
2658,chr5,79514802,79514973,78985119,78985454,EH38E3645422,EH38E3645244,79514000,79515000,78985000,78986000,1,-1
2659,chr5,79990902,79991055,78985119,78985454,EH38E3645646,EH38E3645244,79991000,79992000,78985000,78986000,1,-1
2660,chr5,80097509,80097854,78985119,78985454,EH38E2385910,EH38E3645244,80097000,80098000,78985000,78986000,1,-1
2661,chr5,78649687,78650020,79235913,79236263,EH38E2385042,EH38E3645337,78650000,78651000,79235000,79236000,1,-1
2662,chr5,79235711,79235910,79235913,79236263,EH38E3645336,EH38E3645337,79235000,79236000,79235000,79236000,200,-1
2663,chr5,79261999,79262188,79235913,79236263,EH38E3645354,EH38E3645337,79261000,79262000,79235000,79236000,2,-1
2664,chr5,80141745,80142058,79235913,79236263,EH38E2385957,EH38E3645337,80142000,80143000,79235000,79236000,2,-1
2665,chr5,76403474,76403665,79235913,79236263,EH38E3644083,EH38E3645337,76403000,76404000,79236000,79237000,1,-1
2666,chr5,76426323,76426499,79235913,79236263,EH38E3644100,EH38E3645337,76426000,76427000,79236000,79237000,1,-1
2667,chr5,76426524,76426735,79235913,79236263,EH38E3644101,EH38E3645337,76426000,76427000,79236000,79237000,1,-1
2668,chr5,76489933,76490283,79235913,79236263,EH38E3644141,EH38E3645337,76489000,76490000,79236000,79237000,1,-1
2669,chr5,78359883,78360211,79235913,79236263,EH38E2384795,EH38E3645337,78360000,78361000,79236000,79237000,2,-1
2670,chr5,78495834,78496180,79235913,79236263,EH38E2384846,EH38E3645337,78495000,78496000,79236000,79237000,1,-1
2671,chr5,78984336,78984537,79235913,79236263,EH38E2385317,EH38E3645337,78984000,78985000,79236000,79237000,2,-1
2672,chr5,78984569,78984919,79235913,79236263,EH38E2385318,EH38E3645337,78984000,78985000,79236000,79237000,2,-1
2673,chr5,78984938,78985099,79235913,79236263,EH38E3645243,EH38E3645337,78984000,78985000,79236000,79237000,2,-1
2674,chr5,79236450,79236601,79235913,79236263,EH38E3645338,EH38E3645337,79236000,79237000,79236000,79237000,139,-1
2675,chr5,79237294,79237620,79235913,79236263,EH38E3645341,EH38E3645337,79237000,79238000,79236000,79237000,300,-1
2676,chr5,79256029,79256309,79235913,79236263,EH38E2385452,EH38E3645337,79256000,79257000,79236000,79237000,7,-1
2677,chr5,79513255,79513460,79235913,79236263,EH38E3645419,EH38E3645337,79513000,79514000,79236000,79237000,4,-1
2678,chr5,79513471,79513656,79235913,79236263,EH38E3645420,EH38E3645337,79513000,79514000,79236000,79237000,4,-1
2679,chr5,79513656,79513827,79235913,79236263,EH38E3645421,EH38E3645337,79513000,79514000,79236000,79237000,4,-1
2680,chr5,79514417,79514767,79235913,79236263,EH38E2385564,EH38E3645337,79514000,79515000,79236000,79237000,1,-1
2681,chr5,79514802,79514973,79235913,79236263,EH38E3645422,EH38E3645337,79514000,79515000,79236000,79237000,1,-1
2682,chr5,80256380,80256539,79235913,79236263,EH38E3645810,EH38E3645337,80256000,80257000,79236000,79237000,1,-1
2683,chr5,80408310,80408656,79235913,79236263,EH38E2386155,EH38E3645337,80408000,80409000,79236000,79237000,1,-1
2684,chr5,81751618,81751840,79235913,79236263,EH38E3646335,EH38E3645337,81751000,81752000,79236000,79237000,1,-1
2685,chr5,78294985,78295139,79513985,79514323,EH38E2384767,EH38E2385563,78295000,78296000,79513000,79514000,1,-1
2686,chr5,78359883,78360211,79513985,79514323,EH38E2384795,EH38E2385563,78360000,78361000,79513000,79514000,1,-1
2687,chr5,78984938,78985099,79513985,79514323,EH38E3645243,EH38E2385563,78985000,78986000,79513000,79514000,3,-1
2688,chr5,79235711,79235910,79513985,79514323,EH38E3645336,EH38E2385563,79235000,79236000,79513000,79514000,1,-1
2689,chr5,79236450,79236601,79513985,79514323,EH38E3645338,EH38E2385563,79236000,79237000,79513000,79514000,4,-1
2690,chr5,79261999,79262188,79513985,79514323,EH38E3645354,EH38E2385563,79262000,79263000,79513000,79514000,3,-1
2691,chr5,79513255,79513460,79513985,79514323,EH38E3645419,EH38E2385563,79513000,79514000,79513000,79514000,508,-1
2692,chr5,79513471,79513656,79513985,79514323,EH38E3645420,EH38E2385563,79513000,79514000,79513000,79514000,508,-1
2693,chr5,79513656,79513827,79513985,79514323,EH38E3645421,EH38E2385563,79513000,79514000,79513000,79514000,508,-1
2694,chr5,79514417,79514767,79513985,79514323,EH38E2385564,EH38E2385563,79514000,79515000,79513000,79514000,253,-1
2695,chr5,79514802,79514973,79513985,79514323,EH38E3645422,EH38E2385563,79514000,79515000,79513000,79514000,253,-1
2696,chr5,79611951,79612104,79513985,79514323,EH38E3645477,EH38E2385563,79611000,79612000,79513000,79514000,5,-1
2697,chr5,79990902,79991055,79513985,79514323,EH38E3645646,EH38E2385563,79991000,79992000,79513000,79514000,2,-1
2698,chr5,80141745,80142058,79513985,79514323,EH38E2385957,EH38E2385563,80142000,80143000,79513000,79514000,1,-1
2699,chr5,80256380,80256539,79513985,79514323,EH38E3645810,EH38E2385563,80256000,80257000,79513000,79514000,1,-1
2700,chr5,77775960,77776121,79513985,79514323,EH38E3644718,EH38E2385563,77776000,77777000,79514000,79515000,1,-1
2701,chr5,78611301,78611649,79513985,79514323,EH38E3645041,EH38E2385563,78611000,78612000,79514000,79515000,1,-1
2702,chr5,78649108,78649366,79513985,79514323,EH38E3645082,EH38E2385563,78649000,78650000,79514000,79515000,1,-1
2703,chr5,78649435,78649621,79513985,79514323,EH38E2385041,EH38E2385563,78649000,78650000,79514000,79515000,1,-1
2704,chr5,78649687,78650020,79513985,79514323,EH38E2385042,EH38E2385563,78649000,78650000,79514000,79515000,1,-1
2705,chr5,79237294,79237620,79513985,79514323,EH38E3645341,EH38E2385563,79237000,79238000,79514000,79515000,5,-1
2706,chr5,79256029,79256309,79513985,79514323,EH38E2385452,EH38E2385563,79256000,79257000,79514000,79515000,3,-1
2707,chr5,79514417,79514767,79513985,79514323,EH38E2385564,EH38E2385563,79514000,79515000,79514000,79515000,242,-1
2708,chr5,79514802,79514973,79513985,79514323,EH38E3645422,EH38E2385563,79514000,79515000,79514000,79515000,242,-1
2709,chr5,80183161,80183315,79513985,79514323,EH38E3645746,EH38E2385563,80183000,80184000,79514000,79515000,1,-1
2710,chr5,80183340,80183580,79513985,79514323,EH38E2386003,EH38E2385563,80183000,80184000,79514000,79515000,1,-1
2711,chr5,80408310,80408656,79513985,79514323,EH38E2386155,EH38E2385563,80408000,80409000,79514000,79515000,1,-1
2712,chr5,81301776,81301937,79513985,79514323,EH38E3646210,EH38E2385563,81301000,81302000,79514000,79515000,1,-1
2713,chr5,77491983,77492135,79612278,79612602,EH38E3644625,EH38E3645478,77492000,77493000,79612000,79613000,1,-1
2714,chr5,77492368,77492704,79612278,79612602,EH38E3644626,EH38E3645478,77492000,77493000,79612000,79613000,1,-1
2715,chr5,78359883,78360211,79612278,79612602,EH38E2384795,EH38E3645478,78359000,78360000,79612000,79613000,1,-1
2716,chr5,78927630,78927980,79612278,79612602,EH38E2385279,EH38E3645478,78927000,78928000,79612000,79613000,1,-1
2717,chr5,79237294,79237620,79612278,79612602,EH38E3645341,EH38E3645478,79237000,79238000,79612000,79613000,1,-1
2718,chr5,79256029,79256309,79612278,79612602,EH38E2385452,EH38E3645478,79256000,79257000,79612000,79613000,1,-1
2719,chr5,79261999,79262188,79612278,79612602,EH38E3645354,EH38E3645478,79261000,79262000,79612000,79613000,1,-1
2720,chr5,79513255,79513460,79612278,79612602,EH38E3645419,EH38E3645478,79513000,79514000,79612000,79613000,4,-1
2721,chr5,79513471,79513656,79612278,79612602,EH38E3645420,EH38E3645478,79513000,79514000,79612000,79613000,4,-1
2722,chr5,79513656,79513827,79612278,79612602,EH38E3645421,EH38E3645478,79513000,79514000,79612000,79613000,4,-1
2723,chr5,79514417,79514767,79612278,79612602,EH38E2385564,EH38E3645478,79514000,79515000,79612000,79613000,3,-1
2724,chr5,79514802,79514973,79612278,79612602,EH38E3645422,EH38E3645478,79514000,79515000,79612000,79613000,3,-1
2725,chr5,79611951,79612104,79612278,79612602,EH38E3645477,EH38E3645478,79611000,79612000,79612000,79613000,67,-1
2726,chr5,79611951,79612104,79612278,79612602,EH38E3645477,EH38E3645478,79612000,79613000,79612000,79613000,233,-1
2727,chr5,79990902,79991055,79612278,79612602,EH38E3645646,EH38E3645478,79991000,79992000,79612000,79613000,2,-1
2728,chr5,80141213,80141562,79612278,79612602,EH38E3645715,EH38E3645478,80141000,80142000,79612000,79613000,1,-1
2729,chr5,80141745,80142058,79612278,79612602,EH38E2385957,EH38E3645478,80141000,80142000,79612000,79613000,1,-1
2730,chr5,80185581,80185775,79612278,79612602,EH38E3645750,EH38E3645478,80185000,80186000,79612000,79613000,1,-1
2731,chr5,80185905,80186061,79612278,79612602,EH38E3645751,EH38E3645478,80185000,80186000,79612000,79613000,1,-1
2732,chr5,80257225,80257416,79612278,79612602,EH38E3645812,EH38E3645478,80257000,80258000,79612000,79613000,1,-1
2733,chr5,80257420,80257765,79612278,79612602,EH38E3645813,EH38E3645478,80257000,80258000,79612000,79613000,1,-1
2734,chr5,80257956,80258143,79612278,79612602,EH38E3645814,EH38E3645478,80257000,80258000,79612000,79613000,1,-1
2735,chr5,80408310,80408656,79612278,79612602,EH38E2386155,EH38E3645478,80408000,80409000,79612000,79613000,1,-1
2736,chr5,79237294,79237620,79689560,79689910,EH38E3645341,EH38E3645502,79237000,79238000,79689000,79690000,1,-1
2737,chr5,79261999,79262188,79689560,79689910,EH38E3645354,EH38E3645502,79261000,79262000,79689000,79690000,2,-1
2738,chr5,79514417,79514767,79689560,79689910,EH38E2385564,EH38E3645502,79514000,79515000,79689000,79690000,1,-1
2739,chr5,79514802,79514973,79689560,79689910,EH38E3645422,EH38E3645502,79514000,79515000,79689000,79690000,1,-1
2740,chr5,79611951,79612104,79689560,79689910,EH38E3645477,EH38E3645502,79612000,79613000,79689000,79690000,4,-1
2741,chr5,79990902,79991055,79689560,79689910,EH38E3645646,EH38E3645502,79990000,79991000,79689000,79690000,3,-1
2742,chr5,80097509,80097854,79689560,79689910,EH38E2385910,EH38E3645502,80097000,80098000,79689000,79690000,2,-1
2743,chr5,80141213,80141562,79689560,79689910,EH38E3645715,EH38E3645502,80141000,80142000,79689000,79690000,1,-1
2744,chr5,80141745,80142058,79689560,79689910,EH38E2385957,EH38E3645502,80141000,80142000,79689000,79690000,1,-1
2745,chr5,80183161,80183315,79689560,79689910,EH38E3645746,EH38E3645502,80183000,80184000,79689000,79690000,1,-1
2746,chr5,80183340,80183580,79689560,79689910,EH38E2386003,EH38E3645502,80183000,80184000,79689000,79690000,1,-1
2747,chr5,80185905,80186061,79689560,79689910,EH38E3645751,EH38E3645502,80186000,80187000,79689000,79690000,1,-1
2748,chr5,80247220,80247565,79689560,79689910,EH38E3645798,EH38E3645502,80247000,80248000,79689000,79690000,1,-1
2749,chr5,80247613,80247770,79689560,79689910,EH38E3645799,EH38E3645502,80247000,80248000,79689000,79690000,1,-1
2750,chr5,79237294,79237620,79689947,79690111,EH38E3645341,EH38E3645503,79237000,79238000,79689000,79690000,1,-1
2751,chr5,79261999,79262188,79689947,79690111,EH38E3645354,EH38E3645503,79261000,79262000,79689000,79690000,2,-1
2752,chr5,79990902,79991055,79689947,79690111,EH38E3645646,EH38E3645503,79990000,79991000,79689000,79690000,3,-1
2753,chr5,80097509,80097854,79689947,79690111,EH38E2385910,EH38E3645503,80097000,80098000,79689000,79690000,2,-1
2754,chr5,80141213,80141562,79689947,79690111,EH38E3645715,EH38E3645503,80141000,80142000,79689000,79690000,1,-1
2755,chr5,80141745,80142058,79689947,79690111,EH38E2385957,EH38E3645503,80141000,80142000,79689000,79690000,1,-1
2756,chr5,80183161,80183315,79689947,79690111,EH38E3645746,EH38E3645503,80183000,80184000,79689000,79690000,1,-1
2757,chr5,80183340,80183580,79689947,79690111,EH38E2386003,EH38E3645503,80183000,80184000,79689000,79690000,1,-1
2758,chr5,80185905,80186061,79689947,79690111,EH38E3645751,EH38E3645503,80186000,80187000,79689000,79690000,1,-1
2759,chr5,80247220,80247565,79689947,79690111,EH38E3645798,EH38E3645503,80247000,80248000,79689000,79690000,1,-1
2760,chr5,80247613,80247770,79689947,79690111,EH38E3645799,EH38E3645503,80247000,80248000,79689000,79690000,1,-1
2761,chr5,78495834,78496180,79689947,79690111,EH38E2384846,EH38E3645503,78496000,78497000,79690000,79691000,1,-1
2762,chr5,79235711,79235910,79689947,79690111,EH38E3645336,EH38E3645503,79235000,79236000,79690000,79691000,1,-1
2763,chr5,79256029,79256309,79689947,79690111,EH38E2385452,EH38E3645503,79256000,79257000,79690000,79691000,1,-1
2764,chr5,79513255,79513460,79689947,79690111,EH38E3645419,EH38E3645503,79513000,79514000,79690000,79691000,2,-1
2765,chr5,79513471,79513656,79689947,79690111,EH38E3645420,EH38E3645503,79513000,79514000,79690000,79691000,2,-1
2766,chr5,79513656,79513827,79689947,79690111,EH38E3645421,EH38E3645503,79513000,79514000,79690000,79691000,2,-1
2767,chr5,79514417,79514767,79689947,79690111,EH38E2385564,EH38E3645503,79514000,79515000,79690000,79691000,4,-1
2768,chr5,79514802,79514973,79689947,79690111,EH38E3645422,EH38E3645503,79514000,79515000,79690000,79691000,4,-1
2769,chr5,79611951,79612104,79689947,79690111,EH38E3645477,EH38E3645503,79611000,79612000,79690000,79691000,2,-1
2770,chr5,80257225,80257416,79689947,79690111,EH38E3645812,EH38E3645503,80257000,80258000,79690000,79691000,1,-1
2771,chr5,80257420,80257765,79689947,79690111,EH38E3645813,EH38E3645503,80257000,80258000,79690000,79691000,1,-1
2772,chr5,80257956,80258143,79689947,79690111,EH38E3645814,EH38E3645503,80257000,80258000,79690000,79691000,1,-1
2773,chr5,80408310,80408656,79689947,79690111,EH38E2386155,EH38E3645503,80408000,80409000,79690000,79691000,1,-1
2774,chr5,78984938,78985099,79991074,79991422,EH38E3645243,EH38E3645647,78985000,78986000,79991000,79992000,1,-1
2775,chr5,79237294,79237620,79991074,79991422,EH38E3645341,EH38E3645647,79237000,79238000,79991000,79992000,1,-1
2776,chr5,79261999,79262188,79991074,79991422,EH38E3645354,EH38E3645647,79262000,79263000,79991000,79992000,1,-1
2777,chr5,79513255,79513460,79991074,79991422,EH38E3645419,EH38E3645647,79513000,79514000,79991000,79992000,2,-1
2778,chr5,79513471,79513656,79991074,79991422,EH38E3645420,EH38E3645647,79513000,79514000,79991000,79992000,2,-1
2779,chr5,79513656,79513827,79991074,79991422,EH38E3645421,EH38E3645647,79513000,79514000,79991000,79992000,2,-1
2780,chr5,79611951,79612104,79991074,79991422,EH38E3645477,EH38E3645647,79612000,79613000,79991000,79992000,2,-1
2781,chr5,79990902,79991055,79991074,79991422,EH38E3645646,EH38E3645647,79990000,79991000,79991000,79992000,279,-1
2782,chr5,79990902,79991055,79991074,79991422,EH38E3645646,EH38E3645647,79991000,79992000,79991000,79992000,244,-1
2783,chr5,80097509,80097854,79991074,79991422,EH38E2385910,EH38E3645647,80097000,80098000,79991000,79992000,2,-1
2784,chr5,80134883,80135221,79991074,79991422,EH38E3645704,EH38E3645647,80135000,80136000,79991000,79992000,1,-1
2785,chr5,80141213,80141562,79991074,79991422,EH38E3645715,EH38E3645647,80141000,80142000,79991000,79992000,4,-1
2786,chr5,80141745,80142058,79991074,79991422,EH38E2385957,EH38E3645647,80141000,80142000,79991000,79992000,4,-1
2787,chr5,80247220,80247565,79991074,79991422,EH38E3645798,EH38E3645647,80247000,80248000,79991000,79992000,1,-1
2788,chr5,80247613,80247770,79991074,79991422,EH38E3645799,EH38E3645647,80247000,80248000,79991000,79992000,1,-1
2789,chr5,80256380,80256539,79991074,79991422,EH38E3645810,EH38E3645647,80256000,80257000,79991000,79992000,2,-1
2790,chr5,80257225,80257416,79991074,79991422,EH38E3645812,EH38E3645647,80257000,80258000,79991000,79992000,1,-1
2791,chr5,80257420,80257765,79991074,79991422,EH38E3645813,EH38E3645647,80257000,80258000,79991000,79992000,1,-1
2792,chr5,80257956,80258143,79991074,79991422,EH38E3645814,EH38E3645647,80257000,80258000,79991000,79992000,1,-1
2793,chr5,80408310,80408656,79991074,79991422,EH38E2386155,EH38E3645647,80408000,80409000,79991000,79992000,1,-1
2794,chr5,77491983,77492135,80255959,80256303,EH38E3644625,EH38E3645809,77491000,77492000,80255000,80256000,1,-1
2795,chr5,78648177,78648394,80255959,80256303,EH38E3645079,EH38E3645809,78648000,78649000,80255000,80256000,1,-1
2796,chr5,78648442,78648601,80255959,80256303,EH38E3645080,EH38E3645809,78648000,78649000,80255000,80256000,1,-1
2797,chr5,79990902,79991055,80255959,80256303,EH38E3645646,EH38E3645809,79990000,79991000,80255000,80256000,1,-1
2798,chr5,80097509,80097854,80255959,80256303,EH38E2385910,EH38E3645809,80097000,80098000,80255000,80256000,9,-1
2799,chr5,80134883,80135221,80255959,80256303,EH38E3645704,EH38E3645809,80134000,80135000,80255000,80256000,6,-1
2800,chr5,80141213,80141562,80255959,80256303,EH38E3645715,EH38E3645809,80141000,80142000,80255000,80256000,9,-1
2801,chr5,80141745,80142058,80255959,80256303,EH38E2385957,EH38E3645809,80141000,80142000,80255000,80256000,9,-1
2802,chr5,80173543,80173783,80255959,80256303,EH38E3645738,EH38E3645809,80173000,80174000,80255000,80256000,6,-1
2803,chr5,80184455,80184805,80255959,80256303,EH38E3645748,EH38E3645809,80184000,80185000,80255000,80256000,11,-1
2804,chr5,80246178,80246386,80255959,80256303,EH38E2386079,EH38E3645809,80246000,80247000,80255000,80256000,18,-1
2805,chr5,80247220,80247565,80255959,80256303,EH38E3645798,EH38E3645809,80247000,80248000,80255000,80256000,41,-1
2806,chr5,80247613,80247770,80255959,80256303,EH38E3645799,EH38E3645809,80247000,80248000,80255000,80256000,41,-1
2807,chr5,78649687,78650020,80255959,80256303,EH38E2385042,EH38E3645809,78650000,78651000,80256000,80257000,1,-1
2808,chr5,79236450,79236601,80255959,80256303,EH38E3645338,EH38E3645809,79236000,79237000,80256000,80257000,1,-1
2809,chr5,79256029,79256309,80255959,80256303,EH38E2385452,EH38E3645809,79256000,79257000,80256000,80257000,1,-1
2810,chr5,79261999,79262188,80255959,80256303,EH38E3645354,EH38E3645809,79261000,79262000,80256000,80257000,1,-1
2811,chr5,79513255,79513460,80255959,80256303,EH38E3645419,EH38E3645809,79513000,79514000,80256000,80257000,1,-1
2812,chr5,79513471,79513656,80255959,80256303,EH38E3645420,EH38E3645809,79513000,79514000,80256000,80257000,1,-1
2813,chr5,79513656,79513827,80255959,80256303,EH38E3645421,EH38E3645809,79513000,79514000,80256000,80257000,1,-1
2814,chr5,79514417,79514767,80255959,80256303,EH38E2385564,EH38E3645809,79514000,79515000,80256000,80257000,1,-1
2815,chr5,79514802,79514973,80255959,80256303,EH38E3645422,EH38E3645809,79514000,79515000,80256000,80257000,1,-1
2816,chr5,80183161,80183315,80255959,80256303,EH38E3645746,EH38E3645809,80183000,80184000,80256000,80257000,12,-1
2817,chr5,80183340,80183580,80255959,80256303,EH38E2386003,EH38E3645809,80183000,80184000,80256000,80257000,12,-1
2818,chr5,80185581,80185775,80255959,80256303,EH38E3645750,EH38E3645809,80185000,80186000,80256000,80257000,8,-1
2819,chr5,80185905,80186061,80255959,80256303,EH38E3645751,EH38E3645809,80185000,80186000,80256000,80257000,8,-1
2820,chr5,80256380,80256539,80255959,80256303,EH38E3645810,EH38E3645809,80256000,80257000,80256000,80257000,461,-1
2821,chr5,80257225,80257416,80255959,80256303,EH38E3645812,EH38E3645809,80257000,80258000,80256000,80257000,327,-1
2822,chr5,80257420,80257765,80255959,80256303,EH38E3645813,EH38E3645809,80257000,80258000,80256000,80257000,327,-1
2823,chr5,80257956,80258143,80255959,80256303,EH38E3645814,EH38E3645809,80257000,80258000,80256000,80257000,327,-1
2824,chr5,80408310,80408656,80255959,80256303,EH38E2386155,EH38E3645809,80408000,80409000,80256000,80257000,1,-1
2825,chr5,78359883,78360211,80407781,80408131,EH38E2384795,EH38E2386154,78360000,78361000,80407000,80408000,1,-1
2826,chr5,78649687,78650020,80407781,80408131,EH38E2385042,EH38E2386154,78650000,78651000,80407000,80408000,1,-1
2827,chr5,79261999,79262188,80407781,80408131,EH38E3645354,EH38E2386154,79261000,79262000,80407000,80408000,1,-1
2828,chr5,79513255,79513460,80407781,80408131,EH38E3645419,EH38E2386154,79513000,79514000,80407000,80408000,1,-1
2829,chr5,79513471,79513656,80407781,80408131,EH38E3645420,EH38E2386154,79513000,79514000,80407000,80408000,1,-1
2830,chr5,79513656,79513827,80407781,80408131,EH38E3645421,EH38E2386154,79513000,79514000,80407000,80408000,1,-1
2831,chr5,80134883,80135221,80407781,80408131,EH38E3645704,EH38E2386154,80135000,80136000,80407000,80408000,1,-1
2832,chr5,80141213,80141562,80407781,80408131,EH38E3645715,EH38E2386154,80141000,80142000,80407000,80408000,1,-1
2833,chr5,80141745,80142058,80407781,80408131,EH38E2385957,EH38E2386154,80141000,80142000,80407000,80408000,1,-1
2834,chr5,80184455,80184805,80407781,80408131,EH38E3645748,EH38E2386154,80184000,80185000,80407000,80408000,1,-1
2835,chr5,80185581,80185775,80407781,80408131,EH38E3645750,EH38E2386154,80185000,80186000,80407000,80408000,1,-1
2836,chr5,80185905,80186061,80407781,80408131,EH38E3645751,EH38E2386154,80185000,80186000,80407000,80408000,1,-1
2837,chr5,80257225,80257416,80407781,80408131,EH38E3645812,EH38E2386154,80257000,80258000,80407000,80408000,2,-1
2838,chr5,80257420,80257765,80407781,80408131,EH38E3645813,EH38E2386154,80257000,80258000,80407000,80408000,2,-1
2839,chr5,80257956,80258143,80407781,80408131,EH38E3645814,EH38E2386154,80257000,80258000,80407000,80408000,2,-1
2840,chr5,79236450,79236601,80407781,80408131,EH38E3645338,EH38E2386154,79236000,79237000,80408000,80409000,1,-1
2841,chr5,79514417,79514767,80407781,80408131,EH38E2385564,EH38E2386154,79514000,79515000,80408000,80409000,1,-1
2842,chr5,79514802,79514973,80407781,80408131,EH38E3645422,EH38E2386154,79514000,79515000,80408000,80409000,1,-1
2843,chr5,79611951,79612104,80407781,80408131,EH38E3645477,EH38E2386154,79612000,79613000,80408000,80409000,1,-1
2844,chr5,79990902,79991055,80407781,80408131,EH38E3645646,EH38E2386154,79990000,79991000,80408000,80409000,1,-1
2845,chr5,80097509,80097854,80407781,80408131,EH38E2385910,EH38E2386154,80097000,80098000,80408000,80409000,2,-1
2846,chr5,80183161,80183315,80407781,80408131,EH38E3645746,EH38E2386154,80183000,80184000,80408000,80409000,1,-1
2847,chr5,80183340,80183580,80407781,80408131,EH38E2386003,EH38E2386154,80183000,80184000,80408000,80409000,1,-1
2848,chr5,80246178,80246386,80407781,80408131,EH38E2386079,EH38E2386154,80246000,80247000,80408000,80409000,1,-1
2849,chr5,80256380,80256539,80407781,80408131,EH38E3645810,EH38E2386154,80256000,80257000,80408000,80409000,1,-1
2850,chr5,80408310,80408656,80407781,80408131,EH38E2386155,EH38E2386154,80408000,80409000,80408000,80409000,659,-1
2851,chr5,79237294,79237620,80487698,80487920,EH38E3645341,EH38E2386189,79237000,79238000,80487000,80488000,1,-1
2852,chr5,79256029,79256309,80487698,80487920,EH38E2385452,EH38E2386189,79256000,79257000,80487000,80488000,1,-1
2853,chr5,79990902,79991055,80487698,80487920,EH38E3645646,EH38E2386189,79990000,79991000,80487000,80488000,2,-1
2854,chr5,80134883,80135221,80487698,80487920,EH38E3645704,EH38E2386189,80135000,80136000,80487000,80488000,1,-1
2855,chr5,80246178,80246386,80487698,80487920,EH38E2386079,EH38E2386189,80246000,80247000,80487000,80488000,1,-1
2856,chr5,80257225,80257416,80487698,80487920,EH38E3645812,EH38E2386189,80257000,80258000,80487000,80488000,1,-1
2857,chr5,80257420,80257765,80487698,80487920,EH38E3645813,EH38E2386189,80257000,80258000,80487000,80488000,1,-1
2858,chr5,80257956,80258143,80487698,80487920,EH38E3645814,EH38E2386189,80257000,80258000,80487000,80488000,1,-1
2859,chr5,80408310,80408656,80487698,80487920,EH38E2386155,EH38E2386189,80408000,80409000,80487000,80488000,6,-1
2860,chr5,81851816,81852165,80487698,80487920,EH38E2386943,EH38E2386189,81851000,81852000,80487000,80488000,1,-1
2861,chr5,79237294,79237620,80487940,80488288,EH38E3645341,EH38E3645880,79237000,79238000,80487000,80488000,1,-1
2862,chr5,79256029,79256309,80487940,80488288,EH38E2385452,EH38E3645880,79256000,79257000,80487000,80488000,1,-1
2863,chr5,79990902,79991055,80487940,80488288,EH38E3645646,EH38E3645880,79990000,79991000,80487000,80488000,2,-1
2864,chr5,80134883,80135221,80487940,80488288,EH38E3645704,EH38E3645880,80135000,80136000,80487000,80488000,1,-1
2865,chr5,80246178,80246386,80487940,80488288,EH38E2386079,EH38E3645880,80246000,80247000,80487000,80488000,1,-1
2866,chr5,80257225,80257416,80487940,80488288,EH38E3645812,EH38E3645880,80257000,80258000,80487000,80488000,1,-1
2867,chr5,80257420,80257765,80487940,80488288,EH38E3645813,EH38E3645880,80257000,80258000,80487000,80488000,1,-1
2868,chr5,80257956,80258143,80487940,80488288,EH38E3645814,EH38E3645880,80257000,80258000,80487000,80488000,1,-1
2869,chr5,80408310,80408656,80487940,80488288,EH38E2386155,EH38E3645880,80408000,80409000,80487000,80488000,6,-1
2870,chr5,81851816,81852165,80487940,80488288,EH38E2386943,EH38E3645880,81851000,81852000,80487000,80488000,1,-1
2871,chr5,79611951,79612104,80487940,80488288,EH38E3645477,EH38E3645880,79612000,79613000,80488000,80489000,1,-1
2872,chr5,80097509,80097854,80487940,80488288,EH38E2385910,EH38E3645880,80097000,80098000,80488000,80489000,1,-1
2873,chr5,80141213,80141562,80487940,80488288,EH38E3645715,EH38E3645880,80141000,80142000,80488000,80489000,1,-1
2874,chr5,80141745,80142058,80487940,80488288,EH38E2385957,EH38E3645880,80141000,80142000,80488000,80489000,1,-1
2875,chr5,80185581,80185775,80487940,80488288,EH38E3645750,EH38E3645880,80185000,80186000,80488000,80489000,1,-1
2876,chr5,80185905,80186061,80487940,80488288,EH38E3645751,EH38E3645880,80185000,80186000,80488000,80489000,1,-1
2877,chr5,80256380,80256539,80487940,80488288,EH38E3645810,EH38E3645880,80256000,80257000,80488000,80489000,1,-1
2878,chr5,82274439,82274786,80487940,80488288,EH38E3646493,EH38E3645880,82274000,82275000,80488000,80489000,1,-1
2879,chr5,82274835,82275073,80487940,80488288,EH38E3646494,EH38E3645880,82274000,82275000,80488000,80489000,1,-1
2880,chr5,79513255,79513460,80570210,80570553,EH38E3645419,EH38E3645912,79513000,79514000,80570000,80571000,1,-1
2881,chr5,79513471,79513656,80570210,80570553,EH38E3645420,EH38E3645912,79513000,79514000,80570000,80571000,1,-1
2882,chr5,79513656,79513827,80570210,80570553,EH38E3645421,EH38E3645912,79513000,79514000,80570000,80571000,1,-1
2883,chr5,80097509,80097854,80570210,80570553,EH38E2385910,EH38E3645912,80097000,80098000,80570000,80571000,1,-1
2884,chr5,80247220,80247565,80570210,80570553,EH38E3645798,EH38E3645912,80247000,80248000,80570000,80571000,1,-1
2885,chr5,80247613,80247770,80570210,80570553,EH38E3645799,EH38E3645912,80247000,80248000,80570000,80571000,1,-1
2886,chr5,80257225,80257416,80570210,80570553,EH38E3645812,EH38E3645912,80257000,80258000,80570000,80571000,1,-1
2887,chr5,80257420,80257765,80570210,80570553,EH38E3645813,EH38E3645912,80257000,80258000,80570000,80571000,1,-1
2888,chr5,80257956,80258143,80570210,80570553,EH38E3645814,EH38E3645912,80257000,80258000,80570000,80571000,1,-1
2889,chr5,80408310,80408656,80570210,80570553,EH38E2386155,EH38E3645912,80408000,80409000,80570000,80571000,5,-1
2890,chr5,81301776,81301937,80570210,80570553,EH38E3646210,EH38E3645912,81301000,81302000,80570000,80571000,1,-1
2891,chr5,82274439,82274786,80570210,80570553,EH38E3646493,EH38E3645912,82274000,82275000,80570000,80571000,1,-1
2892,chr5,82274835,82275073,80570210,80570553,EH38E3646494,EH38E3645912,82274000,82275000,80570000,80571000,1,-1
2893,chr5,83475524,83475861,80570210,80570553,EH38E3646927,EH38E3645912,83475000,83476000,80570000,80571000,1,-1
2894,chr5,78984938,78985099,80654541,80654813,EH38E3645243,EH38E3645942,78985000,78986000,80654000,80655000,1,-1
2895,chr5,79990902,79991055,80654541,80654813,EH38E3645646,EH38E3645942,79991000,79992000,80654000,80655000,1,-1
2896,chr5,80097509,80097854,80654541,80654813,EH38E2385910,EH38E3645942,80097000,80098000,80654000,80655000,3,-1
2897,chr5,80141213,80141562,80654541,80654813,EH38E3645715,EH38E3645942,80141000,80142000,80654000,80655000,1,-1
2898,chr5,80141745,80142058,80654541,80654813,EH38E2385957,EH38E3645942,80141000,80142000,80654000,80655000,1,-1
2899,chr5,80185581,80185775,80654541,80654813,EH38E3645750,EH38E3645942,80185000,80186000,80654000,80655000,1,-1
2900,chr5,80185905,80186061,80654541,80654813,EH38E3645751,EH38E3645942,80185000,80186000,80654000,80655000,1,-1
2901,chr5,80257956,80258143,80654541,80654813,EH38E3645814,EH38E3645942,80258000,80259000,80654000,80655000,1,-1
2902,chr5,80408310,80408656,80654541,80654813,EH38E2386155,EH38E3645942,80408000,80409000,80654000,80655000,6,-1
2903,chr5,81233457,81233631,80654541,80654813,EH38E3646179,EH38E3645942,81233000,81234000,80654000,80655000,1,-1
2904,chr5,81751618,81751840,80654541,80654813,EH38E3646335,EH38E3645942,81751000,81752000,80654000,80655000,2,-1
2905,chr5,78984938,78985099,80654888,80655238,EH38E3645243,EH38E2386265,78985000,78986000,80654000,80655000,1,-1
2906,chr5,79990902,79991055,80654888,80655238,EH38E3645646,EH38E2386265,79991000,79992000,80654000,80655000,1,-1
2907,chr5,80097509,80097854,80654888,80655238,EH38E2385910,EH38E2386265,80097000,80098000,80654000,80655000,3,-1
2908,chr5,80141213,80141562,80654888,80655238,EH38E3645715,EH38E2386265,80141000,80142000,80654000,80655000,1,-1
2909,chr5,80141745,80142058,80654888,80655238,EH38E2385957,EH38E2386265,80141000,80142000,80654000,80655000,1,-1
2910,chr5,80185581,80185775,80654888,80655238,EH38E3645750,EH38E2386265,80185000,80186000,80654000,80655000,1,-1
2911,chr5,80185905,80186061,80654888,80655238,EH38E3645751,EH38E2386265,80185000,80186000,80654000,80655000,1,-1
2912,chr5,80257956,80258143,80654888,80655238,EH38E3645814,EH38E2386265,80258000,80259000,80654000,80655000,1,-1
2913,chr5,80408310,80408656,80654888,80655238,EH38E2386155,EH38E2386265,80408000,80409000,80654000,80655000,6,-1
2914,chr5,81233457,81233631,80654888,80655238,EH38E3646179,EH38E2386265,81233000,81234000,80654000,80655000,1,-1
2915,chr5,81751618,81751840,80654888,80655238,EH38E3646335,EH38E2386265,81751000,81752000,80654000,80655000,2,-1
2916,chr5,79514417,79514767,80654888,80655238,EH38E2385564,EH38E2386265,79514000,79515000,80655000,80656000,1,-1
2917,chr5,79514802,79514973,80654888,80655238,EH38E3645422,EH38E2386265,79514000,79515000,80655000,80656000,1,-1
2918,chr5,80184455,80184805,80654888,80655238,EH38E3645748,EH38E2386265,80184000,80185000,80655000,80656000,1,-1
2919,chr5,81851816,81852165,80654888,80655238,EH38E2386943,EH38E2386265,81852000,81853000,80655000,80656000,1,-1
2920,chr5,81852358,81852638,80654888,80655238,EH38E3646398,EH38E2386265,81852000,81853000,80655000,80656000,1,-1
2921,chr5,81852698,81853026,80654888,80655238,EH38E2386945,EH38E2386265,81852000,81853000,80655000,80656000,1,-1
2922,chr5,79513255,79513460,80960119,80960463,EH38E3645419,EH38E3646050,79513000,79514000,80960000,80961000,1,-1
2923,chr5,79513471,79513656,80960119,80960463,EH38E3645420,EH38E3646050,79513000,79514000,80960000,80961000,1,-1
2924,chr5,79513656,79513827,80960119,80960463,EH38E3645421,EH38E3646050,79513000,79514000,80960000,80961000,1,-1
2925,chr5,79990902,79991055,80960119,80960463,EH38E3645646,EH38E3646050,79991000,79992000,80960000,80961000,1,-1
2926,chr5,80141213,80141562,80960119,80960463,EH38E3645715,EH38E3646050,80141000,80142000,80960000,80961000,1,-1
2927,chr5,80141745,80142058,80960119,80960463,EH38E2385957,EH38E3646050,80141000,80142000,80960000,80961000,1,-1
2928,chr5,80408310,80408656,80960119,80960463,EH38E2386155,EH38E3646050,80408000,80409000,80960000,80961000,2,-1
2929,chr5,81233457,81233631,80960119,80960463,EH38E3646179,EH38E3646050,81233000,81234000,80960000,80961000,1,-1
2930,chr5,81233457,81233631,81233070,81233416,EH38E3646179,EH38E3646178,81233000,81234000,81233000,81234000,320,-1
2931,chr5,81301776,81301937,81233070,81233416,EH38E3646210,EH38E3646178,81301000,81302000,81233000,81234000,15,-1
2932,chr5,81751618,81751840,81233070,81233416,EH38E3646335,EH38E3646178,81751000,81752000,81233000,81234000,1,-1
2933,chr5,81851816,81852165,81233070,81233416,EH38E2386943,EH38E3646178,81851000,81852000,81233000,81234000,1,-1
2934,chr5,83475524,83475861,81233070,81233416,EH38E3646927,EH38E3646178,83475000,83476000,81233000,81234000,1,-1
2935,chr5,83721999,83722166,81233070,81233416,EH38E2387936,EH38E3646178,83722000,83723000,81233000,81234000,1,-1
2936,chr5,83722178,83722344,81233070,81233416,EH38E2387937,EH38E3646178,83722000,83723000,81233000,81234000,1,-1
2937,chr5,83722354,83722578,81233070,81233416,EH38E3646988,EH38E3646178,83722000,83723000,81233000,81234000,1,-1
2938,chr5,78927630,78927980,81301407,81301757,EH38E2385279,EH38E3646209,78927000,78928000,81301000,81302000,1,-1
2939,chr5,79261999,79262188,81301407,81301757,EH38E3645354,EH38E3646209,79261000,79262000,81301000,81302000,1,-1
2940,chr5,79514417,79514767,81301407,81301757,EH38E2385564,EH38E3646209,79514000,79515000,81301000,81302000,1,-1
2941,chr5,79514802,79514973,81301407,81301757,EH38E3645422,EH38E3646209,79514000,79515000,81301000,81302000,1,-1
2942,chr5,80141213,80141562,81301407,81301757,EH38E3645715,EH38E3646209,80141000,80142000,81301000,81302000,1,-1
2943,chr5,80141745,80142058,81301407,81301757,EH38E2385957,EH38E3646209,80141000,80142000,81301000,81302000,1,-1
2944,chr5,80173543,80173783,81301407,81301757,EH38E3645738,EH38E3646209,80173000,80174000,81301000,81302000,1,-1
2945,chr5,80185905,80186061,81301407,81301757,EH38E3645751,EH38E3646209,80186000,80187000,81301000,81302000,1,-1
2946,chr5,81233457,81233631,81301407,81301757,EH38E3646179,EH38E3646209,81233000,81234000,81301000,81302000,15,-1
2947,chr5,81301776,81301937,81301407,81301757,EH38E3646210,EH38E3646209,81301000,81302000,81301000,81302000,356,-1
2948,chr5,81751618,81751840,81301407,81301757,EH38E3646335,EH38E3646209,81751000,81752000,81301000,81302000,4,-1
2949,chr5,81851816,81852165,81301407,81301757,EH38E2386943,EH38E3646209,81851000,81852000,81301000,81302000,1,-1
2950,chr5,81852358,81852638,81301407,81301757,EH38E3646398,EH38E3646209,81852000,81853000,81301000,81302000,1,-1
2951,chr5,81852698,81853026,81301407,81301757,EH38E2386945,EH38E3646209,81852000,81853000,81301000,81302000,1,-1
2952,chr5,82274835,82275073,81301407,81301757,EH38E3646494,EH38E3646209,82275000,82276000,81301000,81302000,2,-1
2953,chr5,82294266,82294528,81301407,81301757,EH38E2387137,EH38E3646209,82294000,82295000,81301000,81302000,1,-1
2954,chr5,79261999,79262188,81393880,81394223,EH38E3645354,EH38E3646241,79262000,79263000,81393000,81394000,1,-1
2955,chr5,79990902,79991055,81393880,81394223,EH38E3645646,EH38E3646241,79991000,79992000,81393000,81394000,1,-1
2956,chr5,81301776,81301937,81393880,81394223,EH38E3646210,EH38E3646241,81301000,81302000,81393000,81394000,6,-1
2957,chr5,81590450,81590739,81393880,81394223,EH38E3646288,EH38E3646241,81590000,81591000,81393000,81394000,1,-1
2958,chr5,81851816,81852165,81393880,81394223,EH38E2386943,EH38E3646241,81851000,81852000,81393000,81394000,4,-1
2959,chr5,81852698,81853026,81393880,81394223,EH38E2386945,EH38E3646241,81853000,81854000,81393000,81394000,2,-1
2960,chr5,81971643,81971795,81393880,81394223,EH38E2386990,EH38E3646241,81971000,81972000,81393000,81394000,2,-1
2961,chr5,82294266,82294528,81393880,81394223,EH38E2387137,EH38E3646241,82294000,82295000,81393000,81394000,1,-1
2962,chr5,79513255,79513460,81393880,81394223,EH38E3645419,EH38E3646241,79513000,79514000,81394000,81395000,1,-1
2963,chr5,79513471,79513656,81393880,81394223,EH38E3645420,EH38E3646241,79513000,79514000,81394000,81395000,1,-1
2964,chr5,79513656,79513827,81393880,81394223,EH38E3645421,EH38E3646241,79513000,79514000,81394000,81395000,1,-1
2965,chr5,80408310,80408656,81393880,81394223,EH38E2386155,EH38E3646241,80408000,80409000,81394000,81395000,1,-1
2966,chr5,81233457,81233631,81393880,81394223,EH38E3646179,EH38E3646241,81233000,81234000,81394000,81395000,4,-1
2967,chr5,81751618,81751840,81393880,81394223,EH38E3646335,EH38E3646241,81751000,81752000,81394000,81395000,6,-1
2968,chr5,81852358,81852638,81393880,81394223,EH38E3646398,EH38E3646241,81852000,81853000,81394000,81395000,2,-1
2969,chr5,81980291,81980447,81393880,81394223,EH38E2386996,EH38E3646241,81980000,81981000,81394000,81395000,1,-1
2970,chr5,82031418,82031732,81393880,81394223,EH38E2387017,EH38E3646241,82031000,82032000,81394000,81395000,1,-1
2971,chr5,82274439,82274786,81393880,81394223,EH38E3646493,EH38E3646241,82274000,82275000,81394000,81395000,3,-1
2972,chr5,82274835,82275073,81393880,81394223,EH38E3646494,EH38E3646241,82274000,82275000,81394000,81395000,3,-1
2973,chr5,83472476,83472687,81393880,81394223,EH38E3646922,EH38E3646241,83472000,83473000,81394000,81395000,1,-1
2974,chr5,83472710,83472872,81393880,81394223,EH38E3646923,EH38E3646241,83472000,83473000,81394000,81395000,1,-1
2975,chr5,83472932,83473101,81393880,81394223,EH38E2387790,EH38E3646241,83472000,83473000,81394000,81395000,1,-1
2976,chr5,79513255,79513460,81394234,81394425,EH38E3645419,EH38E3646242,79513000,79514000,81394000,81395000,1,-1
2977,chr5,79513471,79513656,81394234,81394425,EH38E3645420,EH38E3646242,79513000,79514000,81394000,81395000,1,-1
2978,chr5,79513656,79513827,81394234,81394425,EH38E3645421,EH38E3646242,79513000,79514000,81394000,81395000,1,-1
2979,chr5,80408310,80408656,81394234,81394425,EH38E2386155,EH38E3646242,80408000,80409000,81394000,81395000,1,-1
2980,chr5,81233457,81233631,81394234,81394425,EH38E3646179,EH38E3646242,81233000,81234000,81394000,81395000,4,-1
2981,chr5,81301776,81301937,81394234,81394425,EH38E3646210,EH38E3646242,81301000,81302000,81394000,81395000,6,-1
2982,chr5,81751618,81751840,81394234,81394425,EH38E3646335,EH38E3646242,81751000,81752000,81394000,81395000,6,-1
2983,chr5,81851816,81852165,81394234,81394425,EH38E2386943,EH38E3646242,81851000,81852000,81394000,81395000,1,-1
2984,chr5,81852358,81852638,81394234,81394425,EH38E3646398,EH38E3646242,81852000,81853000,81394000,81395000,2,-1
2985,chr5,81852698,81853026,81394234,81394425,EH38E2386945,EH38E3646242,81852000,81853000,81394000,81395000,2,-1
2986,chr5,81971643,81971795,81394234,81394425,EH38E2386990,EH38E3646242,81971000,81972000,81394000,81395000,1,-1
2987,chr5,81980291,81980447,81394234,81394425,EH38E2386996,EH38E3646242,81980000,81981000,81394000,81395000,1,-1
2988,chr5,82031418,82031732,81394234,81394425,EH38E2387017,EH38E3646242,82031000,82032000,81394000,81395000,1,-1
2989,chr5,82274439,82274786,81394234,81394425,EH38E3646493,EH38E3646242,82274000,82275000,81394000,81395000,3,-1
2990,chr5,82274835,82275073,81394234,81394425,EH38E3646494,EH38E3646242,82274000,82275000,81394000,81395000,3,-1
2991,chr5,83472476,83472687,81394234,81394425,EH38E3646922,EH38E3646242,83472000,83473000,81394000,81395000,1,-1
2992,chr5,83472710,83472872,81394234,81394425,EH38E3646923,EH38E3646242,83472000,83473000,81394000,81395000,1,-1
2993,chr5,83472932,83473101,81394234,81394425,EH38E2387790,EH38E3646242,83472000,83473000,81394000,81395000,1,-1
2994,chr5,79236450,79236601,81751040,81751390,EH38E3645338,EH38E3646334,79236000,79237000,81751000,81752000,1,-1
2995,chr5,81233457,81233631,81751040,81751390,EH38E3646179,EH38E3646334,81233000,81234000,81751000,81752000,1,-1
2996,chr5,81301776,81301937,81751040,81751390,EH38E3646210,EH38E3646334,81301000,81302000,81751000,81752000,4,-1
2997,chr5,81590450,81590739,81751040,81751390,EH38E3646288,EH38E3646334,81590000,81591000,81751000,81752000,1,-1
2998,chr5,81751618,81751840,81751040,81751390,EH38E3646335,EH38E3646334,81751000,81752000,81751000,81752000,374,-1
2999,chr5,81851816,81852165,81751040,81751390,EH38E2386943,EH38E3646334,81851000,81852000,81751000,81752000,111,-1
3000,chr5,81852358,81852638,81751040,81751390,EH38E3646398,EH38E3646334,81852000,81853000,81751000,81752000,60,-1
3001,chr5,81852698,81853026,81751040,81751390,EH38E2386945,EH38E3646334,81852000,81853000,81751000,81752000,60,-1
3002,chr5,81971643,81971795,81751040,81751390,EH38E2386990,EH38E3646334,81971000,81972000,81751000,81752000,5,-1
3003,chr5,81980291,81980447,81751040,81751390,EH38E2386996,EH38E3646334,81980000,81981000,81751000,81752000,4,-1
3004,chr5,82031418,82031732,81751040,81751390,EH38E2387017,EH38E3646334,82031000,82032000,81751000,81752000,2,-1
3005,chr5,82274439,82274786,81751040,81751390,EH38E3646493,EH38E3646334,82274000,82275000,81751000,81752000,1,-1
3006,chr5,82274835,82275073,81751040,81751390,EH38E3646494,EH38E3646334,82274000,82275000,81751000,81752000,1,-1
3007,chr5,83076968,83077242,81751040,81751390,EH38E2387613,EH38E3646334,83077000,83078000,81751000,81752000,1,-1
3008,chr5,83077694,83077929,81751040,81751390,EH38E2387615,EH38E3646334,83077000,83078000,81751000,81752000,1,-1
3009,chr5,83077939,83078189,81751040,81751390,EH38E3646809,EH38E3646334,83077000,83078000,81751000,81752000,1,-1
3010,chr5,83473887,83474235,81751040,81751390,EH38E3646925,EH38E3646334,83474000,83475000,81751000,81752000,2,-1
3011,chr5,83474423,83474772,81751040,81751390,EH38E3646926,EH38E3646334,83474000,83475000,81751000,81752000,2,-1
3012,chr5,84383813,84384088,81751040,81751390,EH38E3647147,EH38E3646334,84383000,84384000,81751000,81752000,1,-1
3013,chr5,80185905,80186061,81851518,81851812,EH38E3645751,EH38E2386942,80186000,80187000,81851000,81852000,1,-1
3014,chr5,81233457,81233631,81851518,81851812,EH38E3646179,EH38E2386942,81233000,81234000,81851000,81852000,1,-1
3015,chr5,81301776,81301937,81851518,81851812,EH38E3646210,EH38E2386942,81301000,81302000,81851000,81852000,1,-1
3016,chr5,81590450,81590739,81851518,81851812,EH38E3646288,EH38E2386942,81590000,81591000,81851000,81852000,2,-1
3017,chr5,81751618,81751840,81851518,81851812,EH38E3646335,EH38E2386942,81751000,81752000,81851000,81852000,111,-1
3018,chr5,81851816,81852165,81851518,81851812,EH38E2386943,EH38E2386942,81851000,81852000,81851000,81852000,341,-1
3019,chr5,81852358,81852638,81851518,81851812,EH38E3646398,EH38E2386942,81852000,81853000,81851000,81852000,138,-1
3020,chr5,81852698,81853026,81851518,81851812,EH38E2386945,EH38E2386942,81852000,81853000,81851000,81852000,138,-1
3021,chr5,81971643,81971795,81851518,81851812,EH38E2386990,EH38E2386942,81971000,81972000,81851000,81852000,6,-1
3022,chr5,82274439,82274786,81851518,81851812,EH38E3646493,EH38E2386942,82274000,82275000,81851000,81852000,3,-1
3023,chr5,82274835,82275073,81851518,81851812,EH38E3646494,EH38E2386942,82274000,82275000,81851000,81852000,3,-1
3024,chr5,82294266,82294528,81851518,81851812,EH38E2387137,EH38E2386942,82294000,82295000,81851000,81852000,2,-1
3025,chr5,84383813,84384088,81851518,81851812,EH38E3647147,EH38E2386942,84383000,84384000,81851000,81852000,1,-1
3026,chr5,81851816,81852165,81971806,81972156,EH38E2386943,EH38E2386991,81851000,81852000,81971000,81972000,6,-1
3027,chr5,81971643,81971795,81971806,81972156,EH38E2386990,EH38E2386991,81971000,81972000,81971000,81972000,166,-1
3028,chr5,82274439,82274786,81971806,81972156,EH38E3646493,EH38E2386991,82274000,82275000,81971000,81972000,3,-1
3029,chr5,82274835,82275073,81971806,81972156,EH38E3646494,EH38E2386991,82274000,82275000,81971000,81972000,3,-1
3030,chr5,82294266,82294528,81971806,81972156,EH38E2387137,EH38E2386991,82294000,82295000,81971000,81972000,1,-1
3031,chr5,84383813,84384088,81971806,81972156,EH38E3647147,EH38E2386991,84383000,84384000,81971000,81972000,1,-1
3032,chr5,81301776,81301937,81971806,81972156,EH38E3646210,EH38E2386991,81301000,81302000,81972000,81973000,1,-1
3033,chr5,81751618,81751840,81971806,81972156,EH38E3646335,EH38E2386991,81751000,81752000,81972000,81973000,7,-1
3034,chr5,81852358,81852638,81971806,81972156,EH38E3646398,EH38E2386991,81852000,81853000,81972000,81973000,6,-1
3035,chr5,81852698,81853026,81971806,81972156,EH38E2386945,EH38E2386991,81852000,81853000,81972000,81973000,6,-1
3036,chr5,81980291,81980447,81971806,81972156,EH38E2386996,EH38E2386991,81980000,81981000,81972000,81973000,26,-1
3037,chr5,82031418,82031732,81971806,81972156,EH38E2387017,EH38E2386991,82031000,82032000,81972000,81973000,4,-1
3038,chr5,81301776,81301937,81972173,81972478,EH38E3646210,EH38E3646429,81301000,81302000,81972000,81973000,1,-1
3039,chr5,81751618,81751840,81972173,81972478,EH38E3646335,EH38E3646429,81751000,81752000,81972000,81973000,7,-1
3040,chr5,81851816,81852165,81972173,81972478,EH38E2386943,EH38E3646429,81851000,81852000,81972000,81973000,2,-1
3041,chr5,81852358,81852638,81972173,81972478,EH38E3646398,EH38E3646429,81852000,81853000,81972000,81973000,6,-1
3042,chr5,81852698,81853026,81972173,81972478,EH38E2386945,EH38E3646429,81852000,81853000,81972000,81973000,6,-1
3043,chr5,81971643,81971795,81972173,81972478,EH38E2386990,EH38E3646429,81971000,81972000,81972000,81973000,92,-1
3044,chr5,81980291,81980447,81972173,81972478,EH38E2386996,EH38E3646429,81980000,81981000,81972000,81973000,26,-1
3045,chr5,82031418,82031732,81972173,81972478,EH38E2387017,EH38E3646429,82031000,82032000,81972000,81973000,4,-1
3046,chr5,82274439,82274786,81972173,81972478,EH38E3646493,EH38E3646429,82274000,82275000,81972000,81973000,1,-1
3047,chr5,82274835,82275073,81972173,81972478,EH38E3646494,EH38E3646429,82274000,82275000,81972000,81973000,1,-1
3048,chr5,82294266,82294528,81972173,81972478,EH38E2387137,EH38E3646429,82294000,82295000,81972000,81973000,1,-1
3049,chr5,80247220,80247565,82278067,82278258,EH38E3645798,EH38E3646500,80247000,80248000,82278000,82279000,1,-1
3050,chr5,80247613,80247770,82278067,82278258,EH38E3645799,EH38E3646500,80247000,80248000,82278000,82279000,1,-1
3051,chr5,81233457,81233631,82278067,82278258,EH38E3646179,EH38E3646500,81233000,81234000,82278000,82279000,1,-1
3052,chr5,81301776,81301937,82278067,82278258,EH38E3646210,EH38E3646500,81301000,81302000,82278000,82279000,2,-1
3053,chr5,81590450,81590739,82278067,82278258,EH38E3646288,EH38E3646500,81590000,81591000,82278000,82279000,1,-1
3054,chr5,81751618,81751840,82278067,82278258,EH38E3646335,EH38E3646500,81751000,81752000,82278000,82279000,4,-1
3055,chr5,81851816,81852165,82278067,82278258,EH38E2386943,EH38E3646500,81851000,81852000,82278000,82279000,1,-1
3056,chr5,81852358,81852638,82278067,82278258,EH38E3646398,EH38E3646500,81852000,81853000,82278000,82279000,2,-1
3057,chr5,81852698,81853026,82278067,82278258,EH38E2386945,EH38E3646500,81852000,81853000,82278000,82279000,2,-1
3058,chr5,81971643,81971795,82278067,82278258,EH38E2386990,EH38E3646500,81971000,81972000,82278000,82279000,1,-1
3059,chr5,81980291,81980447,82278067,82278258,EH38E2386996,EH38E3646500,81980000,81981000,82278000,82279000,1,-1
3060,chr5,82274439,82274786,82278067,82278258,EH38E3646493,EH38E3646500,82274000,82275000,82278000,82279000,58,-1
3061,chr5,82274835,82275073,82278067,82278258,EH38E3646494,EH38E3646500,82274000,82275000,82278000,82279000,58,-1
3062,chr5,82294266,82294528,82278067,82278258,EH38E2387137,EH38E3646500,82294000,82295000,82278000,82279000,11,-1
3063,chr5,83027046,83027383,82278067,82278258,EH38E2387573,EH38E3646500,83027000,83028000,82278000,82279000,1,-1
3064,chr5,83076968,83077242,82278067,82278258,EH38E2387613,EH38E3646500,83077000,83078000,82278000,82279000,1,-1
3065,chr5,83077694,83077929,82278067,82278258,EH38E2387615,EH38E3646500,83077000,83078000,82278000,82279000,1,-1
3066,chr5,83077939,83078189,82278067,82278258,EH38E3646809,EH38E3646500,83077000,83078000,82278000,82279000,1,-1
3067,chr5,83472932,83473101,82278067,82278258,EH38E2387790,EH38E3646500,83473000,83474000,82278000,82279000,1,-1
3068,chr5,83473108,83473416,82278067,82278258,EH38E3646924,EH38E3646500,83473000,83474000,82278000,82279000,1,-1
3069,chr5,83473427,83473774,82278067,82278258,EH38E2387792,EH38E3646500,83473000,83474000,82278000,82279000,1,-1
3070,chr5,83473887,83474235,82278067,82278258,EH38E3646925,EH38E3646500,83473000,83474000,82278000,82279000,1,-1
3071,chr5,83474423,83474772,82278067,82278258,EH38E3646926,EH38E3646500,83474000,83475000,82278000,82279000,1,-1
3072,chr5,83475524,83475861,82278067,82278258,EH38E3646927,EH38E3646500,83475000,83476000,82278000,82279000,1,-1
3073,chr5,83476118,83476466,82278067,82278258,EH38E2387798,EH38E3646500,83476000,83477000,82278000,82279000,1,-1
3074,chr5,84383813,84384088,82278067,82278258,EH38E3647147,EH38E3646500,84383000,84384000,82278000,82279000,1,-1
3075,chr5,80247220,80247565,82278308,82278657,EH38E3645798,EH38E3646501,80247000,80248000,82278000,82279000,1,-1
3076,chr5,80247613,80247770,82278308,82278657,EH38E3645799,EH38E3646501,80247000,80248000,82278000,82279000,1,-1
3077,chr5,81233457,81233631,82278308,82278657,EH38E3646179,EH38E3646501,81233000,81234000,82278000,82279000,1,-1
3078,chr5,81301776,81301937,82278308,82278657,EH38E3646210,EH38E3646501,81301000,81302000,82278000,82279000,2,-1
3079,chr5,81590450,81590739,82278308,82278657,EH38E3646288,EH38E3646501,81590000,81591000,82278000,82279000,1,-1
3080,chr5,81751618,81751840,82278308,82278657,EH38E3646335,EH38E3646501,81751000,81752000,82278000,82279000,4,-1
3081,chr5,81851816,81852165,82278308,82278657,EH38E2386943,EH38E3646501,81851000,81852000,82278000,82279000,1,-1
3082,chr5,81852358,81852638,82278308,82278657,EH38E3646398,EH38E3646501,81852000,81853000,82278000,82279000,2,-1
3083,chr5,81852698,81853026,82278308,82278657,EH38E2386945,EH38E3646501,81852000,81853000,82278000,82279000,2,-1
3084,chr5,81971643,81971795,82278308,82278657,EH38E2386990,EH38E3646501,81971000,81972000,82278000,82279000,1,-1
3085,chr5,81980291,81980447,82278308,82278657,EH38E2386996,EH38E3646501,81980000,81981000,82278000,82279000,1,-1
3086,chr5,82274439,82274786,82278308,82278657,EH38E3646493,EH38E3646501,82274000,82275000,82278000,82279000,58,-1
3087,chr5,82274835,82275073,82278308,82278657,EH38E3646494,EH38E3646501,82274000,82275000,82278000,82279000,58,-1
3088,chr5,82294266,82294528,82278308,82278657,EH38E2387137,EH38E3646501,82294000,82295000,82278000,82279000,11,-1
3089,chr5,83027046,83027383,82278308,82278657,EH38E2387573,EH38E3646501,83027000,83028000,82278000,82279000,1,-1
3090,chr5,83076968,83077242,82278308,82278657,EH38E2387613,EH38E3646501,83077000,83078000,82278000,82279000,1,-1
3091,chr5,83077694,83077929,82278308,82278657,EH38E2387615,EH38E3646501,83077000,83078000,82278000,82279000,1,-1
3092,chr5,83077939,83078189,82278308,82278657,EH38E3646809,EH38E3646501,83077000,83078000,82278000,82279000,1,-1
3093,chr5,83472932,83473101,82278308,82278657,EH38E2387790,EH38E3646501,83473000,83474000,82278000,82279000,1,-1
3094,chr5,83473108,83473416,82278308,82278657,EH38E3646924,EH38E3646501,83473000,83474000,82278000,82279000,1,-1
3095,chr5,83473427,83473774,82278308,82278657,EH38E2387792,EH38E3646501,83473000,83474000,82278000,82279000,1,-1
3096,chr5,83473887,83474235,82278308,82278657,EH38E3646925,EH38E3646501,83473000,83474000,82278000,82279000,1,-1
3097,chr5,83474423,83474772,82278308,82278657,EH38E3646926,EH38E3646501,83474000,83475000,82278000,82279000,1,-1
3098,chr5,83475524,83475861,82278308,82278657,EH38E3646927,EH38E3646501,83475000,83476000,82278000,82279000,1,-1
3099,chr5,83476118,83476466,82278308,82278657,EH38E2387798,EH38E3646501,83476000,83477000,82278000,82279000,1,-1
3100,chr5,84383813,84384088,82278308,82278657,EH38E3647147,EH38E3646501,84383000,84384000,82278000,82279000,1,-1
3101,chr5,81751618,81751840,83077320,83077670,EH38E3646335,EH38E2387614,81751000,81752000,83077000,83078000,1,-1
3102,chr5,81852698,81853026,83077320,83077670,EH38E2386945,EH38E2387614,81853000,81854000,83077000,83078000,1,-1
3103,chr5,82294266,82294528,83077320,83077670,EH38E2387137,EH38E2387614,82294000,82295000,83077000,83078000,1,-1
3104,chr5,83026546,83026855,83077320,83077670,EH38E3646788,EH38E2387614,83026000,83027000,83077000,83078000,2,-1
3105,chr5,83027046,83027383,83077320,83077670,EH38E2387573,EH38E2387614,83027000,83028000,83077000,83078000,2,-1
3106,chr5,83076968,83077242,83077320,83077670,EH38E2387613,EH38E2387614,83076000,83077000,83077000,83078000,208,-1
3107,chr5,83076968,83077242,83077320,83077670,EH38E2387613,EH38E2387614,83077000,83078000,83077000,83078000,233,-1
3108,chr5,83077694,83077929,83077320,83077670,EH38E2387615,EH38E2387614,83077000,83078000,83077000,83078000,233,-1
3109,chr5,83077939,83078189,83077320,83077670,EH38E3646809,EH38E2387614,83077000,83078000,83077000,83078000,233,-1
3110,chr5,83354982,83355304,83077320,83077670,EH38E2387707,EH38E2387614,83354000,83355000,83077000,83078000,2,-1
3111,chr5,83472476,83472687,83077320,83077670,EH38E3646922,EH38E2387614,83472000,83473000,83077000,83078000,6,-1
3112,chr5,83472710,83472872,83077320,83077670,EH38E3646923,EH38E2387614,83472000,83473000,83077000,83078000,6,-1
3113,chr5,83472932,83473101,83077320,83077670,EH38E2387790,EH38E2387614,83472000,83473000,83077000,83078000,6,-1
3114,chr5,83473108,83473416,83077320,83077670,EH38E3646924,EH38E2387614,83473000,83474000,83077000,83078000,6,-1
3115,chr5,83473427,83473774,83077320,83077670,EH38E2387792,EH38E2387614,83473000,83474000,83077000,83078000,6,-1
3116,chr5,83473887,83474235,83077320,83077670,EH38E3646925,EH38E2387614,83473000,83474000,83077000,83078000,6,-1
3117,chr5,83474423,83474772,83077320,83077670,EH38E3646926,EH38E2387614,83474000,83475000,83077000,83078000,3,-1
3118,chr5,83475524,83475861,83077320,83077670,EH38E3646927,EH38E2387614,83475000,83476000,83077000,83078000,2,-1
3119,chr5,83721999,83722166,83077320,83077670,EH38E2387936,EH38E2387614,83721000,83722000,83077000,83078000,1,-1
3120,chr5,81971643,81971795,83471438,83471785,EH38E2386990,EH38E2387785,81971000,81972000,83471000,83472000,1,-1
3121,chr5,82274439,82274786,83471438,83471785,EH38E3646493,EH38E2387785,82274000,82275000,83471000,83472000,1,-1
3122,chr5,82274835,82275073,83471438,83471785,EH38E3646494,EH38E2387785,82274000,82275000,83471000,83472000,1,-1
3123,chr5,83076968,83077242,83471438,83471785,EH38E2387613,EH38E2387785,83076000,83077000,83471000,83472000,4,-1
3124,chr5,83077694,83077929,83471438,83471785,EH38E2387615,EH38E2387785,83077000,83078000,83471000,83472000,4,-1
3125,chr5,83077939,83078189,83471438,83471785,EH38E3646809,EH38E2387785,83077000,83078000,83471000,83472000,4,-1
3126,chr5,83354982,83355304,83471438,83471785,EH38E2387707,EH38E2387785,83354000,83355000,83471000,83472000,1,-1
3127,chr5,83472476,83472687,83471438,83471785,EH38E3646922,EH38E2387785,83472000,83473000,83471000,83472000,471,-1
3128,chr5,83472710,83472872,83471438,83471785,EH38E3646923,EH38E2387785,83472000,83473000,83471000,83472000,471,-1
3129,chr5,83472932,83473101,83471438,83471785,EH38E2387790,EH38E2387785,83472000,83473000,83471000,83472000,471,-1
3130,chr5,83473108,83473416,83471438,83471785,EH38E3646924,EH38E2387785,83473000,83474000,83471000,83472000,165,-1
3131,chr5,83473427,83473774,83471438,83471785,EH38E2387792,EH38E2387785,83473000,83474000,83471000,83472000,165,-1
3132,chr5,83473887,83474235,83471438,83471785,EH38E3646925,EH38E2387785,83473000,83474000,83471000,83472000,165,-1
3133,chr5,83474423,83474772,83471438,83471785,EH38E3646926,EH38E2387785,83474000,83475000,83471000,83472000,42,-1
3134,chr5,83475524,83475861,83471438,83471785,EH38E3646927,EH38E2387785,83475000,83476000,83471000,83472000,21,-1
3135,chr5,83476118,83476466,83471438,83471785,EH38E2387798,EH38E2387785,83476000,83477000,83471000,83472000,11,-1
3136,chr5,84597951,84598299,83471438,83471785,EH38E2388230,EH38E2387785,84597000,84598000,83471000,83472000,1,-1
3137,chr5,81971643,81971795,83720879,83721225,EH38E2386990,EH38E2387933,81971000,81972000,83720000,83721000,1,-1
3138,chr5,83027046,83027383,83720879,83721225,EH38E2387573,EH38E2387933,83027000,83028000,83720000,83721000,1,-1
3139,chr5,83472932,83473101,83720879,83721225,EH38E2387790,EH38E2387933,83473000,83474000,83720000,83721000,1,-1
3140,chr5,83473108,83473416,83720879,83721225,EH38E3646924,EH38E2387933,83473000,83474000,83720000,83721000,1,-1
3141,chr5,83473427,83473774,83720879,83721225,EH38E2387792,EH38E2387933,83473000,83474000,83720000,83721000,1,-1
3142,chr5,83473887,83474235,83720879,83721225,EH38E3646925,EH38E2387933,83473000,83474000,83720000,83721000,1,-1
3143,chr5,82294266,82294528,83720879,83721225,EH38E2387137,EH38E2387933,82294000,82295000,83721000,83722000,2,-1
3144,chr5,83076968,83077242,83720879,83721225,EH38E2387613,EH38E2387933,83077000,83078000,83721000,83722000,1,-1
3145,chr5,83077694,83077929,83720879,83721225,EH38E2387615,EH38E2387933,83077000,83078000,83721000,83722000,1,-1
3146,chr5,83077939,83078189,83720879,83721225,EH38E3646809,EH38E2387933,83077000,83078000,83721000,83722000,1,-1
3147,chr5,83474423,83474772,83720879,83721225,EH38E3646926,EH38E2387933,83474000,83475000,83721000,83722000,1,-1
3148,chr5,83721999,83722166,83720879,83721225,EH38E2387936,EH38E2387933,83721000,83722000,83721000,83722000,390,-1
3149,chr5,83722178,83722344,83720879,83721225,EH38E2387937,EH38E2387933,83722000,83723000,83721000,83722000,276,-1
3150,chr5,83722354,83722578,83720879,83721225,EH38E3646988,EH38E2387933,83722000,83723000,83721000,83722000,276,-1
3151,chr5,84383813,84384088,83720879,83721225,EH38E3647147,EH38E2387933,84383000,84384000,83721000,83722000,5,-1
3152,chr5,84597951,84598299,83720879,83721225,EH38E2388230,EH38E2387933,84597000,84598000,83721000,83722000,1,-1
3153,chr5,84599982,84600310,83720879,83721225,EH38E2388231,EH38E2387933,84600000,84601000,83721000,83722000,2,-1
3154,chr5,83354982,83355304,84384179,84384526,EH38E2387707,EH38E3647148,83354000,83355000,84384000,84385000,1,-1
3155,chr5,83721999,83722166,84384179,84384526,EH38E2387936,EH38E3647148,83721000,83722000,84384000,84385000,9,-1
3156,chr5,83722178,83722344,84384179,84384526,EH38E2387937,EH38E3647148,83722000,83723000,84384000,84385000,4,-1
3157,chr5,83722354,83722578,84384179,84384526,EH38E3646988,EH38E3647148,83722000,83723000,84384000,84385000,4,-1
3158,chr5,84383813,84384088,84384179,84384526,EH38E3647147,EH38E3647148,84383000,84384000,84384000,84385000,528,-1
3159,chr5,84383813,84384088,84384179,84384526,EH38E3647147,EH38E3647148,84384000,84385000,84384000,84385000,461,-1
3160,chr5,84597951,84598299,84384179,84384526,EH38E2388230,EH38E3647148,84598000,84599000,84384000,84385000,3,-1
3161,chr5,84599982,84600310,84384179,84384526,EH38E2388231,EH38E3647148,84600000,84601000,84384000,84385000,3,-1
3162,chr5,83354982,83355304,84384614,84384954,EH38E2387707,EH38E3647149,83354000,83355000,84384000,84385000,1,-1
3163,chr5,83721999,83722166,84384614,84384954,EH38E2387936,EH38E3647149,83721000,83722000,84384000,84385000,9,-1
3164,chr5,83722178,83722344,84384614,84384954,EH38E2387937,EH38E3647149,83722000,83723000,84384000,84385000,4,-1
3165,chr5,83722354,83722578,84384614,84384954,EH38E3646988,EH38E3647149,83722000,83723000,84384000,84385000,4,-1
3166,chr5,84383813,84384088,84384614,84384954,EH38E3647147,EH38E3647149,84383000,84384000,84384000,84385000,528,-1
3167,chr5,84383813,84384088,84384614,84384954,EH38E3647147,EH38E3647149,84384000,84385000,84384000,84385000,461,-1
3168,chr5,84597951,84598299,84384614,84384954,EH38E2388230,EH38E3647149,84598000,84599000,84384000,84385000,3,-1
3169,chr5,84599982,84600310,84384614,84384954,EH38E2388231,EH38E3647149,84600000,84601000,84384000,84385000,3,-1
3170,chr5,83721999,83722166,86617696,86618046,EH38E2387936,EH38E3647375,83721000,83722000,86617000,86618000,1,-1
3171,chr5,83722178,83722344,86617696,86618046,EH38E2387937,EH38E3647375,83722000,83723000,86618000,86619000,2,-1
3172,chr5,83722354,83722578,86617696,86618046,EH38E3646988,EH38E3647375,83722000,83723000,86618000,86619000,2,-1
3173,chr5,86618077,86618280,86617696,86618046,EH38E3647376,EH38E3647375,86618000,86619000,86618000,86619000,463,-1
3174,chr5,86618301,86618458,86617696,86618046,EH38E3647377,EH38E3647375,86618000,86619000,86618000,86619000,463,-1
3175,chr5,86644820,86645160,86617696,86618046,EH38E2388488,EH38E3647375,86644000,86645000,86618000,86619000,6,-1
3176,chr5,86645902,86646218,86617696,86618046,EH38E3647385,EH38E3647375,86645000,86646000,86618000,86619000,10,-1
3177,chr5,87267397,87267563,86617696,86618046,EH38E3647542,EH38E3647375,87267000,87268000,86618000,86619000,1,-1
3178,chr5,86618077,86618280,87267581,87267931,EH38E3647376,EH38E2388720,86618000,86619000,87267000,87268000,1,-1
3179,chr5,86618301,86618458,87267581,87267931,EH38E3647377,EH38E2388720,86618000,86619000,87267000,87268000,1,-1
3180,chr5,86644820,86645160,87267581,87267931,EH38E2388488,EH38E2388720,86644000,86645000,87267000,87268000,1,-1
3181,chr5,87267397,87267563,87267581,87267931,EH38E3647542,EH38E2388720,87267000,87268000,87267000,87268000,234,-1
3182,chr5,87268059,87268370,87267581,87267931,EH38E3647543,EH38E2388720,87268000,87269000,87267000,87268000,282,-1
3183,chr5,84383813,84384088,87268666,87269010,EH38E3647147,EH38E3647545,84383000,84384000,87268000,87269000,1,-1
3184,chr5,84599982,84600310,87268666,87269010,EH38E2388231,EH38E3647545,84600000,84601000,87268000,87269000,1,-1
3185,chr5,86644820,86645160,87268666,87269010,EH38E2388488,EH38E3647545,86644000,86645000,87268000,87269000,1,-1
3186,chr5,87267397,87267563,87268666,87269010,EH38E3647542,EH38E3647545,87267000,87268000,87268000,87269000,282,-1
3187,chr5,87268059,87268370,87268666,87269010,EH38E3647543,EH38E3647545,87268000,87269000,87268000,87269000,907,-1
3188,chr5,88256909,88257204,87268666,87269010,EH38E2389083,EH38E3647545,88256000,88257000,87268000,87269000,1,-1
3189,chr5,88268372,88268559,87268666,87269010,EH38E3647750,EH38E3647545,88268000,88269000,87268000,87269000,2,-1
3190,chr5,86618077,86618280,87268666,87269010,EH38E3647376,EH38E3647545,86618000,86619000,87269000,87270000,1,-1
3191,chr5,86618301,86618458,87268666,87269010,EH38E3647377,EH38E3647545,86618000,86619000,87269000,87270000,1,-1
3192,chr5,86644820,86645160,87412813,87413163,EH38E2388488,EH38E3647599,86644000,86645000,87412000,87413000,1,-1
3193,chr5,87267397,87267563,87412813,87413163,EH38E3647542,EH38E3647599,87267000,87268000,87412000,87413000,1,-1
3194,chr5,87268059,87268370,87412813,87413163,EH38E3647543,EH38E3647599,87268000,87269000,87412000,87413000,7,-1
3195,chr5,88388431,88388775,87412813,87413163,EH38E2389110,EH38E3647599,88388000,88389000,87412000,87413000,2,-1
3196,chr5,90208314,90208626,87412813,87413163,EH38E2390024,EH38E3647599,90208000,90209000,87412000,87413000,1,-1
3197,chr5,90409253,90409596,87412813,87413163,EH38E3648371,EH38E3647599,90409000,90410000,87412000,87413000,1,-1
3198,chr5,84599982,84600310,87412813,87413163,EH38E2388231,EH38E3647599,84600000,84601000,87413000,87414000,1,-1
3199,chr5,87268059,87268370,88268582,88268758,EH38E3647543,EH38E2389088,87268000,87269000,88268000,88269000,2,-1
3200,chr5,88256909,88257204,88268582,88268758,EH38E2389083,EH38E2389088,88256000,88257000,88268000,88269000,6,-1
3201,chr5,88268372,88268559,88268582,88268758,EH38E3647750,EH38E2389088,88268000,88269000,88268000,88269000,525,-1
3202,chr5,88388431,88388775,88268582,88268758,EH38E2389110,EH38E2389088,88388000,88389000,88268000,88269000,2,-1
3203,chr5,90474997,90475208,88268582,88268758,EH38E2390124,EH38E2389088,90474000,90475000,88268000,88269000,1,-1
3204,chr5,90529880,90530051,88268582,88268758,EH38E3648406,EH38E2389088,90529000,90530000,88268000,88269000,1,-1
3205,chr5,87268059,87268370,88268804,88269153,EH38E3647543,EH38E3647751,87268000,87269000,88268000,88269000,2,-1
3206,chr5,88256909,88257204,88268804,88269153,EH38E2389083,EH38E3647751,88256000,88257000,88268000,88269000,6,-1
3207,chr5,88268372,88268559,88268804,88269153,EH38E3647750,EH38E3647751,88268000,88269000,88268000,88269000,525,-1
3208,chr5,88388431,88388775,88268804,88269153,EH38E2389110,EH38E3647751,88388000,88389000,88268000,88269000,2,-1
3209,chr5,90474997,90475208,88268804,88269153,EH38E2390124,EH38E3647751,90474000,90475000,88268000,88269000,1,-1
3210,chr5,90529880,90530051,88268804,88269153,EH38E3648406,EH38E3647751,90529000,90530000,88268000,88269000,1,-1
3211,chr5,88256909,88257204,88666794,88667094,EH38E2389083,EH38E2389265,88256000,88257000,88667000,88668000,3,-1
3212,chr5,88268372,88268559,88666794,88667094,EH38E3647750,EH38E2389265,88268000,88269000,88667000,88668000,5,-1
3213,chr5,88388431,88388775,88666794,88667094,EH38E2389110,EH38E2389265,88388000,88389000,88667000,88668000,2,-1
3214,chr5,90409253,90409596,88666794,88667094,EH38E3648371,EH38E2389265,90409000,90410000,88667000,88668000,1,-1
3215,chr5,90529880,90530051,88666794,88667094,EH38E3648406,EH38E2389265,90530000,90531000,88667000,88668000,1,-1
3216,chr5,90530097,90530447,88666794,88667094,EH38E2390157,EH38E2389265,90530000,90531000,88667000,88668000,1,-1
3217,chr5,91380890,91381239,88666794,88667094,EH38E3648776,EH38E2389265,91381000,91382000,88667000,88668000,1,-1
3218,chr5,91381682,91382032,88666794,88667094,EH38E3648777,EH38E2389265,91381000,91382000,88667000,88668000,1,-1
3219,chr5,87267397,87267563,88675805,88676124,EH38E3647542,EH38E3647856,87267000,87268000,88675000,88676000,1,-1
3220,chr5,87268059,87268370,88675805,88676124,EH38E3647543,EH38E3647856,87268000,87269000,88675000,88676000,2,-1
3221,chr5,88256909,88257204,88675805,88676124,EH38E2389083,EH38E3647856,88256000,88257000,88675000,88676000,3,-1
3222,chr5,88268372,88268559,88675805,88676124,EH38E3647750,EH38E3647856,88268000,88269000,88675000,88676000,9,-1
3223,chr5,88388431,88388775,88675805,88676124,EH38E2389110,EH38E3647856,88388000,88389000,88675000,88676000,3,-1
3224,chr5,90409253,90409596,88675805,88676124,EH38E3648371,EH38E3647856,90409000,90410000,88675000,88676000,1,-1
3225,chr5,90474997,90475208,88675805,88676124,EH38E2390124,EH38E3647856,90474000,90475000,88676000,88677000,1,-1
3226,chr5,88256909,88257204,88676127,88676313,EH38E2389083,EH38E3647857,88256000,88257000,88676000,88677000,1,-1
3227,chr5,88268372,88268559,88676127,88676313,EH38E3647750,EH38E3647857,88268000,88269000,88676000,88677000,2,-1
3228,chr5,88388431,88388775,88676127,88676313,EH38E2389110,EH38E3647857,88388000,88389000,88676000,88677000,2,-1
3229,chr5,90474997,90475208,88676127,88676313,EH38E2390124,EH38E3647857,90474000,90475000,88676000,88677000,1,-1
3230,chr5,86645902,86646218,88684530,88684727,EH38E3647385,EH38E3647869,86646000,86647000,88684000,88685000,1,-1
3231,chr5,87268059,87268370,88684530,88684727,EH38E3647543,EH38E3647869,87268000,87269000,88684000,88685000,1,-1
3232,chr5,88256909,88257204,88684530,88684727,EH38E2389083,EH38E3647869,88256000,88257000,88684000,88685000,2,-1
3233,chr5,88268372,88268559,88684530,88684727,EH38E3647750,EH38E3647869,88268000,88269000,88684000,88685000,2,-1
3234,chr5,88388431,88388775,88684530,88684727,EH38E2389110,EH38E3647869,88388000,88389000,88684000,88685000,2,-1
3235,chr5,91381682,91382032,88684530,88684727,EH38E3648777,EH38E3647869,91382000,91383000,88684000,88685000,1,-1
3236,chr5,86645902,86646218,88684770,88685120,EH38E3647385,EH38E2389312,86646000,86647000,88684000,88685000,1,-1
3237,chr5,87268059,87268370,88684770,88685120,EH38E3647543,EH38E2389312,87268000,87269000,88684000,88685000,1,-1
3238,chr5,88256909,88257204,88684770,88685120,EH38E2389083,EH38E2389312,88256000,88257000,88684000,88685000,2,-1
3239,chr5,88388431,88388775,88684770,88685120,EH38E2389110,EH38E2389312,88388000,88389000,88684000,88685000,2,-1
3240,chr5,91381682,91382032,88684770,88685120,EH38E3648777,EH38E2389312,91382000,91383000,88684000,88685000,1,-1
3241,chr5,87267397,87267563,88684770,88685120,EH38E3647542,EH38E2389312,87267000,87268000,88685000,88686000,1,-1
3242,chr5,88268372,88268559,88684770,88685120,EH38E3647750,EH38E2389312,88268000,88269000,88685000,88686000,3,-1
3243,chr5,90558913,90559091,88684770,88685120,EH38E3648413,EH38E2389312,90558000,90559000,88685000,88686000,2,-1
3244,chr5,87268059,87268370,88883071,88883420,EH38E3647543,EH38E2389508,87268000,87269000,88883000,88884000,1,-1
3245,chr5,88388431,88388775,88883071,88883420,EH38E2389110,EH38E2389508,88388000,88389000,88883000,88884000,1,-1
3246,chr5,90929454,90929781,88883071,88883420,EH38E3648512,EH38E2389508,90929000,90930000,88883000,88884000,1,-1
3247,chr5,87268059,87268370,88883425,88883598,EH38E3647543,EH38E3647990,87268000,87269000,88883000,88884000,1,-1
3248,chr5,88388431,88388775,88883425,88883598,EH38E2389110,EH38E3647990,88388000,88389000,88883000,88884000,1,-1
3249,chr5,90929454,90929781,88883425,88883598,EH38E3648512,EH38E3647990,90929000,90930000,88883000,88884000,1,-1
3250,chr5,87267397,87267563,88889305,88889646,EH38E3647542,EH38E3647998,87267000,87268000,88889000,88890000,1,-1
3251,chr5,89703897,89704227,88889305,88889646,EH38E2389847,EH38E3647998,89704000,89705000,88889000,88890000,1,-1
3252,chr5,90208314,90208626,88889305,88889646,EH38E2390024,EH38E3647998,90208000,90209000,88889000,88890000,2,-1
3253,chr5,90474997,90475208,88889305,88889646,EH38E2390124,EH38E3647998,90474000,90475000,88889000,88890000,1,-1
3254,chr5,90558913,90559091,88889305,88889646,EH38E3648413,EH38E3647998,90558000,90559000,88889000,88890000,1,-1
3255,chr5,89703897,89704227,90409730,90410080,EH38E2389847,EH38E3648372,89703000,89704000,90409000,90410000,1,-1
3256,chr5,90409253,90409596,90409730,90410080,EH38E3648371,EH38E3648372,90409000,90410000,90409000,90410000,310,-1
3257,chr5,90474997,90475208,90409730,90410080,EH38E2390124,EH38E3648372,90474000,90475000,90409000,90410000,3,-1
3258,chr5,90477066,90477406,90409730,90410080,EH38E2390129,EH38E3648372,90477000,90478000,90409000,90410000,1,-1
3259,chr5,90529880,90530051,90409730,90410080,EH38E3648406,EH38E3648372,90529000,90530000,90409000,90410000,5,-1
3260,chr5,90530097,90530447,90409730,90410080,EH38E2390157,EH38E3648372,90530000,90531000,90409000,90410000,6,-1
3261,chr5,90558913,90559091,90409730,90410080,EH38E3648413,EH38E3648372,90558000,90559000,90409000,90410000,5,-1
3262,chr5,90559100,90559349,90409730,90410080,EH38E2390179,EH38E3648372,90559000,90560000,90409000,90410000,1,-1
3263,chr5,90940607,90940955,90409730,90410080,EH38E3648514,EH38E3648372,90940000,90941000,90409000,90410000,1,-1
3264,chr5,91383663,91383864,90409730,90410080,EH38E3648779,EH38E3648372,91383000,91384000,90409000,90410000,1,-1
3265,chr5,90208314,90208626,90409730,90410080,EH38E2390024,EH38E3648372,90208000,90209000,90410000,90411000,1,-1
3266,chr5,88268372,88268559,90474288,90474577,EH38E3647750,EH38E3648386,88268000,88269000,90474000,90475000,1,-1
3267,chr5,90409253,90409596,90474288,90474577,EH38E3648371,EH38E3648386,90409000,90410000,90474000,90475000,3,-1
3268,chr5,90474997,90475208,90474288,90474577,EH38E2390124,EH38E3648386,90474000,90475000,90474000,90475000,631,-1
3269,chr5,90477066,90477406,90474288,90474577,EH38E2390129,EH38E3648386,90477000,90478000,90474000,90475000,57,-1
3270,chr5,90529880,90530051,90474288,90474577,EH38E3648406,EH38E3648386,90529000,90530000,90474000,90475000,10,-1
3271,chr5,90530097,90530447,90474288,90474577,EH38E2390157,EH38E3648386,90530000,90531000,90474000,90475000,9,-1
3272,chr5,90558913,90559091,90474288,90474577,EH38E3648413,EH38E3648386,90558000,90559000,90474000,90475000,5,-1
3273,chr5,90559100,90559349,90474288,90474577,EH38E2390179,EH38E3648386,90559000,90560000,90474000,90475000,5,-1
3274,chr5,90929454,90929781,90474288,90474577,EH38E3648512,EH38E3648386,90929000,90930000,90474000,90475000,1,-1
3275,chr5,91381682,91382032,90474288,90474577,EH38E3648777,EH38E3648386,91382000,91383000,90474000,90475000,2,-1
3276,chr5,88268372,88268559,90474627,90474976,EH38E3647750,EH38E3648387,88268000,88269000,90474000,90475000,1,-1
3277,chr5,90409253,90409596,90474627,90474976,EH38E3648371,EH38E3648387,90409000,90410000,90474000,90475000,3,-1
3278,chr5,90474997,90475208,90474627,90474976,EH38E2390124,EH38E3648387,90474000,90475000,90474000,90475000,631,-1
3279,chr5,90477066,90477406,90474627,90474976,EH38E2390129,EH38E3648387,90477000,90478000,90474000,90475000,57,-1
3280,chr5,90529880,90530051,90474627,90474976,EH38E3648406,EH38E3648387,90529000,90530000,90474000,90475000,10,-1
3281,chr5,90530097,90530447,90474627,90474976,EH38E2390157,EH38E3648387,90530000,90531000,90474000,90475000,9,-1
3282,chr5,90558913,90559091,90474627,90474976,EH38E3648413,EH38E3648387,90558000,90559000,90474000,90475000,5,-1
3283,chr5,90559100,90559349,90474627,90474976,EH38E2390179,EH38E3648387,90559000,90560000,90474000,90475000,5,-1
3284,chr5,90929454,90929781,90474627,90474976,EH38E3648512,EH38E3648387,90929000,90930000,90474000,90475000,1,-1
3285,chr5,91381682,91382032,90474627,90474976,EH38E3648777,EH38E3648387,91382000,91383000,90474000,90475000,2,-1
3286,chr5,88268372,88268559,90529495,90529845,EH38E3647750,EH38E3648405,88268000,88269000,90529000,90530000,1,-1
3287,chr5,89703897,89704227,90529495,90529845,EH38E2389847,EH38E3648405,89703000,89704000,90529000,90530000,1,-1
3288,chr5,90409253,90409596,90529495,90529845,EH38E3648371,EH38E3648405,90409000,90410000,90529000,90530000,5,-1
3289,chr5,90474997,90475208,90529495,90529845,EH38E2390124,EH38E3648405,90474000,90475000,90529000,90530000,10,-1
3290,chr5,90477066,90477406,90529495,90529845,EH38E2390129,EH38E3648405,90477000,90478000,90529000,90530000,4,-1
3291,chr5,90529880,90530051,90529495,90529845,EH38E3648406,EH38E3648405,90529000,90530000,90529000,90530000,391,-1
3292,chr5,90530097,90530447,90529495,90529845,EH38E2390157,EH38E3648405,90530000,90531000,90529000,90530000,221,-1
3293,chr5,90558913,90559091,90529495,90529845,EH38E3648413,EH38E3648405,90558000,90559000,90529000,90530000,13,-1
3294,chr5,90559100,90559349,90529495,90529845,EH38E2390179,EH38E3648405,90559000,90560000,90529000,90530000,2,-1
3295,chr5,91280557,91280907,90529495,90529845,EH38E3648684,EH38E3648405,91280000,91281000,90529000,90530000,2,-1
3296,chr5,91381682,91382032,90529495,90529845,EH38E3648777,EH38E3648405,91382000,91383000,90529000,90530000,1,-1
3297,chr5,90409253,90409596,90558491,90558841,EH38E3648371,EH38E2390177,90409000,90410000,90558000,90559000,5,-1
3298,chr5,90474997,90475208,90558491,90558841,EH38E2390124,EH38E2390177,90474000,90475000,90558000,90559000,5,-1
3299,chr5,90477066,90477406,90558491,90558841,EH38E2390129,EH38E2390177,90477000,90478000,90558000,90559000,3,-1
3300,chr5,90529880,90530051,90558491,90558841,EH38E3648406,EH38E2390177,90529000,90530000,90558000,90559000,13,-1
3301,chr5,90530097,90530447,90558491,90558841,EH38E2390157,EH38E2390177,90530000,90531000,90558000,90559000,10,-1
3302,chr5,90558913,90559091,90558491,90558841,EH38E3648413,EH38E2390177,90558000,90559000,90558000,90559000,203,-1
3303,chr5,90559100,90559349,90558491,90558841,EH38E2390179,EH38E2390177,90559000,90560000,90558000,90559000,82,-1
3304,chr5,91379809,91380070,90558491,90558841,EH38E2390679,EH38E2390177,91380000,91381000,90558000,90559000,1,-1
3305,chr5,91380890,91381239,90558491,90558841,EH38E3648776,EH38E2390177,91380000,91381000,90558000,90559000,1,-1
3306,chr5,91381682,91382032,90558491,90558841,EH38E3648777,EH38E2390177,91382000,91383000,90558000,90559000,1,-1
3307,chr5,90529880,90530051,91380103,91380453,EH38E3648406,EH38E3648775,90530000,90531000,91380000,91381000,1,-1
3308,chr5,90530097,90530447,91380103,91380453,EH38E2390157,EH38E3648775,90530000,90531000,91380000,91381000,1,-1
3309,chr5,90558913,90559091,91380103,91380453,EH38E3648413,EH38E3648775,90558000,90559000,91380000,91381000,1,-1
3310,chr5,90940607,90940955,91380103,91380453,EH38E3648514,EH38E3648775,90940000,90941000,91380000,91381000,2,-1
3311,chr5,91280557,91280907,91380103,91380453,EH38E3648684,EH38E3648775,91280000,91281000,91380000,91381000,9,-1
3312,chr5,91379809,91380070,91380103,91380453,EH38E2390679,EH38E3648775,91379000,91380000,91380000,91381000,96,-1
3313,chr5,91379809,91380070,91380103,91380453,EH38E2390679,EH38E3648775,91380000,91381000,91380000,91381000,481,-1
3314,chr5,91380890,91381239,91380103,91380453,EH38E3648776,EH38E3648775,91380000,91381000,91380000,91381000,481,-1
3315,chr5,91381682,91382032,91380103,91380453,EH38E3648777,EH38E3648775,91381000,91382000,91380000,91381000,141,-1
3316,chr5,91383663,91383864,91380103,91380453,EH38E3648779,EH38E3648775,91383000,91384000,91380000,91381000,54,-1
3317,chr5,90409253,90409596,91383250,91383600,EH38E3648371,EH38E2390690,90409000,90410000,91383000,91384000,1,-1
3318,chr5,90477066,90477406,91383250,91383600,EH38E2390129,EH38E2390690,90477000,90478000,91383000,91384000,1,-1
3319,chr5,90940607,90940955,91383250,91383600,EH38E3648514,EH38E2390690,90940000,90941000,91383000,91384000,2,-1
3320,chr5,91280557,91280907,91383250,91383600,EH38E3648684,EH38E2390690,91280000,91281000,91383000,91384000,11,-1
3321,chr5,91379809,91380070,91383250,91383600,EH38E2390679,EH38E2390690,91379000,91380000,91383000,91384000,12,-1
3322,chr5,91380890,91381239,91383250,91383600,EH38E3648776,EH38E2390690,91380000,91381000,91383000,91384000,54,-1
3323,chr5,91381682,91382032,91383250,91383600,EH38E3648777,EH38E2390690,91381000,91382000,91383000,91384000,60,-1
3324,chr5,91383663,91383864,91383250,91383600,EH38E3648779,EH38E2390690,91383000,91384000,91383000,91384000,166,-1
3325,chr5,93421501,93421847,91383250,91383600,EH38E3649209,EH38E2390690,93421000,93422000,91383000,91384000,1,-1
3326,chr5,93421501,93421847,93580549,93580710,EH38E3649209,EH38E3649259,93421000,93422000,93580000,93581000,1,-1
3327,chr5,94111301,94111456,93580549,93580710,EH38E2391791,EH38E3649259,94111000,94112000,93580000,93581000,1,-1
3328,chr5,95392633,95392946,93580549,93580710,EH38E2392297,EH38E3649259,95392000,95393000,93580000,93581000,1,-1
3329,chr5,95960784,95961103,93580549,93580710,EH38E2392785,EH38E3649259,95961000,95962000,93580000,93581000,1,-1
3330,chr5,95961105,95961265,93580549,93580710,EH38E3650060,EH38E3649259,95961000,95962000,93580000,93581000,1,-1
3331,chr5,95961280,95961581,93580549,93580710,EH38E3650061,EH38E3649259,95961000,95962000,93580000,93581000,1,-1
3332,chr5,93421501,93421847,93581407,93581755,EH38E3649209,EH38E3649263,93421000,93422000,93581000,93582000,2,-1
3333,chr5,93422149,93422498,93581407,93581755,EH38E2391446,EH38E3649263,93422000,93423000,93581000,93582000,2,-1
3334,chr5,94361907,94362196,93581407,93581755,EH38E2391884,EH38E3649263,94362000,94363000,93581000,93582000,1,-1
3335,chr5,94362292,94362629,93581407,93581755,EH38E3649466,EH38E3649263,94362000,94363000,93581000,93582000,1,-1
3336,chr5,90929454,90929781,93582862,93583210,EH38E3648512,EH38E3649265,90929000,90930000,93582000,93583000,1,-1
3337,chr5,93421501,93421847,93582862,93583210,EH38E3649209,EH38E3649265,93421000,93422000,93582000,93583000,1,-1
3338,chr5,93422149,93422498,93582862,93583210,EH38E2391446,EH38E3649265,93422000,93423000,93582000,93583000,1,-1
3339,chr5,94361907,94362196,93582862,93583210,EH38E2391884,EH38E3649265,94362000,94363000,93583000,93584000,1,-1
3340,chr5,94362292,94362629,93582862,93583210,EH38E3649466,EH38E3649265,94362000,94363000,93583000,93584000,1,-1
3341,chr5,93422149,93422498,93620509,93620856,EH38E2391446,EH38E2391618,93422000,93423000,93620000,93621000,1,-1
3342,chr5,94361907,94362196,93620509,93620856,EH38E2391884,EH38E2391618,94362000,94363000,93620000,93621000,1,-1
3343,chr5,94362292,94362629,93620509,93620856,EH38E3649466,EH38E2391618,94362000,94363000,93620000,93621000,1,-1
3344,chr5,95962243,95962407,93620509,93620856,EH38E3650064,EH38E2391618,95962000,95963000,93620000,93621000,1,-1
3345,chr5,95962770,95963117,93620509,93620856,EH38E2392791,EH38E2391618,95962000,95963000,93620000,93621000,1,-1
3346,chr5,93422149,93422498,93620891,93621085,EH38E2391446,EH38E3649314,93422000,93423000,93620000,93621000,1,-1
3347,chr5,94361907,94362196,93620891,93621085,EH38E2391884,EH38E3649314,94362000,94363000,93620000,93621000,1,-1
3348,chr5,94362292,94362629,93620891,93621085,EH38E3649466,EH38E3649314,94362000,94363000,93620000,93621000,1,-1
3349,chr5,95962243,95962407,93620891,93621085,EH38E3650064,EH38E3649314,95962000,95963000,93620000,93621000,1,-1
3350,chr5,95962770,95963117,93620891,93621085,EH38E2392791,EH38E3649314,95962000,95963000,93620000,93621000,1,-1
3351,chr5,91379809,91380070,93620891,93621085,EH38E2390679,EH38E3649314,91380000,91381000,93621000,93622000,1,-1
3352,chr5,91380890,91381239,93620891,93621085,EH38E3648776,EH38E3649314,91380000,91381000,93621000,93622000,1,-1
3353,chr5,93421501,93421847,93620891,93621085,EH38E3649209,EH38E3649314,93421000,93422000,93621000,93622000,1,-1
3354,chr5,94111301,94111456,93620891,93621085,EH38E2391791,EH38E3649314,94111000,94112000,93621000,93622000,3,-1
3355,chr5,93422149,93422498,94111498,94111847,EH38E2391446,EH38E2391792,93422000,93423000,94111000,94112000,1,-1
3356,chr5,94111301,94111456,94111498,94111847,EH38E2391791,EH38E2391792,94111000,94112000,94111000,94112000,247,-1
3357,chr5,94355088,94355402,94111498,94111847,EH38E2391878,EH38E2391792,94355000,94356000,94111000,94112000,1,-1
3358,chr5,96083344,96083518,94111498,94111847,EH38E3650130,EH38E2391792,96083000,96084000,94111000,94112000,1,-1
3359,chr5,96083566,96083914,94111498,94111847,EH38E2392881,EH38E2391792,96083000,96084000,94111000,94112000,1,-1
3360,chr5,94111301,94111456,94618015,94618364,EH38E2391791,EH38E3649526,94111000,94112000,94618000,94619000,4,-1
3361,chr5,94355088,94355402,94618015,94618364,EH38E2391878,EH38E3649526,94355000,94356000,94618000,94619000,3,-1
3362,chr5,95392633,95392946,94618015,94618364,EH38E2392297,EH38E3649526,95392000,95393000,94618000,94619000,1,-1
3363,chr5,96935074,96935423,94618015,94618364,EH38E2393528,EH38E3649526,96935000,96936000,94618000,94619000,1,-1
3364,chr5,96935486,96935658,94618015,94618364,EH38E3650532,EH38E3649526,96935000,96936000,94618000,94619000,1,-1
3365,chr5,94111301,94111456,94618459,94618806,EH38E2391791,EH38E3649527,94111000,94112000,94618000,94619000,4,-1
3366,chr5,94355088,94355402,94618459,94618806,EH38E2391878,EH38E3649527,94355000,94356000,94618000,94619000,3,-1
3367,chr5,95392633,95392946,94618459,94618806,EH38E2392297,EH38E3649527,95392000,95393000,94618000,94619000,1,-1
3368,chr5,96935074,96935423,94618459,94618806,EH38E2393528,EH38E3649527,96935000,96936000,94618000,94619000,1,-1
3369,chr5,96935486,96935658,94618459,94618806,EH38E3650532,EH38E3649527,96935000,96936000,94618000,94619000,1,-1
3370,chr5,95554476,95554677,95554687,95554895,EH38E2392363,EH38E3649759,95554000,95555000,95554000,95555000,240,-1
3371,chr5,95960784,95961103,95554687,95554895,EH38E2392785,EH38E3649759,95960000,95961000,95554000,95555000,1,-1
3372,chr5,96083344,96083518,95554687,95554895,EH38E3650130,EH38E3649759,96083000,96084000,95554000,95555000,1,-1
3373,chr5,96083566,96083914,95554687,95554895,EH38E2392881,EH38E3649759,96083000,96084000,95554000,95555000,1,-1
3374,chr5,95554476,95554677,95554896,95555245,EH38E2392363,EH38E3649760,95554000,95555000,95554000,95555000,240,-1
3375,chr5,95960784,95961103,95554896,95555245,EH38E2392785,EH38E3649760,95960000,95961000,95554000,95555000,1,-1
3376,chr5,96083344,96083518,95554896,95555245,EH38E3650130,EH38E3649760,96083000,96084000,95554000,95555000,1,-1
3377,chr5,96083566,96083914,95554896,95555245,EH38E2392881,EH38E3649760,96083000,96084000,95554000,95555000,1,-1
3378,chr5,93422149,93422498,95554896,95555245,EH38E2391446,EH38E3649760,93422000,93423000,95555000,95556000,1,-1
3379,chr5,95178042,95178383,95554896,95555245,EH38E2392232,EH38E3649760,95178000,95179000,95555000,95556000,1,-1
3380,chr5,95178440,95178602,95554896,95555245,EH38E2392233,EH38E3649760,95178000,95179000,95555000,95556000,1,-1
3381,chr5,95962243,95962407,95554896,95555245,EH38E3650064,EH38E3649760,95962000,95963000,95555000,95556000,1,-1
3382,chr5,95962770,95963117,95554896,95555245,EH38E2392791,EH38E3649760,95962000,95963000,95555000,95556000,1,-1
3383,chr5,93422149,93422498,95555278,95555446,EH38E2391446,EH38E2392366,93422000,93423000,95555000,95556000,1,-1
3384,chr5,95178042,95178383,95555278,95555446,EH38E2392232,EH38E2392366,95178000,95179000,95555000,95556000,1,-1
3385,chr5,95178440,95178602,95555278,95555446,EH38E2392233,EH38E2392366,95178000,95179000,95555000,95556000,1,-1
3386,chr5,95554476,95554677,95555278,95555446,EH38E2392363,EH38E2392366,95554000,95555000,95555000,95556000,94,-1
3387,chr5,95960784,95961103,95555278,95555446,EH38E2392785,EH38E2392366,95960000,95961000,95555000,95556000,1,-1
3388,chr5,95962243,95962407,95555278,95555446,EH38E3650064,EH38E2392366,95962000,95963000,95555000,95556000,1,-1
3389,chr5,95962770,95963117,95555278,95555446,EH38E2392791,EH38E2392366,95962000,95963000,95555000,95556000,1,-1
3390,chr5,95554476,95554677,95620134,95620335,EH38E2392363,EH38E3649779,95554000,95555000,95620000,95621000,6,-1
3391,chr5,95960784,95961103,95620134,95620335,EH38E2392785,EH38E3649779,95960000,95961000,95620000,95621000,1,-1
3392,chr5,95961105,95961265,95620134,95620335,EH38E3650060,EH38E3649779,95961000,95962000,95620000,95621000,1,-1
3393,chr5,95961280,95961581,95620134,95620335,EH38E3650061,EH38E3649779,95961000,95962000,95620000,95621000,1,-1
3394,chr5,95962770,95963117,95620134,95620335,EH38E2392791,EH38E3649779,95963000,95964000,95620000,95621000,1,-1
3395,chr5,96083344,96083518,95620134,95620335,EH38E3650130,EH38E3649779,96083000,96084000,95620000,95621000,1,-1
3396,chr5,96083566,96083914,95620134,95620335,EH38E2392881,EH38E3649779,96083000,96084000,95620000,95621000,1,-1
3397,chr5,93421501,93421847,95646663,95647011,EH38E3649209,EH38E2392427,93421000,93422000,95646000,95647000,1,-1
3398,chr5,95554476,95554677,95646663,95647011,EH38E2392363,EH38E2392427,95554000,95555000,95646000,95647000,3,-1
3399,chr5,95960784,95961103,95646663,95647011,EH38E2392785,EH38E2392427,95961000,95962000,95646000,95647000,1,-1
3400,chr5,95961105,95961265,95646663,95647011,EH38E3650060,EH38E2392427,95961000,95962000,95646000,95647000,1,-1
3401,chr5,95961280,95961581,95646663,95647011,EH38E3650061,EH38E2392427,95961000,95962000,95646000,95647000,1,-1
3402,chr5,96302166,96302515,95646663,95647011,EH38E3650247,EH38E2392427,96302000,96303000,95646000,95647000,1,-1
3403,chr5,96935074,96935423,95646663,95647011,EH38E2393528,EH38E2392427,96935000,96936000,95646000,95647000,2,-1
3404,chr5,96935486,96935658,95646663,95647011,EH38E3650532,EH38E2392427,96935000,96936000,95646000,95647000,2,-1
3405,chr5,95178042,95178383,95646663,95647011,EH38E2392232,EH38E2392427,95178000,95179000,95647000,95648000,1,-1
3406,chr5,95178440,95178602,95646663,95647011,EH38E2392233,EH38E2392427,95178000,95179000,95647000,95648000,1,-1
3407,chr5,95962770,95963117,95646663,95647011,EH38E2392791,EH38E2392427,95963000,95964000,95647000,95648000,1,-1
3408,chr5,97134712,97135057,95646663,95647011,EH38E3650620,EH38E2392427,97135000,97136000,95647000,95648000,1,-1
3409,chr5,95962770,95963117,95730866,95731212,EH38E2392791,EH38E3649846,95963000,95964000,95730000,95731000,1,-1
3410,chr5,96302166,96302515,95730866,95731212,EH38E3650247,EH38E3649846,96302000,96303000,95730000,95731000,1,-1
3411,chr5,96808246,96808596,95730866,95731212,EH38E3650467,EH38E3649846,96808000,96809000,95730000,95731000,1,-1
3412,chr5,93422149,93422498,95730866,95731212,EH38E2391446,EH38E3649846,93422000,93423000,95731000,95732000,1,-1
3413,chr5,94111301,94111456,95730866,95731212,EH38E2391791,EH38E3649846,94111000,94112000,95731000,95732000,2,-1
3414,chr5,95554476,95554677,95730866,95731212,EH38E2392363,EH38E3649846,95554000,95555000,95731000,95732000,1,-1
3415,chr5,95960784,95961103,95730866,95731212,EH38E2392785,EH38E3649846,95960000,95961000,95731000,95732000,2,-1
3416,chr5,95961105,95961265,95730866,95731212,EH38E3650060,EH38E3649846,95961000,95962000,95731000,95732000,2,-1
3417,chr5,95961280,95961581,95730866,95731212,EH38E3650061,EH38E3649846,95961000,95962000,95731000,95732000,2,-1
3418,chr5,95962243,95962407,95730866,95731212,EH38E3650064,EH38E3649846,95962000,95963000,95731000,95732000,3,-1
3419,chr5,93422149,93422498,95731213,95731424,EH38E2391446,EH38E3649847,93422000,93423000,95731000,95732000,1,-1
3420,chr5,94111301,94111456,95731213,95731424,EH38E2391791,EH38E3649847,94111000,94112000,95731000,95732000,2,-1
3421,chr5,95554476,95554677,95731213,95731424,EH38E2392363,EH38E3649847,95554000,95555000,95731000,95732000,1,-1
3422,chr5,95960784,95961103,95731213,95731424,EH38E2392785,EH38E3649847,95960000,95961000,95731000,95732000,2,-1
3423,chr5,95961105,95961265,95731213,95731424,EH38E3650060,EH38E3649847,95961000,95962000,95731000,95732000,2,-1
3424,chr5,95961280,95961581,95731213,95731424,EH38E3650061,EH38E3649847,95961000,95962000,95731000,95732000,2,-1
3425,chr5,95962243,95962407,95731213,95731424,EH38E3650064,EH38E3649847,95962000,95963000,95731000,95732000,3,-1
3426,chr5,95962770,95963117,95731213,95731424,EH38E2392791,EH38E3649847,95962000,95963000,95731000,95732000,3,-1
3427,chr5,95554476,95554677,95822753,95823094,EH38E2392363,EH38E2392608,95554000,95555000,95822000,95823000,1,-1
3428,chr5,95960784,95961103,95822753,95823094,EH38E2392785,EH38E2392608,95960000,95961000,95822000,95823000,1,-1
3429,chr5,95962770,95963117,95822753,95823094,EH38E2392791,EH38E2392608,95963000,95964000,95822000,95823000,1,-1
3430,chr5,96083344,96083518,95822753,95823094,EH38E3650130,EH38E2392608,96083000,96084000,95822000,95823000,1,-1
3431,chr5,96083566,96083914,95822753,95823094,EH38E2392881,EH38E2392608,96083000,96084000,95822000,95823000,1,-1
3432,chr5,94111301,94111456,95822753,95823094,EH38E2391791,EH38E2392608,94111000,94112000,95823000,95824000,1,-1
3433,chr5,94361907,94362196,95822753,95823094,EH38E2391884,EH38E2392608,94362000,94363000,95823000,95824000,1,-1
3434,chr5,94362292,94362629,95822753,95823094,EH38E3649466,EH38E2392608,94362000,94363000,95823000,95824000,1,-1
3435,chr5,95961105,95961265,95822753,95823094,EH38E3650060,EH38E2392608,95961000,95962000,95823000,95824000,3,-1
3436,chr5,95961280,95961581,95822753,95823094,EH38E3650061,EH38E2392608,95961000,95962000,95823000,95824000,3,-1
3437,chr5,95962243,95962407,95822753,95823094,EH38E3650064,EH38E2392608,95962000,95963000,95823000,95824000,2,-1
3438,chr5,96808246,96808596,95822753,95823094,EH38E3650467,EH38E2392608,96808000,96809000,95823000,95824000,1,-1
3439,chr5,96935074,96935423,95822753,95823094,EH38E2393528,EH38E2392608,96935000,96936000,95823000,95824000,1,-1
3440,chr5,96935486,96935658,95822753,95823094,EH38E3650532,EH38E2392608,96935000,96936000,95823000,95824000,1,-1
3441,chr5,95554476,95554677,95834696,95835027,EH38E2392363,EH38E3649931,95554000,95555000,95834000,95835000,2,-1
3442,chr5,95960784,95961103,95834696,95835027,EH38E2392785,EH38E3649931,95961000,95962000,95834000,95835000,1,-1
3443,chr5,95961105,95961265,95834696,95835027,EH38E3650060,EH38E3649931,95961000,95962000,95834000,95835000,1,-1
3444,chr5,95961280,95961581,95834696,95835027,EH38E3650061,EH38E3649931,95961000,95962000,95834000,95835000,1,-1
3445,chr5,95962243,95962407,95834696,95835027,EH38E3650064,EH38E3649931,95962000,95963000,95834000,95835000,1,-1
3446,chr5,95962770,95963117,95834696,95835027,EH38E2392791,EH38E3649931,95962000,95963000,95834000,95835000,1,-1
3447,chr5,95178042,95178383,95834696,95835027,EH38E2392232,EH38E3649931,95178000,95179000,95835000,95836000,1,-1
3448,chr5,95178440,95178602,95834696,95835027,EH38E2392233,EH38E3649931,95178000,95179000,95835000,95836000,1,-1
3449,chr5,96083344,96083518,95834696,95835027,EH38E3650130,EH38E3649931,96083000,96084000,95835000,95836000,1,-1
3450,chr5,96083566,96083914,95834696,95835027,EH38E2392881,EH38E3649931,96083000,96084000,95835000,95836000,1,-1
3451,chr5,96302166,96302515,95834696,95835027,EH38E3650247,EH38E3649931,96302000,96303000,95835000,95836000,1,-1
3452,chr5,96807329,96807674,95834696,95835027,EH38E3650465,EH38E3649931,96807000,96808000,95835000,95836000,2,-1
3453,chr5,95178042,95178383,95835029,95835199,EH38E2392232,EH38E3649932,95178000,95179000,95835000,95836000,1,-1
3454,chr5,95178440,95178602,95835029,95835199,EH38E2392233,EH38E3649932,95178000,95179000,95835000,95836000,1,-1
3455,chr5,95960784,95961103,95835029,95835199,EH38E2392785,EH38E3649932,95960000,95961000,95835000,95836000,2,-1
3456,chr5,95961105,95961265,95835029,95835199,EH38E3650060,EH38E3649932,95961000,95962000,95835000,95836000,1,-1
3457,chr5,95961280,95961581,95835029,95835199,EH38E3650061,EH38E3649932,95961000,95962000,95835000,95836000,1,-1
3458,chr5,95962243,95962407,95835029,95835199,EH38E3650064,EH38E3649932,95962000,95963000,95835000,95836000,1,-1
3459,chr5,95962770,95963117,95835029,95835199,EH38E2392791,EH38E3649932,95962000,95963000,95835000,95836000,1,-1
3460,chr5,96083344,96083518,95835029,95835199,EH38E3650130,EH38E3649932,96083000,96084000,95835000,95836000,1,-1
3461,chr5,96083566,96083914,95835029,95835199,EH38E2392881,EH38E3649932,96083000,96084000,95835000,95836000,1,-1
3462,chr5,96302166,96302515,95835029,95835199,EH38E3650247,EH38E3649932,96302000,96303000,95835000,95836000,1,-1
3463,chr5,96807329,96807674,95835029,95835199,EH38E3650465,EH38E3649932,96807000,96808000,95835000,95836000,2,-1
3464,chr5,95960784,95961103,95961596,95961755,EH38E2392785,EH38E3650062,95960000,95961000,95961000,95962000,436,-1
3465,chr5,95960784,95961103,95961596,95961755,EH38E2392785,EH38E3650062,95961000,95962000,95961000,95962000,330,-1
3466,chr5,95961105,95961265,95961596,95961755,EH38E3650060,EH38E3650062,95961000,95962000,95961000,95962000,330,-1
3467,chr5,95961280,95961581,95961596,95961755,EH38E3650061,EH38E3650062,95961000,95962000,95961000,95962000,330,-1
3468,chr5,95962243,95962407,95961596,95961755,EH38E3650064,EH38E3650062,95962000,95963000,95961000,95962000,83,-1
3469,chr5,95962770,95963117,95961596,95961755,EH38E2392791,EH38E3650062,95962000,95963000,95961000,95962000,83,-1
3470,chr5,96083344,96083518,95961596,95961755,EH38E3650130,EH38E3650062,96083000,96084000,95961000,95962000,3,-1
3471,chr5,96083566,96083914,95961596,95961755,EH38E2392881,EH38E3650062,96083000,96084000,95961000,95962000,3,-1
3472,chr5,96302166,96302515,95961596,95961755,EH38E3650247,EH38E3650062,96302000,96303000,95961000,95962000,2,-1
3473,chr5,96807329,96807674,95961596,95961755,EH38E3650465,EH38E3650062,96807000,96808000,95961000,95962000,1,-1
3474,chr5,96808246,96808596,95961596,95961755,EH38E3650467,EH38E3650062,96808000,96809000,95961000,95962000,1,-1
3475,chr5,98773942,98774163,95961596,95961755,EH38E3650966,EH38E3650062,98774000,98775000,95961000,95962000,1,-1
3476,chr5,95960784,95961103,95961837,95962183,EH38E2392785,EH38E3650063,95960000,95961000,95961000,95962000,436,-1
3477,chr5,95960784,95961103,95961837,95962183,EH38E2392785,EH38E3650063,95961000,95962000,95961000,95962000,330,-1
3478,chr5,95961105,95961265,95961837,95962183,EH38E3650060,EH38E3650063,95961000,95962000,95961000,95962000,330,-1
3479,chr5,95961280,95961581,95961837,95962183,EH38E3650061,EH38E3650063,95961000,95962000,95961000,95962000,330,-1
3480,chr5,96083344,96083518,95961837,95962183,EH38E3650130,EH38E3650063,96083000,96084000,95961000,95962000,3,-1
3481,chr5,96083566,96083914,95961837,95962183,EH38E2392881,EH38E3650063,96083000,96084000,95961000,95962000,3,-1
3482,chr5,96302166,96302515,95961837,95962183,EH38E3650247,EH38E3650063,96302000,96303000,95961000,95962000,2,-1
3483,chr5,96807329,96807674,95961837,95962183,EH38E3650465,EH38E3650063,96807000,96808000,95961000,95962000,1,-1
3484,chr5,96808246,96808596,95961837,95962183,EH38E3650467,EH38E3650063,96808000,96809000,95961000,95962000,1,-1
3485,chr5,98773942,98774163,95961837,95962183,EH38E3650966,EH38E3650063,98774000,98775000,95961000,95962000,1,-1
3486,chr5,95962243,95962407,95961837,95962183,EH38E3650064,EH38E3650063,95962000,95963000,95962000,95963000,232,-1
3487,chr5,95962770,95963117,95961837,95962183,EH38E2392791,EH38E3650063,95962000,95963000,95962000,95963000,232,-1
3488,chr5,94361907,94362196,96432206,96432512,EH38E2391884,EH38E2393132,94361000,94362000,96432000,96433000,1,-1
3489,chr5,95554476,95554677,96432206,96432512,EH38E2392363,EH38E2393132,95554000,95555000,96432000,96433000,1,-1
3490,chr5,95960784,95961103,96432206,96432512,EH38E2392785,EH38E2393132,95960000,95961000,96432000,96433000,3,-1
3491,chr5,95961105,95961265,96432206,96432512,EH38E3650060,EH38E2393132,95961000,95962000,96432000,96433000,2,-1
3492,chr5,95961280,95961581,96432206,96432512,EH38E3650061,EH38E2393132,95961000,95962000,96432000,96433000,2,-1
3493,chr5,95962243,95962407,96432206,96432512,EH38E3650064,EH38E2393132,95962000,95963000,96432000,96433000,7,-1
3494,chr5,95962770,95963117,96432206,96432512,EH38E2392791,EH38E2393132,95962000,95963000,96432000,96433000,7,-1
3495,chr5,96302166,96302515,96432206,96432512,EH38E3650247,EH38E2393132,96302000,96303000,96432000,96433000,1,-1
3496,chr5,96807329,96807674,96432206,96432512,EH38E3650465,EH38E2393132,96807000,96808000,96432000,96433000,2,-1
3497,chr5,96808246,96808596,96432206,96432512,EH38E3650467,EH38E2393132,96808000,96809000,96432000,96433000,2,-1
3498,chr5,96935074,96935423,96432206,96432512,EH38E2393528,EH38E2393132,96935000,96936000,96432000,96433000,1,-1
3499,chr5,96935486,96935658,96432206,96432512,EH38E3650532,EH38E2393132,96935000,96936000,96432000,96433000,1,-1
3500,chr5,97134712,97135057,96432206,96432512,EH38E3650620,EH38E2393132,97135000,97136000,96432000,96433000,2,-1
3501,chr5,95554476,95554677,96433089,96433432,EH38E2392363,EH38E3650295,95554000,95555000,96433000,96434000,1,-1
3502,chr5,95960784,95961103,96433089,96433432,EH38E2392785,EH38E3650295,95960000,95961000,96433000,96434000,1,-1
3503,chr5,95961105,95961265,96433089,96433432,EH38E3650060,EH38E3650295,95961000,95962000,96433000,96434000,1,-1
3504,chr5,95961280,95961581,96433089,96433432,EH38E3650061,EH38E3650295,95961000,95962000,96433000,96434000,1,-1
3505,chr5,95962770,95963117,96433089,96433432,EH38E2392791,EH38E3650295,95963000,95964000,96433000,96434000,1,-1
3506,chr5,96935074,96935423,96433089,96433432,EH38E2393528,EH38E3650295,96935000,96936000,96433000,96434000,1,-1
3507,chr5,96935486,96935658,96433089,96433432,EH38E3650532,EH38E3650295,96935000,96936000,96433000,96434000,1,-1
3508,chr5,95960784,95961103,96661963,96662311,EH38E2392785,EH38E3650382,95961000,95962000,96661000,96662000,1,-1
3509,chr5,95961105,95961265,96661963,96662311,EH38E3650060,EH38E3650382,95961000,95962000,96661000,96662000,1,-1
3510,chr5,95961280,95961581,96661963,96662311,EH38E3650061,EH38E3650382,95961000,95962000,96661000,96662000,1,-1
3511,chr5,96807329,96807674,96661963,96662311,EH38E3650465,EH38E3650382,96807000,96808000,96661000,96662000,1,-1
3512,chr5,96808246,96808596,96661963,96662311,EH38E3650467,EH38E3650382,96808000,96809000,96661000,96662000,5,-1
3513,chr5,95554476,95554677,96661963,96662311,EH38E2392363,EH38E3650382,95554000,95555000,96662000,96663000,1,-1
3514,chr5,95962243,95962407,96661963,96662311,EH38E3650064,EH38E3650382,95962000,95963000,96662000,96663000,1,-1
3515,chr5,95962770,95963117,96661963,96662311,EH38E2392791,EH38E3650382,95962000,95963000,96662000,96663000,1,-1
3516,chr5,96935074,96935423,96661963,96662311,EH38E2393528,EH38E3650382,96935000,96936000,96662000,96663000,4,-1
3517,chr5,96935486,96935658,96661963,96662311,EH38E3650532,EH38E3650382,96935000,96936000,96662000,96663000,4,-1
3518,chr5,95554476,95554677,96662804,96663154,EH38E2392363,EH38E3650384,95554000,95555000,96662000,96663000,1,-1
3519,chr5,95962243,95962407,96662804,96663154,EH38E3650064,EH38E3650384,95962000,95963000,96662000,96663000,1,-1
3520,chr5,95962770,95963117,96662804,96663154,EH38E2392791,EH38E3650384,95962000,95963000,96662000,96663000,1,-1
3521,chr5,96935074,96935423,96662804,96663154,EH38E2393528,EH38E3650384,96935000,96936000,96662000,96663000,4,-1
3522,chr5,96935486,96935658,96662804,96663154,EH38E3650532,EH38E3650384,96935000,96936000,96662000,96663000,4,-1
3523,chr5,95960784,95961103,96662804,96663154,EH38E2392785,EH38E3650384,95960000,95961000,96663000,96664000,1,-1
3524,chr5,95961105,95961265,96662804,96663154,EH38E3650060,EH38E3650384,95961000,95962000,96663000,96664000,1,-1
3525,chr5,95961280,95961581,96662804,96663154,EH38E3650061,EH38E3650384,95961000,95962000,96663000,96664000,1,-1
3526,chr5,96302166,96302515,96662804,96663154,EH38E3650247,EH38E3650384,96302000,96303000,96663000,96664000,1,-1
3527,chr5,96807329,96807674,96662804,96663154,EH38E3650465,EH38E3650384,96807000,96808000,96663000,96664000,4,-1
3528,chr5,96808246,96808596,96662804,96663154,EH38E3650467,EH38E3650384,96808000,96809000,96663000,96664000,4,-1
3529,chr5,97134712,97135057,96662804,96663154,EH38E3650620,EH38E3650384,97135000,97136000,96663000,96664000,1,-1
3530,chr5,98928007,98928269,96662804,96663154,EH38E3651032,EH38E3650384,98928000,98929000,96663000,96664000,1,-1
3531,chr5,98928593,98928803,96662804,96663154,EH38E3651034,EH38E3650384,98928000,98929000,96663000,96664000,1,-1
3532,chr5,95554476,95554677,96702527,96702877,EH38E2392363,EH38E3650407,95554000,95555000,96702000,96703000,1,-1
3533,chr5,95960784,95961103,96702527,96702877,EH38E2392785,EH38E3650407,95961000,95962000,96702000,96703000,1,-1
3534,chr5,95961105,95961265,96702527,96702877,EH38E3650060,EH38E3650407,95961000,95962000,96702000,96703000,1,-1
3535,chr5,95961280,95961581,96702527,96702877,EH38E3650061,EH38E3650407,95961000,95962000,96702000,96703000,1,-1
3536,chr5,96807329,96807674,96702527,96702877,EH38E3650465,EH38E3650407,96807000,96808000,96702000,96703000,4,-1
3537,chr5,96808246,96808596,96702527,96702877,EH38E3650467,EH38E3650407,96808000,96809000,96702000,96703000,2,-1
3538,chr5,96935074,96935423,96702527,96702877,EH38E2393528,EH38E3650407,96935000,96936000,96702000,96703000,1,-1
3539,chr5,96935486,96935658,96702527,96702877,EH38E3650532,EH38E3650407,96935000,96936000,96702000,96703000,1,-1
3540,chr5,97134712,97135057,96702527,96702877,EH38E3650620,EH38E3650407,97134000,97135000,96702000,96703000,1,-1
3541,chr5,95554476,95554677,96702986,96703139,EH38E2392363,EH38E3650408,95554000,95555000,96702000,96703000,1,-1
3542,chr5,95961105,95961265,96702986,96703139,EH38E3650060,EH38E3650408,95961000,95962000,96702000,96703000,1,-1
3543,chr5,95961280,95961581,96702986,96703139,EH38E3650061,EH38E3650408,95961000,95962000,96702000,96703000,1,-1
3544,chr5,96807329,96807674,96702986,96703139,EH38E3650465,EH38E3650408,96807000,96808000,96702000,96703000,4,-1
3545,chr5,96808246,96808596,96702986,96703139,EH38E3650467,EH38E3650408,96808000,96809000,96702000,96703000,2,-1
3546,chr5,96935074,96935423,96702986,96703139,EH38E2393528,EH38E3650408,96935000,96936000,96702000,96703000,1,-1
3547,chr5,96935486,96935658,96702986,96703139,EH38E3650532,EH38E3650408,96935000,96936000,96702000,96703000,1,-1
3548,chr5,97134712,97135057,96702986,96703139,EH38E3650620,EH38E3650408,97134000,97135000,96702000,96703000,1,-1
3549,chr5,95960784,95961103,96702986,96703139,EH38E2392785,EH38E3650408,95960000,95961000,96703000,96704000,1,-1
3550,chr5,95962243,95962407,96702986,96703139,EH38E3650064,EH38E3650408,95962000,95963000,96703000,96704000,1,-1
3551,chr5,95962770,95963117,96702986,96703139,EH38E2392791,EH38E3650408,95962000,95963000,96703000,96704000,1,-1
3552,chr5,96302166,96302515,96702986,96703139,EH38E3650247,EH38E3650408,96302000,96303000,96703000,96704000,1,-1
3553,chr5,95961105,95961265,96807792,96808137,EH38E3650060,EH38E3650466,95961000,95962000,96807000,96808000,1,-1
3554,chr5,95961280,95961581,96807792,96808137,EH38E3650061,EH38E3650466,95961000,95962000,96807000,96808000,1,-1
3555,chr5,95962770,95963117,96807792,96808137,EH38E2392791,EH38E3650466,95963000,95964000,96807000,96808000,1,-1
3556,chr5,96302166,96302515,96807792,96808137,EH38E3650247,EH38E3650466,96302000,96303000,96807000,96808000,1,-1
3557,chr5,96807329,96807674,96807792,96808137,EH38E3650465,EH38E3650466,96807000,96808000,96807000,96808000,460,-1
3558,chr5,96808246,96808596,96807792,96808137,EH38E3650467,EH38E3650466,96808000,96809000,96807000,96808000,289,-1
3559,chr5,97134712,97135057,96807792,96808137,EH38E3650620,EH38E3650466,97134000,97135000,96807000,96808000,3,-1
3560,chr5,98773942,98774163,96807792,96808137,EH38E3650966,EH38E3650466,98773000,98774000,96807000,96808000,1,-1
3561,chr5,98929493,98929843,96807792,96808137,EH38E3651036,EH38E3650466,98929000,98930000,96807000,96808000,1,-1
3562,chr5,95960784,95961103,96807792,96808137,EH38E2392785,EH38E3650466,95960000,95961000,96808000,96809000,2,-1
3563,chr5,96808246,96808596,96807792,96808137,EH38E3650467,EH38E3650466,96808000,96809000,96808000,96809000,234,-1
3564,chr5,96935074,96935423,96807792,96808137,EH38E2393528,EH38E3650466,96935000,96936000,96808000,96809000,11,-1
3565,chr5,96935486,96935658,96807792,96808137,EH38E3650532,EH38E3650466,96935000,96936000,96808000,96809000,11,-1
3566,chr5,95962243,95962407,96934817,96934981,EH38E3650064,EH38E3650531,95962000,95963000,96934000,96935000,1,-1
3567,chr5,95962770,95963117,96934817,96934981,EH38E2392791,EH38E3650531,95962000,95963000,96934000,96935000,1,-1
3568,chr5,96302166,96302515,96934817,96934981,EH38E3650247,EH38E3650531,96302000,96303000,96934000,96935000,1,-1
3569,chr5,96807329,96807674,96934817,96934981,EH38E3650465,EH38E3650531,96807000,96808000,96934000,96935000,7,-1
3570,chr5,96935074,96935423,96934817,96934981,EH38E2393528,EH38E3650531,96935000,96936000,96934000,96935000,279,-1
3571,chr5,96935486,96935658,96934817,96934981,EH38E3650532,EH38E3650531,96935000,96936000,96934000,96935000,279,-1
3572,chr5,97134712,97135057,96934817,96934981,EH38E3650620,EH38E3650531,97134000,97135000,96934000,96935000,5,-1
3573,chr5,94355088,94355402,96935807,96936149,EH38E2391878,EH38E2393530,94355000,94356000,96935000,96936000,1,-1
3574,chr5,94361907,94362196,96935807,96936149,EH38E2391884,EH38E2393530,94362000,94363000,96935000,96936000,1,-1
3575,chr5,94362292,94362629,96935807,96936149,EH38E3649466,EH38E2393530,94362000,94363000,96935000,96936000,1,-1
3576,chr5,95960784,95961103,96935807,96936149,EH38E2392785,EH38E2393530,95960000,95961000,96935000,96936000,1,-1
3577,chr5,96807329,96807674,96935807,96936149,EH38E3650465,EH38E2393530,96807000,96808000,96935000,96936000,9,-1
3578,chr5,96808246,96808596,96935807,96936149,EH38E3650467,EH38E2393530,96808000,96809000,96935000,96936000,11,-1
3579,chr5,96935074,96935423,96935807,96936149,EH38E2393528,EH38E2393530,96935000,96936000,96935000,96936000,548,-1
3580,chr5,96935486,96935658,96935807,96936149,EH38E3650532,EH38E2393530,96935000,96936000,96935000,96936000,548,-1
3581,chr5,97134712,97135057,96935807,96936149,EH38E3650620,EH38E2393530,97134000,97135000,96935000,96936000,5,-1
3582,chr5,98928007,98928269,96935807,96936149,EH38E3651032,EH38E2393530,98928000,98929000,96935000,96936000,1,-1
3583,chr5,98928593,98928803,96935807,96936149,EH38E3651034,EH38E2393530,98928000,98929000,96935000,96936000,1,-1
3584,chr5,98929493,98929843,96935807,96936149,EH38E3651036,EH38E2393530,98929000,98930000,96935000,96936000,1,-1
3585,chr5,99010352,99010699,96935807,96936149,EH38E3651065,EH38E2393530,99010000,99011000,96935000,96936000,1,-1
3586,chr5,98773942,98774163,96935807,96936149,EH38E3650966,EH38E2393530,98773000,98774000,96936000,96937000,1,-1
3587,chr5,95962770,95963117,97182998,97183151,EH38E2392791,EH38E3650640,95963000,95964000,97182000,97183000,1,-1
3588,chr5,98773942,98774163,97182998,97183151,EH38E3650966,EH38E3650640,98774000,98775000,97182000,97183000,1,-1
3589,chr5,95960784,95961103,97182998,97183151,EH38E2392785,EH38E3650640,95960000,95961000,97183000,97184000,1,-1
3590,chr5,96807329,96807674,97182998,97183151,EH38E3650465,EH38E3650640,96807000,96808000,97183000,97184000,6,-1
3591,chr5,96808246,96808596,97182998,97183151,EH38E3650467,EH38E3650640,96808000,96809000,97183000,97184000,2,-1
3592,chr5,96935074,96935423,97182998,97183151,EH38E2393528,EH38E3650640,96935000,96936000,97183000,97184000,3,-1
3593,chr5,96935486,96935658,97182998,97183151,EH38E3650532,EH38E3650640,96935000,96936000,97183000,97184000,3,-1
3594,chr5,98928007,98928269,97182998,97183151,EH38E3651032,EH38E3650640,98928000,98929000,97183000,97184000,2,-1
3595,chr5,98928593,98928803,97182998,97183151,EH38E3651034,EH38E3650640,98928000,98929000,97183000,97184000,2,-1
3596,chr5,95960784,95961103,97183258,97183604,EH38E2392785,EH38E3650641,95960000,95961000,97183000,97184000,1,-1
3597,chr5,96807329,96807674,97183258,97183604,EH38E3650465,EH38E3650641,96807000,96808000,97183000,97184000,6,-1
3598,chr5,96808246,96808596,97183258,97183604,EH38E3650467,EH38E3650641,96808000,96809000,97183000,97184000,2,-1
3599,chr5,96935074,96935423,97183258,97183604,EH38E2393528,EH38E3650641,96935000,96936000,97183000,97184000,3,-1
3600,chr5,96935486,96935658,97183258,97183604,EH38E3650532,EH38E3650641,96935000,96936000,97183000,97184000,3,-1
3601,chr5,98773942,98774163,97183258,97183604,EH38E3650966,EH38E3650641,98773000,98774000,97183000,97184000,1,-1
3602,chr5,98928007,98928269,97183258,97183604,EH38E3651032,EH38E3650641,98928000,98929000,97183000,97184000,2,-1
3603,chr5,98928593,98928803,97183258,97183604,EH38E3651034,EH38E3650641,98928000,98929000,97183000,97184000,2,-1
3604,chr5,95960784,95961103,97183615,97183962,EH38E2392785,EH38E3650642,95960000,95961000,97183000,97184000,1,-1
3605,chr5,96807329,96807674,97183615,97183962,EH38E3650465,EH38E3650642,96807000,96808000,97183000,97184000,6,-1
3606,chr5,96808246,96808596,97183615,97183962,EH38E3650467,EH38E3650642,96808000,96809000,97183000,97184000,2,-1
3607,chr5,96935074,96935423,97183615,97183962,EH38E2393528,EH38E3650642,96935000,96936000,97183000,97184000,3,-1
3608,chr5,96935486,96935658,97183615,97183962,EH38E3650532,EH38E3650642,96935000,96936000,97183000,97184000,3,-1
3609,chr5,98773942,98774163,97183615,97183962,EH38E3650966,EH38E3650642,98773000,98774000,97183000,97184000,1,-1
3610,chr5,98928007,98928269,97183615,97183962,EH38E3651032,EH38E3650642,98928000,98929000,97183000,97184000,2,-1
3611,chr5,98928593,98928803,97183615,97183962,EH38E3651034,EH38E3650642,98928000,98929000,97183000,97184000,2,-1
3612,chr5,96807329,96807674,98769068,98769413,EH38E3650465,EH38E3650959,96807000,96808000,98769000,98770000,1,-1
3613,chr5,96935074,96935423,98769068,98769413,EH38E2393528,EH38E3650959,96935000,96936000,98769000,98770000,1,-1
3614,chr5,96935486,96935658,98769068,98769413,EH38E3650532,EH38E3650959,96935000,96936000,98769000,98770000,1,-1
3615,chr5,98773942,98774163,98769068,98769413,EH38E3650966,EH38E3650959,98773000,98774000,98769000,98770000,44,-1
3616,chr5,98929493,98929843,98769068,98769413,EH38E3651036,EH38E3650959,98929000,98930000,98769000,98770000,2,-1
3617,chr5,99010352,99010699,98769068,98769413,EH38E3651065,EH38E3650959,99010000,99011000,98769000,98770000,1,-1
3618,chr5,96807329,96807674,98773106,98773270,EH38E3650465,EH38E2394164,96807000,96808000,98773000,98774000,1,-1
3619,chr5,98773942,98774163,98773106,98773270,EH38E3650966,EH38E2394164,98773000,98774000,98773000,98774000,139,-1
3620,chr5,98929493,98929843,98773106,98773270,EH38E3651036,EH38E2394164,98929000,98930000,98773000,98774000,3,-1
3621,chr5,96807329,96807674,98773356,98773705,EH38E3650465,EH38E3650964,96807000,96808000,98773000,98774000,1,-1
3622,chr5,98773942,98774163,98773356,98773705,EH38E3650966,EH38E3650964,98773000,98774000,98773000,98774000,139,-1
3623,chr5,98929493,98929843,98773356,98773705,EH38E3651036,EH38E3650964,98929000,98930000,98773000,98774000,3,-1
3624,chr5,96807329,96807674,98773749,98773929,EH38E3650465,EH38E3650965,96807000,96808000,98773000,98774000,1,-1
3625,chr5,98773942,98774163,98773749,98773929,EH38E3650966,EH38E3650965,98773000,98774000,98773000,98774000,139,-1
3626,chr5,98929493,98929843,98773749,98773929,EH38E3651036,EH38E3650965,98929000,98930000,98773000,98774000,3,-1
3627,chr5,96935074,96935423,98928878,98929220,EH38E2393528,EH38E2394258,96935000,96936000,98928000,98929000,1,-1
3628,chr5,96935486,96935658,98928878,98929220,EH38E3650532,EH38E2394258,96935000,96936000,98928000,98929000,1,-1
3629,chr5,98928007,98928269,98928878,98929220,EH38E3651032,EH38E2394258,98928000,98929000,98928000,98929000,377,-1
3630,chr5,98928593,98928803,98928878,98929220,EH38E3651034,EH38E2394258,98928000,98929000,98928000,98929000,377,-1
3631,chr5,99010352,99010699,98928878,98929220,EH38E3651065,EH38E2394258,99010000,99011000,98928000,98929000,12,-1
3632,chr5,96807329,96807674,98928878,98929220,EH38E3650465,EH38E2394258,96807000,96808000,98929000,98930000,1,-1
3633,chr5,98773942,98774163,98928878,98929220,EH38E3650966,EH38E2394258,98773000,98774000,98929000,98930000,3,-1
3634,chr5,98929493,98929843,98928878,98929220,EH38E3651036,EH38E2394258,98929000,98930000,98929000,98930000,374,-1
3635,chr5,96807329,96807674,98929231,98929471,EH38E3650465,EH38E3651035,96807000,96808000,98929000,98930000,1,-1
3636,chr5,96935074,96935423,98929231,98929471,EH38E2393528,EH38E3651035,96935000,96936000,98929000,98930000,1,-1
3637,chr5,96935486,96935658,98929231,98929471,EH38E3650532,EH38E3651035,96935000,96936000,98929000,98930000,1,-1
3638,chr5,98773942,98774163,98929231,98929471,EH38E3650966,EH38E3651035,98773000,98774000,98929000,98930000,3,-1
3639,chr5,98928007,98928269,98929231,98929471,EH38E3651032,EH38E3651035,98928000,98929000,98929000,98930000,129,-1
3640,chr5,98928593,98928803,98929231,98929471,EH38E3651034,EH38E3651035,98928000,98929000,98929000,98930000,129,-1
3641,chr5,98929493,98929843,98929231,98929471,EH38E3651036,EH38E3651035,98929000,98930000,98929000,98930000,374,-1
3642,chr5,99010352,99010699,98929231,98929471,EH38E3651065,EH38E3651035,99010000,99011000,98929000,98930000,8,-1
3643,chr5,98929493,98929843,100535132,100535481,EH38E3651036,EH38E3651228,98929000,98930000,100535000,100536000,1,-1
3644,chr5,100517364,100517705,100535132,100535481,EH38E2394523,EH38E3651228,100517000,100518000,100535000,100536000,10,-1
3645,chr5,103259818,103260024,100535132,100535481,EH38E3651825,EH38E3651228,103259000,103260000,100535000,100536000,1,-1
3646,chr5,98929493,98929843,100535488,100535638,EH38E3651036,EH38E3651229,98929000,98930000,100535000,100536000,1,-1
3647,chr5,100517364,100517705,100535488,100535638,EH38E2394523,EH38E3651229,100517000,100518000,100535000,100536000,10,-1
3648,chr5,103259818,103260024,100535488,100535638,EH38E3651825,EH38E3651229,103259000,103260000,100535000,100536000,1,-1
3649,chr5,98929493,98929843,100902942,100903110,EH38E3651036,EH38E2394720,98929000,98930000,100902000,100903000,1,-1
3650,chr5,99010352,99010699,100902942,100903110,EH38E3651065,EH38E2394720,99010000,99011000,100902000,100903000,1,-1
3651,chr5,103562926,103563139,100902942,100903110,EH38E3651956,EH38E2394720,103562000,103563000,100903000,100904000,1,-1
3652,chr5,103562926,103563139,100903175,100903525,EH38E3651956,EH38E3651367,103562000,103563000,100903000,100904000,1,-1
3653,chr5,102754718,102755026,102296271,102296618,EH38E2395094,EH38E3651552,102755000,102756000,102296000,102297000,1,-1
3654,chr5,102755071,102755414,102296271,102296618,EH38E3651639,EH38E3651552,102755000,102756000,102296000,102297000,1,-1
3655,chr5,103119811,103119980,102296271,102296618,EH38E3651779,EH38E3651552,103119000,103120000,102296000,102297000,1,-1
3656,chr5,103259818,103260024,102296271,102296618,EH38E3651825,EH38E3651552,103259000,103260000,102296000,102297000,1,-1
3657,chr5,103562926,103563139,102296271,102296618,EH38E3651956,EH38E3651552,103562000,103563000,102296000,102297000,1,-1
3658,chr5,102754466,102754707,102865628,102865975,EH38E3651638,EH38E2395186,102754000,102755000,102865000,102866000,5,-1
3659,chr5,102754718,102755026,102865628,102865975,EH38E2395094,EH38E2395186,102754000,102755000,102865000,102866000,5,-1
3660,chr5,102755071,102755414,102865628,102865975,EH38E3651639,EH38E2395186,102755000,102756000,102865000,102866000,7,-1
3661,chr5,103119811,103119980,102865628,102865975,EH38E3651779,EH38E2395186,103119000,103120000,102865000,102866000,2,-1
3662,chr5,103259818,103260024,102865628,102865975,EH38E3651825,EH38E2395186,103259000,103260000,102865000,102866000,1,-1
3663,chr5,102754466,102754707,103120045,103120395,EH38E3651638,EH38E3651780,102754000,102755000,103120000,103121000,1,-1
3664,chr5,102754718,102755026,103120045,103120395,EH38E2395094,EH38E3651780,102754000,102755000,103120000,103121000,1,-1
3665,chr5,102755071,102755414,103120045,103120395,EH38E3651639,EH38E3651780,102755000,102756000,103120000,103121000,3,-1
3666,chr5,103119811,103119980,103120045,103120395,EH38E3651779,EH38E3651780,103119000,103120000,103120000,103121000,116,-1
3667,chr5,103259818,103260024,103120045,103120395,EH38E3651825,EH38E3651780,103259000,103260000,103120000,103121000,3,-1
3668,chr5,103562926,103563139,103120045,103120395,EH38E3651956,EH38E3651780,103563000,103564000,103120000,103121000,1,-1
3669,chr5,102754466,102754707,103120415,103120577,EH38E3651638,EH38E3651781,102754000,102755000,103120000,103121000,1,-1
3670,chr5,102754718,102755026,103120415,103120577,EH38E2395094,EH38E3651781,102754000,102755000,103120000,103121000,1,-1
3671,chr5,102755071,102755414,103120415,103120577,EH38E3651639,EH38E3651781,102755000,102756000,103120000,103121000,3,-1
3672,chr5,103119811,103119980,103120415,103120577,EH38E3651779,EH38E3651781,103119000,103120000,103120000,103121000,116,-1
3673,chr5,103259818,103260024,103120415,103120577,EH38E3651825,EH38E3651781,103259000,103260000,103120000,103121000,3,-1
3674,chr5,103562926,103563139,103120415,103120577,EH38E3651956,EH38E3651781,103563000,103564000,103120000,103121000,1,-1
3675,chr5,102754718,102755026,103258449,103258799,EH38E2395094,EH38E3651820,102755000,102756000,103258000,103259000,2,-1
3676,chr5,102755071,102755414,103258449,103258799,EH38E3651639,EH38E3651820,102755000,102756000,103258000,103259000,2,-1
3677,chr5,103259818,103260024,103258449,103258799,EH38E3651825,EH38E3651820,103259000,103260000,103258000,103259000,289,-1
3678,chr5,103499241,103499518,103258449,103258799,EH38E3651941,EH38E3651820,103499000,103500000,103258000,103259000,1,-1
3679,chr5,103562926,103563139,103258449,103258799,EH38E3651956,EH38E3651820,103563000,103564000,103258000,103259000,1,-1
3680,chr5,103562926,103563139,103258871,103259036,EH38E3651956,EH38E3651821,103563000,103564000,103258000,103259000,1,-1
3681,chr5,102754466,102754707,103258871,103259036,EH38E3651638,EH38E3651821,102754000,102755000,103259000,103260000,1,-1
3682,chr5,102754718,102755026,103258871,103259036,EH38E2395094,EH38E3651821,102754000,102755000,103259000,103260000,1,-1
3683,chr5,102755071,102755414,103258871,103259036,EH38E3651639,EH38E3651821,102755000,102756000,103259000,103260000,3,-1
3684,chr5,103119811,103119980,103258871,103259036,EH38E3651779,EH38E3651821,103119000,103120000,103259000,103260000,2,-1
3685,chr5,103259818,103260024,103258871,103259036,EH38E3651825,EH38E3651821,103259000,103260000,103259000,103260000,611,-1
3686,chr5,103499241,103499518,103258871,103259036,EH38E3651941,EH38E3651821,103499000,103500000,103259000,103260000,3,-1
3687,chr5,103647208,103647548,103258871,103259036,EH38E2395625,EH38E3651821,103647000,103648000,103259000,103260000,1,-1
3688,chr5,102754466,102754707,103259061,103259214,EH38E3651638,EH38E3651822,102754000,102755000,103259000,103260000,1,-1
3689,chr5,102754718,102755026,103259061,103259214,EH38E2395094,EH38E3651822,102754000,102755000,103259000,103260000,1,-1
3690,chr5,102755071,102755414,103259061,103259214,EH38E3651639,EH38E3651822,102755000,102756000,103259000,103260000,3,-1
3691,chr5,103119811,103119980,103259061,103259214,EH38E3651779,EH38E3651822,103119000,103120000,103259000,103260000,2,-1
3692,chr5,103259818,103260024,103259061,103259214,EH38E3651825,EH38E3651822,103259000,103260000,103259000,103260000,611,-1
3693,chr5,103499241,103499518,103259061,103259214,EH38E3651941,EH38E3651822,103499000,103500000,103259000,103260000,3,-1
3694,chr5,103562926,103563139,103259061,103259214,EH38E3651956,EH38E3651822,103562000,103563000,103259000,103260000,2,-1
3695,chr5,103647208,103647548,103259061,103259214,EH38E2395625,EH38E3651822,103647000,103648000,103259000,103260000,1,-1
3696,chr5,102754466,102754707,103259229,103259579,EH38E3651638,EH38E3651823,102754000,102755000,103259000,103260000,1,-1
3697,chr5,102754718,102755026,103259229,103259579,EH38E2395094,EH38E3651823,102754000,102755000,103259000,103260000,1,-1
3698,chr5,102755071,102755414,103259229,103259579,EH38E3651639,EH38E3651823,102755000,102756000,103259000,103260000,3,-1
3699,chr5,103119811,103119980,103259229,103259579,EH38E3651779,EH38E3651823,103119000,103120000,103259000,103260000,2,-1
3700,chr5,103259818,103260024,103259229,103259579,EH38E3651825,EH38E3651823,103259000,103260000,103259000,103260000,611,-1
3701,chr5,103499241,103499518,103259229,103259579,EH38E3651941,EH38E3651823,103499000,103500000,103259000,103260000,3,-1
3702,chr5,103562926,103563139,103259229,103259579,EH38E3651956,EH38E3651823,103562000,103563000,103259000,103260000,2,-1
3703,chr5,103647208,103647548,103259229,103259579,EH38E2395625,EH38E3651823,103647000,103648000,103259000,103260000,1,-1
3704,chr5,103259818,103260024,103562483,103562700,EH38E3651825,EH38E3651954,103259000,103260000,103562000,103563000,2,-1
3705,chr5,103499241,103499518,103562483,103562700,EH38E3651941,EH38E3651954,103499000,103500000,103562000,103563000,1,-1
3706,chr5,103562926,103563139,103562483,103562700,EH38E3651956,EH38E3651954,103562000,103563000,103562000,103563000,200,-1
3707,chr5,103259818,103260024,103562702,103562853,EH38E3651825,EH38E3651955,103259000,103260000,103562000,103563000,2,-1
3708,chr5,103499241,103499518,103562702,103562853,EH38E3651941,EH38E3651955,103499000,103500000,103562000,103563000,1,-1
3709,chr5,103562926,103563139,103562702,103562853,EH38E3651956,EH38E3651955,103562000,103563000,103562000,103563000,200,-1
3710,chr5,106113937,106114206,107670387,107670657,EH38E3652341,EH38E3652765,106113000,106114000,107670000,107671000,1,-1
3711,chr5,106254818,106255148,107670387,107670657,EH38E2396183,EH38E3652765,106255000,106256000,107670000,107671000,1,-1
3712,chr5,106978813,106979038,107670387,107670657,EH38E2396331,EH38E3652765,106979000,106980000,107670000,107671000,2,-1
3713,chr5,107809828,107810038,107670387,107670657,EH38E3652809,EH38E3652765,107809000,107810000,107670000,107671000,1,-1
3714,chr5,108212971,108213293,107670387,107670657,EH38E2397121,EH38E3652765,108212000,108213000,107670000,107671000,1,-1
3715,chr5,108381293,108381641,107670387,107670657,EH38E3652957,EH38E3652765,108381000,108382000,107670000,107671000,1,-1
3716,chr5,108381732,108381980,107670387,107670657,EH38E3652958,EH38E3652765,108381000,108382000,107670000,107671000,1,-1
3717,chr5,108382207,108382554,107670387,107670657,EH38E3652960,EH38E3652765,108382000,108383000,107670000,107671000,1,-1
3718,chr5,109838147,109838487,107670387,107670657,EH38E3653385,EH38E3652765,109838000,109839000,107670000,107671000,1,-1
3719,chr5,106254818,106255148,108382045,108382205,EH38E2396183,EH38E3652959,106255000,106256000,108382000,108383000,1,-1
3720,chr5,106978468,106978632,108382045,108382205,EH38E2396330,EH38E3652959,106978000,106979000,108382000,108383000,1,-1
3721,chr5,106978813,106979038,108382045,108382205,EH38E2396331,EH38E3652959,106978000,106979000,108382000,108383000,1,-1
3722,chr5,108212971,108213293,108382045,108382205,EH38E2397121,EH38E3652959,108213000,108214000,108382000,108383000,2,-1
3723,chr5,108239504,108239849,108382045,108382205,EH38E2397137,EH38E3652959,108239000,108240000,108382000,108383000,2,-1
3724,chr5,108381293,108381641,108382045,108382205,EH38E3652957,EH38E3652959,108381000,108382000,108382000,108383000,237,-1
3725,chr5,108381732,108381980,108382045,108382205,EH38E3652958,EH38E3652959,108381000,108382000,108382000,108383000,237,-1
3726,chr5,108382207,108382554,108382045,108382205,EH38E3652960,EH38E3652959,108382000,108383000,108382000,108383000,212,-1
3727,chr5,108685697,108686030,108382045,108382205,EH38E3653033,EH38E3652959,108685000,108686000,108382000,108383000,2,-1
3728,chr5,108748673,108749022,108382045,108382205,EH38E2397351,EH38E3652959,108749000,108750000,108382000,108383000,3,-1
3729,chr5,108749104,108749328,108382045,108382205,EH38E3653054,EH38E3652959,108749000,108750000,108382000,108383000,3,-1
3730,chr5,109409200,109409550,108382045,108382205,EH38E2397633,EH38E3652959,109409000,109410000,108382000,108383000,3,-1
3731,chr5,109743811,109744161,108382045,108382205,EH38E2397829,EH38E3652959,109743000,109744000,108382000,108383000,1,-1
3732,chr5,110536156,110536331,108382045,108382205,EH38E2398174,EH38E3652959,110536000,110537000,108382000,108383000,2,-1
3733,chr5,110536465,110536811,108382045,108382205,EH38E2398175,EH38E3652959,110536000,110537000,108382000,108383000,2,-1
3734,chr5,110536871,110537086,108382045,108382205,EH38E3653547,EH38E3652959,110536000,110537000,108382000,108383000,2,-1
3735,chr5,108381293,108381641,108728199,108728548,EH38E3652957,EH38E3653043,108381000,108382000,108728000,108729000,1,-1
3736,chr5,108381732,108381980,108728199,108728548,EH38E3652958,EH38E3653043,108381000,108382000,108728000,108729000,1,-1
3737,chr5,108382207,108382554,108728199,108728548,EH38E3652960,EH38E3653043,108382000,108383000,108728000,108729000,4,-1
3738,chr5,108685697,108686030,108728199,108728548,EH38E3653033,EH38E3653043,108685000,108686000,108728000,108729000,7,-1
3739,chr5,108748041,108748251,108728199,108728548,EH38E2397349,EH38E3653043,108748000,108749000,108728000,108729000,17,-1
3740,chr5,108748372,108748538,108728199,108728548,EH38E3653053,EH38E3653043,108748000,108749000,108728000,108729000,17,-1
3741,chr5,108748673,108749022,108728199,108728548,EH38E2397351,EH38E3653043,108748000,108749000,108728000,108729000,17,-1
3742,chr5,108749104,108749328,108728199,108728548,EH38E3653054,EH38E3653043,108749000,108750000,108728000,108729000,14,-1
3743,chr5,109409200,109409550,108728199,108728548,EH38E2397633,EH38E3653043,109409000,109410000,108728000,108729000,1,-1
3744,chr5,109410009,109410358,108728199,108728548,EH38E3653236,EH38E3653043,109410000,109411000,108728000,108729000,1,-1
3745,chr5,109410372,109410612,108728199,108728548,EH38E3653237,EH38E3653043,109410000,109411000,108728000,108729000,1,-1
3746,chr5,109410617,109410910,108728199,108728548,EH38E3653238,EH38E3653043,109410000,109411000,108728000,108729000,1,-1
3747,chr5,109689172,109689517,108728199,108728548,EH38E2397771,EH38E3653043,109689000,109690000,108728000,108729000,1,-1
3748,chr5,109689519,109689682,108728199,108728548,EH38E2397772,EH38E3653043,109689000,109690000,108728000,108729000,1,-1
3749,chr5,108381293,108381641,109409806,109409990,EH38E3652957,EH38E3653235,108381000,108382000,109409000,109410000,1,-1
3750,chr5,108381732,108381980,109409806,109409990,EH38E3652958,EH38E3653235,108381000,108382000,109409000,109410000,1,-1
3751,chr5,108382207,108382554,109409806,109409990,EH38E3652960,EH38E3653235,108382000,108383000,109409000,109410000,3,-1
3752,chr5,108685697,108686030,109409806,109409990,EH38E3653033,EH38E3653235,108685000,108686000,109409000,109410000,1,-1
3753,chr5,108748041,108748251,109409806,109409990,EH38E2397349,EH38E3653235,108748000,108749000,109409000,109410000,2,-1
3754,chr5,108748372,108748538,109409806,109409990,EH38E3653053,EH38E3653235,108748000,108749000,109409000,109410000,2,-1
3755,chr5,108748673,108749022,109409806,109409990,EH38E2397351,EH38E3653235,108748000,108749000,109409000,109410000,2,-1
3756,chr5,108749104,108749328,109409806,109409990,EH38E3653054,EH38E3653235,108749000,108750000,109409000,109410000,2,-1
3757,chr5,109409200,109409550,109409806,109409990,EH38E2397633,EH38E3653235,109409000,109410000,109409000,109410000,403,-1
3758,chr5,109410009,109410358,109409806,109409990,EH38E3653236,EH38E3653235,109410000,109411000,109409000,109410000,54,-1
3759,chr5,109410372,109410612,109409806,109409990,EH38E3653237,EH38E3653235,109410000,109411000,109409000,109410000,54,-1
3760,chr5,109410617,109410910,109409806,109409990,EH38E3653238,EH38E3653235,109410000,109411000,109409000,109410000,54,-1
3761,chr5,109689172,109689517,109409806,109409990,EH38E2397771,EH38E3653235,109689000,109690000,109409000,109410000,6,-1
3762,chr5,109689519,109689682,109409806,109409990,EH38E2397772,EH38E3653235,109689000,109690000,109409000,109410000,6,-1
3763,chr5,109739777,109740058,109409806,109409990,EH38E2397821,EH38E3653235,109739000,109740000,109409000,109410000,2,-1
3764,chr5,108212971,108213293,109689739,109690089,EH38E2397121,EH38E3653324,108213000,108214000,109689000,109690000,1,-1
3765,chr5,108239504,108239849,109689739,109690089,EH38E2397137,EH38E3653324,108239000,108240000,109689000,109690000,1,-1
3766,chr5,108381293,108381641,109689739,109690089,EH38E3652957,EH38E3653324,108381000,108382000,109689000,109690000,1,-1
3767,chr5,108381732,108381980,109689739,109690089,EH38E3652958,EH38E3653324,108381000,108382000,109689000,109690000,1,-1
3768,chr5,108685697,108686030,109689739,109690089,EH38E3653033,EH38E3653324,108685000,108686000,109689000,109690000,4,-1
3769,chr5,108749104,108749328,109689739,109690089,EH38E3653054,EH38E3653324,108749000,108750000,109689000,109690000,1,-1
3770,chr5,109409200,109409550,109689739,109690089,EH38E2397633,EH38E3653324,109409000,109410000,109689000,109690000,6,-1
3771,chr5,109410009,109410358,109689739,109690089,EH38E3653236,EH38E3653324,109410000,109411000,109689000,109690000,2,-1
3772,chr5,109410372,109410612,109689739,109690089,EH38E3653237,EH38E3653324,109410000,109411000,109689000,109690000,2,-1
3773,chr5,109410617,109410910,109689739,109690089,EH38E3653238,EH38E3653324,109410000,109411000,109689000,109690000,2,-1
3774,chr5,109689172,109689517,109689739,109690089,EH38E2397771,EH38E3653324,109689000,109690000,109689000,109690000,306,-1
3775,chr5,109689519,109689682,109689739,109690089,EH38E2397772,EH38E3653324,109689000,109690000,109689000,109690000,306,-1
3776,chr5,108382207,108382554,109689739,109690089,EH38E3652960,EH38E3653324,108382000,108383000,109690000,109691000,1,-1
3777,chr5,108748041,108748251,109689739,109690089,EH38E2397349,EH38E3653324,108748000,108749000,109690000,109691000,1,-1
3778,chr5,108748372,108748538,109689739,109690089,EH38E3653053,EH38E3653324,108748000,108749000,109690000,109691000,1,-1
3779,chr5,108748673,108749022,109689739,109690089,EH38E2397351,EH38E3653324,108748000,108749000,109690000,109691000,1,-1
3780,chr5,109689172,109689517,109689739,109690089,EH38E2397771,EH38E3653324,109689000,109690000,109690000,109691000,313,-1
3781,chr5,109689519,109689682,109689739,109690089,EH38E2397772,EH38E3653324,109689000,109690000,109690000,109691000,313,-1
3782,chr5,109739777,109740058,109689739,109690089,EH38E2397821,EH38E3653324,109739000,109740000,109690000,109691000,7,-1
3783,chr5,109740351,109740696,109689739,109690089,EH38E3653353,EH38E3653324,109740000,109741000,109690000,109691000,9,-1
3784,chr5,109743811,109744161,109689739,109690089,EH38E2397829,EH38E3653324,109743000,109744000,109690000,109691000,6,-1
3785,chr5,109838147,109838487,109689739,109690089,EH38E3653385,EH38E3653324,109838000,109839000,109690000,109691000,6,-1
3786,chr5,110536871,110537086,109689739,109690089,EH38E3653547,EH38E3653324,110537000,110538000,109690000,109691000,1,-1
3787,chr5,109739777,109740058,110726516,110726862,EH38E2397821,EH38E3653583,109740000,109741000,110726000,110727000,1,-1
3788,chr5,109740351,109740696,110726516,110726862,EH38E3653353,EH38E3653583,109740000,109741000,110726000,110727000,1,-1
3789,chr5,110536156,110536331,110726516,110726862,EH38E2398174,EH38E3653583,110536000,110537000,110726000,110727000,1,-1
3790,chr5,110536465,110536811,110726516,110726862,EH38E2398175,EH38E3653583,110536000,110537000,110726000,110727000,1,-1
3791,chr5,110536871,110537086,110726516,110726862,EH38E3653547,EH38E3653583,110536000,110537000,110726000,110727000,1,-1
3792,chr5,111511866,111512085,110726516,110726862,EH38E3653817,EH38E3653583,111512000,111513000,110726000,110727000,1,-1
3793,chr5,111512846,111513007,110726516,110726862,EH38E3653818,EH38E3653583,111512000,111513000,110726000,110727000,1,-1
3794,chr5,109739777,109740058,110738826,110739168,EH38E2397821,EH38E3653589,109740000,109741000,110738000,110739000,1,-1
3795,chr5,109740351,109740696,110738826,110739168,EH38E3653353,EH38E3653589,109740000,109741000,110738000,110739000,1,-1
3796,chr5,109743811,109744161,110738826,110739168,EH38E2397829,EH38E3653589,109743000,109744000,110738000,110739000,1,-1
3797,chr5,110536156,110536331,110738826,110739168,EH38E2398174,EH38E3653589,110536000,110537000,110738000,110739000,1,-1
3798,chr5,110536465,110536811,110738826,110739168,EH38E2398175,EH38E3653589,110536000,110537000,110738000,110739000,1,-1
3799,chr5,110536871,110537086,110738826,110739168,EH38E3653547,EH38E3653589,110536000,110537000,110738000,110739000,1,-1
3800,chr5,112976267,112976419,110738826,110739168,EH38E3654402,EH38E3653589,112976000,112977000,110738000,110739000,2,-1
3801,chr5,112976926,112977163,110738826,110739168,EH38E3654403,EH38E3653589,112976000,112977000,110738000,110739000,2,-1
3802,chr5,108212971,108213293,110738826,110739168,EH38E2397121,EH38E3653589,108212000,108213000,110739000,110740000,1,-1
3803,chr5,108381293,108381641,110738826,110739168,EH38E3652957,EH38E3653589,108381000,108382000,110739000,110740000,1,-1
3804,chr5,108381732,108381980,110738826,110739168,EH38E3652958,EH38E3653589,108381000,108382000,110739000,110740000,1,-1
3805,chr5,111511866,111512085,110738826,110739168,EH38E3653817,EH38E3653589,111511000,111512000,110739000,110740000,2,-1
3806,chr5,109689172,109689517,111073109,111073459,EH38E2397771,EH38E3653656,109689000,109690000,111073000,111074000,1,-1
3807,chr5,109689519,109689682,111073109,111073459,EH38E2397772,EH38E3653656,109689000,109690000,111073000,111074000,1,-1
3808,chr5,110536156,110536331,111073109,111073459,EH38E2398174,EH38E3653656,110536000,110537000,111073000,111074000,1,-1
3809,chr5,110536465,110536811,111073109,111073459,EH38E2398175,EH38E3653656,110536000,110537000,111073000,111074000,1,-1
3810,chr5,110536871,110537086,111073109,111073459,EH38E3653547,EH38E3653656,110536000,110537000,111073000,111074000,1,-1
3811,chr5,111511866,111512085,111073109,111073459,EH38E3653817,EH38E3653656,111511000,111512000,111073000,111074000,1,-1
3812,chr5,108381293,108381641,111092110,111092460,EH38E3652957,EH38E3653664,108381000,108382000,111092000,111093000,1,-1
3813,chr5,108381732,108381980,111092110,111092460,EH38E3652958,EH38E3653664,108381000,108382000,111092000,111093000,1,-1
3814,chr5,108685697,108686030,111092110,111092460,EH38E3653033,EH38E3653664,108685000,108686000,111092000,111093000,1,-1
3815,chr5,109743811,109744161,111092110,111092460,EH38E2397829,EH38E3653664,109743000,109744000,111092000,111093000,1,-1
3816,chr5,110536871,110537086,111092110,111092460,EH38E3653547,EH38E3653664,110537000,110538000,111092000,111093000,1,-1
3817,chr5,111511866,111512085,111092110,111092460,EH38E3653817,EH38E3653664,111512000,111513000,111092000,111093000,3,-1
3818,chr5,111512846,111513007,111092110,111092460,EH38E3653818,EH38E3653664,111512000,111513000,111092000,111093000,3,-1
3819,chr5,112160594,112160939,111092110,111092460,EH38E3654060,EH38E3653664,112160000,112161000,111092000,111093000,1,-1
3820,chr5,108748673,108749022,111223919,111224122,EH38E2397351,EH38E3653703,108749000,108750000,111223000,111224000,1,-1
3821,chr5,108749104,108749328,111223919,111224122,EH38E3653054,EH38E3653703,108749000,108750000,111223000,111224000,1,-1
3822,chr5,109410009,109410358,111223919,111224122,EH38E3653236,EH38E3653703,109410000,109411000,111223000,111224000,1,-1
3823,chr5,109410372,109410612,111223919,111224122,EH38E3653237,EH38E3653703,109410000,109411000,111223000,111224000,1,-1
3824,chr5,109410617,109410910,111223919,111224122,EH38E3653238,EH38E3653703,109410000,109411000,111223000,111224000,1,-1
3825,chr5,111511866,111512085,111223919,111224122,EH38E3653817,EH38E3653703,111511000,111512000,111223000,111224000,2,-1
3826,chr5,112166404,112166728,111223919,111224122,EH38E3654066,EH38E3653703,112166000,112167000,111223000,111224000,3,-1
3827,chr5,113031224,113031426,111223919,111224122,EH38E2399536,EH38E3653703,113031000,113032000,111223000,111224000,1,-1
3828,chr5,113776304,113776537,111223919,111224122,EH38E2400036,EH38E3653703,113776000,113777000,111223000,111224000,1,-1
3829,chr5,109409200,109409550,111223919,111224122,EH38E2397633,EH38E3653703,109409000,109410000,111224000,111225000,1,-1
3830,chr5,111512846,111513007,111223919,111224122,EH38E3653818,EH38E3653703,111512000,111513000,111224000,111225000,7,-1
3831,chr5,112160594,112160939,111223919,111224122,EH38E3654060,EH38E3653703,112160000,112161000,111224000,111225000,2,-1
3832,chr5,113513868,113514086,111223919,111224122,EH38E2399954,EH38E3653703,113514000,113515000,111224000,111225000,1,-1
3833,chr5,109409200,109409550,111224160,111224509,EH38E2397633,EH38E3653704,109409000,109410000,111224000,111225000,1,-1
3834,chr5,111511866,111512085,111224160,111224509,EH38E3653817,EH38E3653704,111511000,111512000,111224000,111225000,2,-1
3835,chr5,111512846,111513007,111224160,111224509,EH38E3653818,EH38E3653704,111512000,111513000,111224000,111225000,7,-1
3836,chr5,112160594,112160939,111224160,111224509,EH38E3654060,EH38E3653704,112160000,112161000,111224000,111225000,2,-1
3837,chr5,113513868,113514086,111224160,111224509,EH38E2399954,EH38E3653704,113514000,113515000,111224000,111225000,1,-1
3838,chr5,109838147,109838487,111512112,111512278,EH38E3653385,EH38E2398576,109838000,109839000,111512000,111513000,1,-1
3839,chr5,111511866,111512085,111512112,111512278,EH38E3653817,EH38E2398576,111511000,111512000,111512000,111513000,237,-1
3840,chr5,111511866,111512085,111512112,111512278,EH38E3653817,EH38E2398576,111512000,111513000,111512000,111513000,311,-1
3841,chr5,111512846,111513007,111512112,111512278,EH38E3653818,EH38E2398576,111512000,111513000,111512000,111513000,311,-1
3842,chr5,112160594,112160939,111512112,111512278,EH38E3654060,EH38E2398576,112160000,112161000,111512000,111513000,5,-1
3843,chr5,112707889,112708092,111512112,111512278,EH38E2399303,EH38E2398576,112708000,112709000,111512000,111513000,1,-1
3844,chr5,109838147,109838487,111512435,111512785,EH38E3653385,EH38E2398577,109838000,109839000,111512000,111513000,1,-1
3845,chr5,111511866,111512085,111512435,111512785,EH38E3653817,EH38E2398577,111511000,111512000,111512000,111513000,237,-1
3846,chr5,111511866,111512085,111512435,111512785,EH38E3653817,EH38E2398577,111512000,111513000,111512000,111513000,311,-1
3847,chr5,111512846,111513007,111512435,111512785,EH38E3653818,EH38E2398577,111512000,111513000,111512000,111513000,311,-1
3848,chr5,112160594,112160939,111512435,111512785,EH38E3654060,EH38E2398577,112160000,112161000,111512000,111513000,5,-1
3849,chr5,112707889,112708092,111512435,111512785,EH38E2399303,EH38E2398577,112708000,112709000,111512000,111513000,1,-1
3850,chr5,109739777,109740058,111757059,111757282,EH38E2397821,EH38E3653917,109740000,109741000,111757000,111758000,1,-1
3851,chr5,109740351,109740696,111757059,111757282,EH38E3653353,EH38E3653917,109740000,109741000,111757000,111758000,1,-1
3852,chr5,111511866,111512085,111757059,111757282,EH38E3653817,EH38E3653917,111511000,111512000,111757000,111758000,1,-1
3853,chr5,111512846,111513007,111757059,111757282,EH38E3653818,EH38E3653917,111512000,111513000,111757000,111758000,3,-1
3854,chr5,112160594,112160939,111757059,111757282,EH38E3654060,EH38E3653917,112160000,112161000,111757000,111758000,2,-1
3855,chr5,112166404,112166728,111757059,111757282,EH38E3654066,EH38E3653917,112166000,112167000,111757000,111758000,1,-1
3856,chr5,114360352,114360692,111757059,111757282,EH38E2400189,EH38E3653917,114360000,114361000,111757000,111758000,1,-1
3857,chr5,114360717,114360964,111757059,111757282,EH38E2400190,EH38E3653917,114360000,114361000,111757000,111758000,1,-1
3858,chr5,109739777,109740058,111757327,111757647,EH38E2397821,EH38E3653918,109740000,109741000,111757000,111758000,1,-1
3859,chr5,109740351,109740696,111757327,111757647,EH38E3653353,EH38E3653918,109740000,109741000,111757000,111758000,1,-1
3860,chr5,111511866,111512085,111757327,111757647,EH38E3653817,EH38E3653918,111511000,111512000,111757000,111758000,1,-1
3861,chr5,111512846,111513007,111757327,111757647,EH38E3653818,EH38E3653918,111512000,111513000,111757000,111758000,3,-1
3862,chr5,112160594,112160939,111757327,111757647,EH38E3654060,EH38E3653918,112160000,112161000,111757000,111758000,2,-1
3863,chr5,112166404,112166728,111757327,111757647,EH38E3654066,EH38E3653918,112166000,112167000,111757000,111758000,1,-1
3864,chr5,114360352,114360692,111757327,111757647,EH38E2400189,EH38E3653918,114360000,114361000,111757000,111758000,1,-1
3865,chr5,114360717,114360964,111757327,111757647,EH38E2400190,EH38E3653918,114360000,114361000,111757000,111758000,1,-1
3866,chr5,109739777,109740058,111757662,111757970,EH38E2397821,EH38E3653919,109740000,109741000,111757000,111758000,1,-1
3867,chr5,109740351,109740696,111757662,111757970,EH38E3653353,EH38E3653919,109740000,109741000,111757000,111758000,1,-1
3868,chr5,111511866,111512085,111757662,111757970,EH38E3653817,EH38E3653919,111511000,111512000,111757000,111758000,1,-1
3869,chr5,111512846,111513007,111757662,111757970,EH38E3653818,EH38E3653919,111512000,111513000,111757000,111758000,3,-1
3870,chr5,112160594,112160939,111757662,111757970,EH38E3654060,EH38E3653919,112160000,112161000,111757000,111758000,2,-1
3871,chr5,112166404,112166728,111757662,111757970,EH38E3654066,EH38E3653919,112166000,112167000,111757000,111758000,1,-1
3872,chr5,114360352,114360692,111757662,111757970,EH38E2400189,EH38E3653919,114360000,114361000,111757000,111758000,1,-1
3873,chr5,114360717,114360964,111757662,111757970,EH38E2400190,EH38E3653919,114360000,114361000,111757000,111758000,1,-1
3874,chr5,109739777,109740058,111757994,111758284,EH38E2397821,EH38E3653920,109740000,109741000,111757000,111758000,1,-1
3875,chr5,109740351,109740696,111757994,111758284,EH38E3653353,EH38E3653920,109740000,109741000,111757000,111758000,1,-1
3876,chr5,111512846,111513007,111757994,111758284,EH38E3653818,EH38E3653920,111512000,111513000,111757000,111758000,3,-1
3877,chr5,112160594,112160939,111757994,111758284,EH38E3654060,EH38E3653920,112160000,112161000,111757000,111758000,2,-1
3878,chr5,112166404,112166728,111757994,111758284,EH38E3654066,EH38E3653920,112166000,112167000,111757000,111758000,1,-1
3879,chr5,114360352,114360692,111757994,111758284,EH38E2400189,EH38E3653920,114360000,114361000,111757000,111758000,1,-1
3880,chr5,114360717,114360964,111757994,111758284,EH38E2400190,EH38E3653920,114360000,114361000,111757000,111758000,1,-1
3881,chr5,111511866,111512085,111757994,111758284,EH38E3653817,EH38E3653920,111511000,111512000,111758000,111759000,3,-1
3882,chr5,112707889,112708092,111757994,111758284,EH38E2399303,EH38E3653920,112708000,112709000,111758000,111759000,1,-1
3883,chr5,112921461,112921794,111757994,111758284,EH38E3654365,EH38E3653920,112921000,112922000,111758000,111759000,1,-1
3884,chr5,112969252,112969500,111757994,111758284,EH38E3654391,EH38E3653920,112969000,112970000,111758000,111759000,1,-1
3885,chr5,112976926,112977163,111757994,111758284,EH38E3654403,EH38E3653920,112977000,112978000,111758000,111759000,2,-1
3886,chr5,114361001,114361346,111757994,111758284,EH38E3654830,EH38E3653920,114361000,114362000,111758000,111759000,1,-1
3887,chr5,114361497,114361773,111757994,111758284,EH38E2400192,EH38E3653920,114361000,114362000,111758000,111759000,1,-1
3888,chr5,111511866,111512085,112160392,112160563,EH38E3653817,EH38E3654059,111511000,111512000,112160000,112161000,2,-1
3889,chr5,111512846,111513007,112160392,112160563,EH38E3653818,EH38E3654059,111512000,111513000,112160000,112161000,5,-1
3890,chr5,112160594,112160939,112160392,112160563,EH38E3654060,EH38E3654059,112160000,112161000,112160000,112161000,316,-1
3891,chr5,112166404,112166728,112160392,112160563,EH38E3654066,EH38E3654059,112166000,112167000,112160000,112161000,25,-1
3892,chr5,112969252,112969500,112160392,112160563,EH38E3654391,EH38E3654059,112969000,112970000,112160000,112161000,1,-1
3893,chr5,112707289,112707639,112737640,112737990,EH38E3654283,EH38E2399323,112707000,112708000,112737000,112738000,10,-1
3894,chr5,112707651,112707823,112737640,112737990,EH38E2399302,EH38E2399323,112707000,112708000,112737000,112738000,10,-1
3895,chr5,112707889,112708092,112737640,112737990,EH38E2399303,EH38E2399323,112707000,112708000,112737000,112738000,10,-1
3896,chr5,112921461,112921794,112737640,112737990,EH38E3654365,EH38E2399323,112921000,112922000,112737000,112738000,1,-1
3897,chr5,112969252,112969500,112737640,112737990,EH38E3654391,EH38E2399323,112969000,112970000,112737000,112738000,3,-1
3898,chr5,112976267,112976419,112737640,112737990,EH38E3654402,EH38E2399323,112976000,112977000,112737000,112738000,1,-1
3899,chr5,112976926,112977163,112737640,112737990,EH38E3654403,EH38E2399323,112976000,112977000,112737000,112738000,1,-1
3900,chr5,113031224,113031426,112737640,112737990,EH38E2399536,EH38E2399323,113031000,113032000,112737000,112738000,1,-1
3901,chr5,113069814,113070059,112737640,112737990,EH38E2399593,EH38E2399323,113070000,113071000,112737000,112738000,1,-1
3902,chr5,113513868,113514086,112737640,112737990,EH38E2399954,EH38E2399323,113513000,113514000,112737000,112738000,1,-1
3903,chr5,112160594,112160939,112861062,112861407,EH38E3654060,EH38E3654329,112160000,112161000,112861000,112862000,1,-1
3904,chr5,112707289,112707639,112861062,112861407,EH38E3654283,EH38E3654329,112707000,112708000,112861000,112862000,1,-1
3905,chr5,112707651,112707823,112861062,112861407,EH38E2399302,EH38E3654329,112707000,112708000,112861000,112862000,1,-1
3906,chr5,112707889,112708092,112861062,112861407,EH38E2399303,EH38E3654329,112707000,112708000,112861000,112862000,1,-1
3907,chr5,112921461,112921794,112861062,112861407,EH38E3654365,EH38E3654329,112921000,112922000,112861000,112862000,12,-1
3908,chr5,112969252,112969500,112861062,112861407,EH38E3654391,EH38E3654329,112969000,112970000,112861000,112862000,3,-1
3909,chr5,112976267,112976419,112861062,112861407,EH38E3654402,EH38E3654329,112976000,112977000,112861000,112862000,2,-1
3910,chr5,112976926,112977163,112861062,112861407,EH38E3654403,EH38E3654329,112976000,112977000,112861000,112862000,2,-1
3911,chr5,113513868,113514086,112861062,112861407,EH38E2399954,EH38E3654329,113514000,113515000,112861000,112862000,2,-1
3912,chr5,112160594,112160939,112861425,112861585,EH38E3654060,EH38E3654330,112160000,112161000,112861000,112862000,1,-1
3913,chr5,112707289,112707639,112861425,112861585,EH38E3654283,EH38E3654330,112707000,112708000,112861000,112862000,1,-1
3914,chr5,112707651,112707823,112861425,112861585,EH38E2399302,EH38E3654330,112707000,112708000,112861000,112862000,1,-1
3915,chr5,112707889,112708092,112861425,112861585,EH38E2399303,EH38E3654330,112707000,112708000,112861000,112862000,1,-1
3916,chr5,112921461,112921794,112861425,112861585,EH38E3654365,EH38E3654330,112921000,112922000,112861000,112862000,12,-1
3917,chr5,112969252,112969500,112861425,112861585,EH38E3654391,EH38E3654330,112969000,112970000,112861000,112862000,3,-1
3918,chr5,112976267,112976419,112861425,112861585,EH38E3654402,EH38E3654330,112976000,112977000,112861000,112862000,2,-1
3919,chr5,112976926,112977163,112861425,112861585,EH38E3654403,EH38E3654330,112976000,112977000,112861000,112862000,2,-1
3920,chr5,113513868,113514086,112861425,112861585,EH38E2399954,EH38E3654330,113514000,113515000,112861000,112862000,2,-1
3921,chr5,111511866,111512085,112922153,112922503,EH38E3653817,EH38E3654367,111512000,111513000,112922000,112923000,1,-1
3922,chr5,111512846,111513007,112922153,112922503,EH38E3653818,EH38E3654367,111512000,111513000,112922000,112923000,1,-1
3923,chr5,112707289,112707639,112922153,112922503,EH38E3654283,EH38E3654367,112707000,112708000,112922000,112923000,3,-1
3924,chr5,112707651,112707823,112922153,112922503,EH38E2399302,EH38E3654367,112707000,112708000,112922000,112923000,3,-1
3925,chr5,112707889,112708092,112922153,112922503,EH38E2399303,EH38E3654367,112707000,112708000,112922000,112923000,3,-1
3926,chr5,112921461,112921794,112922153,112922503,EH38E3654365,EH38E3654367,112921000,112922000,112922000,112923000,475,-1
3927,chr5,112969252,112969500,112922153,112922503,EH38E3654391,EH38E3654367,112969000,112970000,112922000,112923000,3,-1
3928,chr5,112976267,112976419,112922153,112922503,EH38E3654402,EH38E3654367,112976000,112977000,112922000,112923000,8,-1
3929,chr5,112976926,112977163,112922153,112922503,EH38E3654403,EH38E3654367,112976000,112977000,112922000,112923000,8,-1
3930,chr5,113031224,113031426,112922153,112922503,EH38E2399536,EH38E3654367,113031000,113032000,112922000,112923000,4,-1
3931,chr5,113513868,113514086,112922153,112922503,EH38E2399954,EH38E3654367,113513000,113514000,112922000,112923000,1,-1
3932,chr5,114361001,114361346,112922153,112922503,EH38E3654830,EH38E3654367,114361000,114362000,112922000,112923000,1,-1
3933,chr5,114361497,114361773,112922153,112922503,EH38E2400192,EH38E3654367,114361000,114362000,112922000,112923000,1,-1
3934,chr5,112921461,112921794,112976492,112976842,EH38E3654365,EH38E2399493,112921000,112922000,112976000,112977000,7,-1
3935,chr5,112969252,112969500,112976492,112976842,EH38E3654391,EH38E2399493,112969000,112970000,112976000,112977000,31,-1
3936,chr5,112976267,112976419,112976492,112976842,EH38E3654402,EH38E2399493,112976000,112977000,112976000,112977000,242,-1
3937,chr5,112976926,112977163,112976492,112976842,EH38E3654403,EH38E2399493,112976000,112977000,112976000,112977000,242,-1
3938,chr5,113031224,113031426,112976492,112976842,EH38E2399536,EH38E2399493,113031000,113032000,112976000,112977000,4,-1
3939,chr5,113513868,113514086,112976492,112976842,EH38E2399954,EH38E2399493,113513000,113514000,112976000,112977000,1,-1
3940,chr5,115544078,115544419,112976492,112976842,EH38E3655116,EH38E2399493,115544000,115545000,112976000,112977000,1,-1
3941,chr5,112707289,112707639,113294830,113295180,EH38E3654283,EH38E3654595,112707000,112708000,113294000,113295000,1,-1
3942,chr5,112707651,112707823,113294830,113295180,EH38E2399302,EH38E3654595,112707000,112708000,113294000,113295000,1,-1
3943,chr5,112707889,112708092,113294830,113295180,EH38E2399303,EH38E3654595,112707000,112708000,113294000,113295000,1,-1
3944,chr5,112921461,112921794,113294830,113295180,EH38E3654365,EH38E3654595,112921000,112922000,113294000,113295000,1,-1
3945,chr5,113031224,113031426,113294830,113295180,EH38E2399536,EH38E3654595,113031000,113032000,113294000,113295000,2,-1
3946,chr5,114361001,114361346,113294830,113295180,EH38E3654830,EH38E3654595,114361000,114362000,113294000,113295000,1,-1
3947,chr5,114361497,114361773,113294830,113295180,EH38E2400192,EH38E3654595,114361000,114362000,113294000,113295000,1,-1
3948,chr5,115369794,115370140,113294830,113295180,EH38E2400445,EH38E3654595,115370000,115371000,113294000,113295000,1,-1
3949,chr5,115544078,115544419,113294830,113295180,EH38E3655116,EH38E3654595,115544000,115545000,113294000,113295000,1,-1
3950,chr5,112160594,112160939,113294830,113295180,EH38E3654060,EH38E3654595,112160000,112161000,113295000,113296000,1,-1
3951,chr5,112969252,112969500,113294830,113295180,EH38E3654391,EH38E3654595,112969000,112970000,113295000,113296000,1,-1
3952,chr5,112976267,112976419,113294830,113295180,EH38E3654402,EH38E3654595,112976000,112977000,113295000,113296000,1,-1
3953,chr5,112976926,112977163,113294830,113295180,EH38E3654403,EH38E3654595,112976000,112977000,113295000,113296000,1,-1
3954,chr5,113069814,113070059,113294830,113295180,EH38E2399593,EH38E3654595,113069000,113070000,113295000,113296000,3,-1
3955,chr5,113513868,113514086,113294830,113295180,EH38E2399954,EH38E3654595,113513000,113514000,113295000,113296000,3,-1
3956,chr5,115169076,115169281,113294830,113295180,EH38E3654947,EH38E3654595,115169000,115170000,113295000,113296000,1,-1
3957,chr5,112160594,112160939,113488334,113488681,EH38E3654060,EH38E3654663,112160000,112161000,113488000,113489000,1,-1
3958,chr5,112707289,112707639,113488334,113488681,EH38E3654283,EH38E3654663,112707000,112708000,113488000,113489000,2,-1
3959,chr5,112707651,112707823,113488334,113488681,EH38E2399302,EH38E3654663,112707000,112708000,113488000,113489000,2,-1
3960,chr5,112707889,112708092,113488334,113488681,EH38E2399303,EH38E3654663,112707000,112708000,113488000,113489000,2,-1
3961,chr5,112969252,112969500,113488334,113488681,EH38E3654391,EH38E3654663,112969000,112970000,113488000,113489000,1,-1
3962,chr5,112976267,112976419,113488334,113488681,EH38E3654402,EH38E3654663,112976000,112977000,113488000,113489000,1,-1
3963,chr5,112976926,112977163,113488334,113488681,EH38E3654403,EH38E3654663,112976000,112977000,113488000,113489000,1,-1
3964,chr5,113031224,113031426,113488334,113488681,EH38E2399536,EH38E3654663,113031000,113032000,113488000,113489000,1,-1
3965,chr5,113069814,113070059,113488334,113488681,EH38E2399593,EH38E3654663,113069000,113070000,113488000,113489000,3,-1
3966,chr5,113513868,113514086,113488334,113488681,EH38E2399954,EH38E3654663,113513000,113514000,113488000,113489000,9,-1
3967,chr5,113776304,113776537,113488334,113488681,EH38E2400036,EH38E3654663,113776000,113777000,113488000,113489000,1,-1
3968,chr5,114360352,114360692,113488334,113488681,EH38E2400189,EH38E3654663,114360000,114361000,113488000,113489000,1,-1
3969,chr5,114360717,114360964,113488334,113488681,EH38E2400190,EH38E3654663,114360000,114361000,113488000,113489000,1,-1
3970,chr5,114361001,114361346,113488334,113488681,EH38E3654830,EH38E3654663,114361000,114362000,113488000,113489000,1,-1
3971,chr5,114361497,114361773,113488334,113488681,EH38E2400192,EH38E3654663,114361000,114362000,113488000,113489000,1,-1
3972,chr5,115169076,115169281,113488334,113488681,EH38E3654947,EH38E3654663,115169000,115170000,113488000,113489000,1,-1
3973,chr5,115369794,115370140,113488334,113488681,EH38E2400445,EH38E3654663,115369000,115370000,113488000,113489000,1,-1
3974,chr5,112707289,112707639,113513516,113513865,EH38E3654283,EH38E3654676,112707000,112708000,113513000,113514000,1,-1
3975,chr5,112707651,112707823,113513516,113513865,EH38E2399302,EH38E3654676,112707000,112708000,113513000,113514000,1,-1
3976,chr5,112707889,112708092,113513516,113513865,EH38E2399303,EH38E3654676,112707000,112708000,113513000,113514000,1,-1
3977,chr5,112921461,112921794,113513516,113513865,EH38E3654365,EH38E3654676,112921000,112922000,113513000,113514000,2,-1
3978,chr5,112969252,112969500,113513516,113513865,EH38E3654391,EH38E3654676,112969000,112970000,113513000,113514000,1,-1
3979,chr5,112976267,112976419,113513516,113513865,EH38E3654402,EH38E3654676,112976000,112977000,113513000,113514000,1,-1
3980,chr5,112976926,112977163,113513516,113513865,EH38E3654403,EH38E3654676,112976000,112977000,113513000,113514000,1,-1
3981,chr5,113031224,113031426,113513516,113513865,EH38E2399536,EH38E3654676,113031000,113032000,113513000,113514000,1,-1
3982,chr5,113513868,113514086,113513516,113513865,EH38E2399954,EH38E3654676,113513000,113514000,113513000,113514000,187,-1
3983,chr5,114360352,114360692,113513516,113513865,EH38E2400189,EH38E3654676,114360000,114361000,113513000,113514000,1,-1
3984,chr5,114360717,114360964,113513516,113513865,EH38E2400190,EH38E3654676,114360000,114361000,113513000,113514000,1,-1
3985,chr5,114361001,114361346,113513516,113513865,EH38E3654830,EH38E3654676,114361000,114362000,113513000,113514000,1,-1
3986,chr5,114361497,114361773,113513516,113513865,EH38E2400192,EH38E3654676,114361000,114362000,113513000,113514000,1,-1
3987,chr5,113776304,113776537,114056176,114056337,EH38E2400036,EH38E2400093,113776000,113777000,114056000,114057000,3,-1
3988,chr5,114360352,114360692,114056176,114056337,EH38E2400189,EH38E2400093,114360000,114361000,114056000,114057000,3,-1
3989,chr5,114360717,114360964,114056176,114056337,EH38E2400190,EH38E2400093,114360000,114361000,114056000,114057000,3,-1
3990,chr5,114361001,114361346,114056176,114056337,EH38E3654830,EH38E2400093,114361000,114362000,114056000,114057000,6,-1
3991,chr5,114361497,114361773,114056176,114056337,EH38E2400192,EH38E2400093,114361000,114362000,114056000,114057000,6,-1
3992,chr5,115369794,115370140,114056176,114056337,EH38E2400445,EH38E2400093,115369000,115370000,114056000,114057000,1,-1
3993,chr5,112969252,112969500,114361861,114362210,EH38E3654391,EH38E3654831,112969000,112970000,114361000,114362000,1,-1
3994,chr5,113031224,113031426,114361861,114362210,EH38E2399536,EH38E3654831,113031000,113032000,114361000,114362000,1,-1
3995,chr5,113513868,113514086,114361861,114362210,EH38E2399954,EH38E3654831,113513000,113514000,114361000,114362000,1,-1
3996,chr5,114360352,114360692,114361861,114362210,EH38E2400189,EH38E3654831,114360000,114361000,114361000,114362000,174,-1
3997,chr5,114360717,114360964,114361861,114362210,EH38E2400190,EH38E3654831,114360000,114361000,114361000,114362000,174,-1
3998,chr5,114361001,114361346,114361861,114362210,EH38E3654830,EH38E3654831,114361000,114362000,114361000,114362000,876,-1
3999,chr5,114361497,114361773,114361861,114362210,EH38E2400192,EH38E3654831,114361000,114362000,114361000,114362000,876,-1
4000,chr5,115329442,115329787,114361861,114362210,EH38E3655004,EH38E3654831,115329000,115330000,114361000,114362000,1,-1
4001,chr5,115544078,115544419,114361861,114362210,EH38E3655116,EH38E3654831,115544000,115545000,114361000,114362000,1,-1
4002,chr5,115816811,115817007,114361861,114362210,EH38E3655232,EH38E3654831,115817000,115818000,114361000,114362000,1,-1
4003,chr5,115842133,115842341,114361861,114362210,EH38E3655249,EH38E3654831,115842000,115843000,114361000,114362000,1,-1
4004,chr5,116575647,116575801,114361861,114362210,EH38E3655548,EH38E3654831,116575000,116576000,114361000,114362000,1,-1
4005,chr5,116575808,116576065,114361861,114362210,EH38E3655549,EH38E3654831,116575000,116576000,114361000,114362000,1,-1
4006,chr5,112707289,112707639,114361861,114362210,EH38E3654283,EH38E3654831,112707000,112708000,114362000,114363000,1,-1
4007,chr5,112707651,112707823,114361861,114362210,EH38E2399302,EH38E3654831,112707000,112708000,114362000,114363000,1,-1
4008,chr5,112707889,112708092,114361861,114362210,EH38E2399303,EH38E3654831,112707000,112708000,114362000,114363000,1,-1
4009,chr5,112921461,112921794,114361861,114362210,EH38E3654365,EH38E3654831,112921000,112922000,114362000,114363000,1,-1
4010,chr5,112976926,112977163,114361861,114362210,EH38E3654403,EH38E3654831,112977000,112978000,114362000,114363000,1,-1
4011,chr5,113776304,113776537,114361861,114362210,EH38E2400036,EH38E3654831,113776000,113777000,114362000,114363000,2,-1
4012,chr5,112707289,112707639,114362285,114362442,EH38E3654283,EH38E3654832,112707000,112708000,114362000,114363000,1,-1
4013,chr5,112707651,112707823,114362285,114362442,EH38E2399302,EH38E3654832,112707000,112708000,114362000,114363000,1,-1
4014,chr5,112707889,112708092,114362285,114362442,EH38E2399303,EH38E3654832,112707000,112708000,114362000,114363000,1,-1
4015,chr5,112921461,112921794,114362285,114362442,EH38E3654365,EH38E3654832,112921000,112922000,114362000,114363000,1,-1
4016,chr5,112976926,112977163,114362285,114362442,EH38E3654403,EH38E3654832,112977000,112978000,114362000,114363000,1,-1
4017,chr5,113776304,113776537,114362285,114362442,EH38E2400036,EH38E3654832,113776000,113777000,114362000,114363000,2,-1
4018,chr5,114360352,114360692,114362285,114362442,EH38E2400189,EH38E3654832,114360000,114361000,114362000,114363000,31,-1
4019,chr5,114360717,114360964,114362285,114362442,EH38E2400190,EH38E3654832,114360000,114361000,114362000,114363000,31,-1
4020,chr5,114361001,114361346,114362285,114362442,EH38E3654830,EH38E3654832,114361000,114362000,114362000,114363000,291,-1
4021,chr5,114361497,114361773,114362285,114362442,EH38E2400192,EH38E3654832,114361000,114362000,114362000,114363000,291,-1
4022,chr5,115544078,115544419,114362285,114362442,EH38E3655116,EH38E3654832,115544000,115545000,114362000,114363000,1,-1
4023,chr5,112707289,112707639,115169647,115169802,EH38E3654283,EH38E3654949,112707000,112708000,115169000,115170000,1,-1
4024,chr5,112707651,112707823,115169647,115169802,EH38E2399302,EH38E3654949,112707000,112708000,115169000,115170000,1,-1
4025,chr5,112707889,112708092,115169647,115169802,EH38E2399303,EH38E3654949,112707000,112708000,115169000,115170000,1,-1
4026,chr5,115169076,115169281,115169647,115169802,EH38E3654947,EH38E3654949,115169000,115170000,115169000,115170000,740,-1
4027,chr5,115328665,115328965,115169647,115169802,EH38E2400419,EH38E3654949,115328000,115329000,115169000,115170000,1,-1
4028,chr5,115329442,115329787,115169647,115169802,EH38E3655004,EH38E3654949,115329000,115330000,115169000,115170000,1,-1
4029,chr5,115369794,115370140,115169647,115169802,EH38E2400445,EH38E3654949,115370000,115371000,115169000,115170000,1,-1
4030,chr5,115544078,115544419,115169647,115169802,EH38E3655116,EH38E3654949,115544000,115545000,115169000,115170000,3,-1
4031,chr5,115625553,115625722,115169647,115169802,EH38E3655160,EH38E3654949,115625000,115626000,115169000,115170000,3,-1
4032,chr5,115816286,115816454,115169647,115169802,EH38E3655231,EH38E3654949,115816000,115817000,115169000,115170000,1,-1
4033,chr5,115816811,115817007,115169647,115169802,EH38E3655232,EH38E3654949,115816000,115817000,115169000,115170000,1,-1
4034,chr5,115842133,115842341,115169647,115169802,EH38E3655249,EH38E3654949,115842000,115843000,115169000,115170000,2,-1
4035,chr5,112707289,112707639,115169806,115170156,EH38E3654283,EH38E2400345,112707000,112708000,115169000,115170000,1,-1
4036,chr5,112707651,112707823,115169806,115170156,EH38E2399302,EH38E2400345,112707000,112708000,115169000,115170000,1,-1
4037,chr5,112707889,112708092,115169806,115170156,EH38E2399303,EH38E2400345,112707000,112708000,115169000,115170000,1,-1
4038,chr5,115169076,115169281,115169806,115170156,EH38E3654947,EH38E2400345,115169000,115170000,115169000,115170000,740,-1
4039,chr5,115329442,115329787,115169806,115170156,EH38E3655004,EH38E2400345,115329000,115330000,115169000,115170000,1,-1
4040,chr5,115369794,115370140,115169806,115170156,EH38E2400445,EH38E2400345,115370000,115371000,115169000,115170000,1,-1
4041,chr5,115544078,115544419,115169806,115170156,EH38E3655116,EH38E2400345,115544000,115545000,115169000,115170000,3,-1
4042,chr5,115625553,115625722,115169806,115170156,EH38E3655160,EH38E2400345,115625000,115626000,115169000,115170000,3,-1
4043,chr5,115842133,115842341,115169806,115170156,EH38E3655249,EH38E2400345,115842000,115843000,115169000,115170000,2,-1
4044,chr5,112976267,112976419,115169806,115170156,EH38E3654402,EH38E2400345,112976000,112977000,115170000,115171000,1,-1
4045,chr5,112976926,112977163,115169806,115170156,EH38E3654403,EH38E2400345,112976000,112977000,115170000,115171000,1,-1
4046,chr5,113069814,113070059,115169806,115170156,EH38E2399593,EH38E2400345,113069000,113070000,115170000,115171000,1,-1
4047,chr5,113776304,113776537,115169806,115170156,EH38E2400036,EH38E2400345,113776000,113777000,115170000,115171000,2,-1
4048,chr5,114360352,114360692,115169806,115170156,EH38E2400189,EH38E2400345,114360000,114361000,115170000,115171000,1,-1
4049,chr5,114360717,114360964,115169806,115170156,EH38E2400190,EH38E2400345,114360000,114361000,115170000,115171000,1,-1
4050,chr5,114361001,114361346,115169806,115170156,EH38E3654830,EH38E2400345,114361000,114362000,115170000,115171000,2,-1
4051,chr5,114361497,114361773,115169806,115170156,EH38E2400192,EH38E2400345,114361000,114362000,115170000,115171000,2,-1
4052,chr5,115328665,115328965,115169806,115170156,EH38E2400419,EH38E2400345,115328000,115329000,115170000,115171000,3,-1
4053,chr5,115816286,115816454,115169806,115170156,EH38E3655231,EH38E2400345,115816000,115817000,115170000,115171000,3,-1
4054,chr5,115816811,115817007,115169806,115170156,EH38E3655232,EH38E2400345,115816000,115817000,115170000,115171000,3,-1
4055,chr5,116575647,116575801,115169806,115170156,EH38E3655548,EH38E2400345,116575000,116576000,115170000,115171000,1,-1
4056,chr5,116575808,116576065,115169806,115170156,EH38E3655549,EH38E2400345,116575000,116576000,115170000,115171000,1,-1
4057,chr5,116773996,116774337,115169806,115170156,EH38E2401335,EH38E2400345,116773000,116774000,115170000,115171000,1,-1
4058,chr5,112921461,112921794,115180195,115180544,EH38E3654365,EH38E2400358,112921000,112922000,115180000,115181000,1,-1
4059,chr5,112969252,112969500,115180195,115180544,EH38E3654391,EH38E2400358,112969000,112970000,115180000,115181000,1,-1
4060,chr5,115169076,115169281,115180195,115180544,EH38E3654947,EH38E2400358,115169000,115170000,115180000,115181000,27,-1
4061,chr5,115329442,115329787,115180195,115180544,EH38E3655004,EH38E2400358,115329000,115330000,115180000,115181000,1,-1
4062,chr5,115816286,115816454,115180195,115180544,EH38E3655231,EH38E2400358,115816000,115817000,115180000,115181000,1,-1
4063,chr5,115816811,115817007,115180195,115180544,EH38E3655232,EH38E2400358,115816000,115817000,115180000,115181000,1,-1
4064,chr5,115842133,115842341,115180195,115180544,EH38E3655249,EH38E2400358,115842000,115843000,115180000,115181000,1,-1
4065,chr5,112921461,112921794,115262710,115263042,EH38E3654365,EH38E3654985,112921000,112922000,115262000,115263000,1,-1
4066,chr5,112976926,112977163,115262710,115263042,EH38E3654403,EH38E3654985,112977000,112978000,115262000,115263000,1,-1
4067,chr5,114361001,114361346,115262710,115263042,EH38E3654830,EH38E3654985,114361000,114362000,115262000,115263000,1,-1
4068,chr5,114361497,114361773,115262710,115263042,EH38E2400192,EH38E3654985,114361000,114362000,115262000,115263000,1,-1
4069,chr5,115169076,115169281,115262710,115263042,EH38E3654947,EH38E3654985,115169000,115170000,115262000,115263000,4,-1
4070,chr5,115328665,115328965,115262710,115263042,EH38E2400419,EH38E3654985,115328000,115329000,115262000,115263000,1,-1
4071,chr5,115329442,115329787,115262710,115263042,EH38E3655004,EH38E3654985,115329000,115330000,115262000,115263000,1,-1
4072,chr5,115369794,115370140,115262710,115263042,EH38E2400445,EH38E3654985,115369000,115370000,115262000,115263000,2,-1
4073,chr5,115544078,115544419,115262710,115263042,EH38E3655116,EH38E3654985,115544000,115545000,115262000,115263000,3,-1
4074,chr5,115625553,115625722,115262710,115263042,EH38E3655160,EH38E3654985,115625000,115626000,115262000,115263000,2,-1
4075,chr5,115816286,115816454,115262710,115263042,EH38E3655231,EH38E3654985,115816000,115817000,115262000,115263000,2,-1
4076,chr5,115816811,115817007,115262710,115263042,EH38E3655232,EH38E3654985,115816000,115817000,115262000,115263000,2,-1
4077,chr5,115842133,115842341,115262710,115263042,EH38E3655249,EH38E3654985,115842000,115843000,115263000,115264000,2,-1
4078,chr5,113513868,113514086,115296220,115296424,EH38E2399954,EH38E3654992,113513000,113514000,115296000,115297000,1,-1
4079,chr5,114360352,114360692,115296220,115296424,EH38E2400189,EH38E3654992,114360000,114361000,115296000,115297000,1,-1
4080,chr5,114360717,114360964,115296220,115296424,EH38E2400190,EH38E3654992,114360000,114361000,115296000,115297000,1,-1
4081,chr5,114361001,114361346,115296220,115296424,EH38E3654830,EH38E3654992,114361000,114362000,115296000,115297000,1,-1
4082,chr5,114361497,114361773,115296220,115296424,EH38E2400192,EH38E3654992,114361000,114362000,115296000,115297000,1,-1
4083,chr5,115169076,115169281,115296220,115296424,EH38E3654947,EH38E3654992,115169000,115170000,115296000,115297000,4,-1
4084,chr5,115328665,115328965,115296220,115296424,EH38E2400419,EH38E3654992,115328000,115329000,115296000,115297000,2,-1
4085,chr5,115329442,115329787,115296220,115296424,EH38E3655004,EH38E3654992,115329000,115330000,115296000,115297000,6,-1
4086,chr5,115369794,115370140,115296220,115296424,EH38E2400445,EH38E3654992,115369000,115370000,115296000,115297000,2,-1
4087,chr5,115544078,115544419,115296220,115296424,EH38E3655116,EH38E3654992,115544000,115545000,115296000,115297000,4,-1
4088,chr5,115625553,115625722,115296220,115296424,EH38E3655160,EH38E3654992,115625000,115626000,115296000,115297000,4,-1
4089,chr5,115816286,115816454,115296220,115296424,EH38E3655231,EH38E3654992,115816000,115817000,115296000,115297000,5,-1
4090,chr5,115816811,115817007,115296220,115296424,EH38E3655232,EH38E3654992,115816000,115817000,115296000,115297000,5,-1
4091,chr5,113513868,113514086,115296600,115296948,EH38E2399954,EH38E3654993,113513000,113514000,115296000,115297000,1,-1
4092,chr5,114360352,114360692,115296600,115296948,EH38E2400189,EH38E3654993,114360000,114361000,115296000,115297000,1,-1
4093,chr5,114360717,114360964,115296600,115296948,EH38E2400190,EH38E3654993,114360000,114361000,115296000,115297000,1,-1
4094,chr5,114361001,114361346,115296600,115296948,EH38E3654830,EH38E3654993,114361000,114362000,115296000,115297000,1,-1
4095,chr5,114361497,114361773,115296600,115296948,EH38E2400192,EH38E3654993,114361000,114362000,115296000,115297000,1,-1
4096,chr5,115169076,115169281,115296600,115296948,EH38E3654947,EH38E3654993,115169000,115170000,115296000,115297000,4,-1
4097,chr5,115328665,115328965,115296600,115296948,EH38E2400419,EH38E3654993,115328000,115329000,115296000,115297000,2,-1
4098,chr5,115329442,115329787,115296600,115296948,EH38E3655004,EH38E3654993,115329000,115330000,115296000,115297000,6,-1
4099,chr5,115369794,115370140,115296600,115296948,EH38E2400445,EH38E3654993,115369000,115370000,115296000,115297000,2,-1
4100,chr5,115544078,115544419,115296600,115296948,EH38E3655116,EH38E3654993,115544000,115545000,115296000,115297000,4,-1
4101,chr5,115625553,115625722,115296600,115296948,EH38E3655160,EH38E3654993,115625000,115626000,115296000,115297000,4,-1
4102,chr5,115816286,115816454,115296600,115296948,EH38E3655231,EH38E3654993,115816000,115817000,115296000,115297000,5,-1
4103,chr5,115816811,115817007,115296600,115296948,EH38E3655232,EH38E3654993,115816000,115817000,115296000,115297000,5,-1
4104,chr5,112976267,112976419,115544673,115544835,EH38E3654402,EH38E3655117,112976000,112977000,115544000,115545000,1,-1
4105,chr5,112976926,112977163,115544673,115544835,EH38E3654403,EH38E3655117,112976000,112977000,115544000,115545000,1,-1
4106,chr5,114361001,114361346,115544673,115544835,EH38E3654830,EH38E3655117,114361000,114362000,115544000,115545000,1,-1
4107,chr5,114361497,114361773,115544673,115544835,EH38E2400192,EH38E3655117,114361000,114362000,115544000,115545000,1,-1
4108,chr5,115169076,115169281,115544673,115544835,EH38E3654947,EH38E3655117,115169000,115170000,115544000,115545000,3,-1
4109,chr5,115328665,115328965,115544673,115544835,EH38E2400419,EH38E3655117,115328000,115329000,115544000,115545000,3,-1
4110,chr5,115329442,115329787,115544673,115544835,EH38E3655004,EH38E3655117,115329000,115330000,115544000,115545000,5,-1
4111,chr5,115369794,115370140,115544673,115544835,EH38E2400445,EH38E3655117,115369000,115370000,115544000,115545000,4,-1
4112,chr5,115544078,115544419,115544673,115544835,EH38E3655116,EH38E3655117,115544000,115545000,115544000,115545000,366,-1
4113,chr5,115625553,115625722,115544673,115544835,EH38E3655160,EH38E3655117,115625000,115626000,115544000,115545000,3,-1
4114,chr5,115816286,115816454,115544673,115544835,EH38E3655231,EH38E3655117,115816000,115817000,115544000,115545000,6,-1
4115,chr5,115816811,115817007,115544673,115544835,EH38E3655232,EH38E3655117,115816000,115817000,115544000,115545000,6,-1
4116,chr5,115842133,115842341,115544673,115544835,EH38E3655249,EH38E3655117,115842000,115843000,115544000,115545000,2,-1
4117,chr5,112976267,112976419,115544837,115545063,EH38E3654402,EH38E3655118,112976000,112977000,115544000,115545000,1,-1
4118,chr5,112976926,112977163,115544837,115545063,EH38E3654403,EH38E3655118,112976000,112977000,115544000,115545000,1,-1
4119,chr5,114361001,114361346,115544837,115545063,EH38E3654830,EH38E3655118,114361000,114362000,115544000,115545000,1,-1
4120,chr5,114361497,114361773,115544837,115545063,EH38E2400192,EH38E3655118,114361000,114362000,115544000,115545000,1,-1
4121,chr5,115169076,115169281,115544837,115545063,EH38E3654947,EH38E3655118,115169000,115170000,115544000,115545000,3,-1
4122,chr5,115328665,115328965,115544837,115545063,EH38E2400419,EH38E3655118,115328000,115329000,115544000,115545000,3,-1
4123,chr5,115329442,115329787,115544837,115545063,EH38E3655004,EH38E3655118,115329000,115330000,115544000,115545000,5,-1
4124,chr5,115369794,115370140,115544837,115545063,EH38E2400445,EH38E3655118,115369000,115370000,115544000,115545000,4,-1
4125,chr5,115544078,115544419,115544837,115545063,EH38E3655116,EH38E3655118,115544000,115545000,115544000,115545000,366,-1
4126,chr5,115625553,115625722,115544837,115545063,EH38E3655160,EH38E3655118,115625000,115626000,115544000,115545000,3,-1
4127,chr5,115816286,115816454,115544837,115545063,EH38E3655231,EH38E3655118,115816000,115817000,115544000,115545000,6,-1
4128,chr5,115816811,115817007,115544837,115545063,EH38E3655232,EH38E3655118,115816000,115817000,115544000,115545000,6,-1
4129,chr5,115842133,115842341,115544837,115545063,EH38E3655249,EH38E3655118,115842000,115843000,115544000,115545000,2,-1
4130,chr5,112707889,112708092,115544837,115545063,EH38E2399303,EH38E3655118,112708000,112709000,115545000,115546000,1,-1
4131,chr5,116773996,116774337,115544837,115545063,EH38E2401335,EH38E3655118,116774000,116775000,115545000,115546000,1,-1
4132,chr5,113069814,113070059,115625740,115625924,EH38E2399593,EH38E3655161,113069000,113070000,115625000,115626000,1,-1
4133,chr5,113513868,113514086,115625740,115625924,EH38E2399954,EH38E3655161,113514000,113515000,115625000,115626000,1,-1
4134,chr5,115169076,115169281,115625740,115625924,EH38E3654947,EH38E3655161,115169000,115170000,115625000,115626000,3,-1
4135,chr5,115329442,115329787,115625740,115625924,EH38E3655004,EH38E3655161,115329000,115330000,115625000,115626000,2,-1
4136,chr5,115369794,115370140,115625740,115625924,EH38E2400445,EH38E3655161,115369000,115370000,115625000,115626000,4,-1
4137,chr5,115544078,115544419,115625740,115625924,EH38E3655116,EH38E3655161,115544000,115545000,115625000,115626000,3,-1
4138,chr5,115625553,115625722,115625740,115625924,EH38E3655160,EH38E3655161,115625000,115626000,115625000,115626000,295,-1
4139,chr5,115816286,115816454,115625740,115625924,EH38E3655231,EH38E3655161,115816000,115817000,115625000,115626000,17,-1
4140,chr5,115816811,115817007,115625740,115625924,EH38E3655232,EH38E3655161,115816000,115817000,115625000,115626000,17,-1
4141,chr5,115842133,115842341,115625740,115625924,EH38E3655249,EH38E3655161,115842000,115843000,115625000,115626000,8,-1
4142,chr5,116864817,116865167,115625740,115625924,EH38E2401388,EH38E3655161,116865000,116866000,115625000,115626000,1,-1
4143,chr5,116865584,116865874,115625740,115625924,EH38E3655659,EH38E3655161,116865000,116866000,115625000,115626000,1,-1
4144,chr5,113069814,113070059,115625993,115626343,EH38E2399593,EH38E3655162,113069000,113070000,115625000,115626000,1,-1
4145,chr5,113513868,113514086,115625993,115626343,EH38E2399954,EH38E3655162,113514000,113515000,115625000,115626000,1,-1
4146,chr5,115169076,115169281,115625993,115626343,EH38E3654947,EH38E3655162,115169000,115170000,115625000,115626000,3,-1
4147,chr5,115329442,115329787,115625993,115626343,EH38E3655004,EH38E3655162,115329000,115330000,115625000,115626000,2,-1
4148,chr5,115369794,115370140,115625993,115626343,EH38E2400445,EH38E3655162,115369000,115370000,115625000,115626000,4,-1
4149,chr5,115544078,115544419,115625993,115626343,EH38E3655116,EH38E3655162,115544000,115545000,115625000,115626000,3,-1
4150,chr5,115625553,115625722,115625993,115626343,EH38E3655160,EH38E3655162,115625000,115626000,115625000,115626000,295,-1
4151,chr5,115816286,115816454,115625993,115626343,EH38E3655231,EH38E3655162,115816000,115817000,115625000,115626000,17,-1
4152,chr5,115816811,115817007,115625993,115626343,EH38E3655232,EH38E3655162,115816000,115817000,115625000,115626000,17,-1
4153,chr5,116864817,116865167,115625993,115626343,EH38E2401388,EH38E3655162,116865000,116866000,115625000,115626000,1,-1
4154,chr5,116865584,116865874,115625993,115626343,EH38E3655659,EH38E3655162,116865000,116866000,115625000,115626000,1,-1
4155,chr5,115328665,115328965,115625993,115626343,EH38E2400419,EH38E3655162,115328000,115329000,115626000,115627000,3,-1
4156,chr5,115842133,115842341,115625993,115626343,EH38E3655249,EH38E3655162,115842000,115843000,115626000,115627000,10,-1
4157,chr5,115169076,115169281,115816456,115816787,EH38E3654947,EH38E2400758,115169000,115170000,115816000,115817000,1,-1
4158,chr5,115328665,115328965,115816456,115816787,EH38E2400419,EH38E2400758,115328000,115329000,115816000,115817000,1,-1
4159,chr5,115329442,115329787,115816456,115816787,EH38E3655004,EH38E2400758,115329000,115330000,115816000,115817000,1,-1
4160,chr5,115369794,115370140,115816456,115816787,EH38E2400445,EH38E2400758,115369000,115370000,115816000,115817000,3,-1
4161,chr5,115544078,115544419,115816456,115816787,EH38E3655116,EH38E2400758,115544000,115545000,115816000,115817000,6,-1
4162,chr5,115625553,115625722,115816456,115816787,EH38E3655160,EH38E2400758,115625000,115626000,115816000,115817000,17,-1
4163,chr5,115816286,115816454,115816456,115816787,EH38E3655231,EH38E2400758,115816000,115817000,115816000,115817000,772,-1
4164,chr5,115816811,115817007,115816456,115816787,EH38E3655232,EH38E2400758,115816000,115817000,115816000,115817000,772,-1
4165,chr5,115842133,115842341,115816456,115816787,EH38E3655249,EH38E2400758,115842000,115843000,115816000,115817000,8,-1
4166,chr5,116773996,116774337,115816456,115816787,EH38E2401335,EH38E2400758,116773000,116774000,115816000,115817000,2,-1
4167,chr5,115328665,115328965,115841299,115841456,EH38E2400419,EH38E3655246,115328000,115329000,115841000,115842000,1,-1
4168,chr5,115369794,115370140,115841299,115841456,EH38E2400445,EH38E3655246,115370000,115371000,115841000,115842000,2,-1
4169,chr5,115544078,115544419,115841299,115841456,EH38E3655116,EH38E3655246,115544000,115545000,115841000,115842000,4,-1
4170,chr5,115625553,115625722,115841299,115841456,EH38E3655160,EH38E3655246,115625000,115626000,115841000,115842000,6,-1
4171,chr5,115816286,115816454,115841299,115841456,EH38E3655231,EH38E3655246,115816000,115817000,115841000,115842000,12,-1
4172,chr5,115816811,115817007,115841299,115841456,EH38E3655232,EH38E3655246,115816000,115817000,115841000,115842000,12,-1
4173,chr5,115842133,115842341,115841299,115841456,EH38E3655249,EH38E3655246,115842000,115843000,115841000,115842000,187,-1
4174,chr5,116573101,116573306,115841299,115841456,EH38E3655546,EH38E3655246,116573000,116574000,115841000,115842000,1,-1
4175,chr5,116575647,116575801,115841299,115841456,EH38E3655548,EH38E3655246,116575000,116576000,115841000,115842000,1,-1
4176,chr5,116575808,116576065,115841299,115841456,EH38E3655549,EH38E3655246,116575000,116576000,115841000,115842000,1,-1
4177,chr5,115328665,115328965,115841488,115841750,EH38E2400419,EH38E3655247,115328000,115329000,115841000,115842000,1,-1
4178,chr5,115369794,115370140,115841488,115841750,EH38E2400445,EH38E3655247,115370000,115371000,115841000,115842000,2,-1
4179,chr5,115544078,115544419,115841488,115841750,EH38E3655116,EH38E3655247,115544000,115545000,115841000,115842000,4,-1
4180,chr5,115625553,115625722,115841488,115841750,EH38E3655160,EH38E3655247,115625000,115626000,115841000,115842000,6,-1
4181,chr5,115816286,115816454,115841488,115841750,EH38E3655231,EH38E3655247,115816000,115817000,115841000,115842000,12,-1
4182,chr5,115816811,115817007,115841488,115841750,EH38E3655232,EH38E3655247,115816000,115817000,115841000,115842000,12,-1
4183,chr5,115842133,115842341,115841488,115841750,EH38E3655249,EH38E3655247,115842000,115843000,115841000,115842000,187,-1
4184,chr5,116573101,116573306,115841488,115841750,EH38E3655546,EH38E3655247,116573000,116574000,115841000,115842000,1,-1
4185,chr5,116575647,116575801,115841488,115841750,EH38E3655548,EH38E3655247,116575000,116576000,115841000,115842000,1,-1
4186,chr5,116575808,116576065,115841488,115841750,EH38E3655549,EH38E3655247,116575000,116576000,115841000,115842000,1,-1
4187,chr5,115328665,115328965,115841756,115842105,EH38E2400419,EH38E3655248,115328000,115329000,115841000,115842000,1,-1
4188,chr5,115544078,115544419,115841756,115842105,EH38E3655116,EH38E3655248,115544000,115545000,115841000,115842000,4,-1
4189,chr5,115816286,115816454,115841756,115842105,EH38E3655231,EH38E3655248,115816000,115817000,115841000,115842000,12,-1
4190,chr5,115816811,115817007,115841756,115842105,EH38E3655232,EH38E3655248,115816000,115817000,115841000,115842000,12,-1
4191,chr5,116573101,116573306,115841756,115842105,EH38E3655546,EH38E3655248,116573000,116574000,115841000,115842000,1,-1
4192,chr5,116575647,116575801,115841756,115842105,EH38E3655548,EH38E3655248,116575000,116576000,115841000,115842000,1,-1
4193,chr5,116575808,116576065,115841756,115842105,EH38E3655549,EH38E3655248,116575000,116576000,115841000,115842000,1,-1
4194,chr5,114361001,114361346,115841756,115842105,EH38E3654830,EH38E3655248,114361000,114362000,115842000,115843000,1,-1
4195,chr5,114361497,114361773,115841756,115842105,EH38E2400192,EH38E3655248,114361000,114362000,115842000,115843000,1,-1
4196,chr5,115169076,115169281,115841756,115842105,EH38E3654947,EH38E3655248,115169000,115170000,115842000,115843000,2,-1
4197,chr5,115329442,115329787,115841756,115842105,EH38E3655004,EH38E3655248,115329000,115330000,115842000,115843000,1,-1
4198,chr5,115369794,115370140,115841756,115842105,EH38E2400445,EH38E3655248,115369000,115370000,115842000,115843000,2,-1
4199,chr5,115625553,115625722,115841756,115842105,EH38E3655160,EH38E3655248,115625000,115626000,115842000,115843000,8,-1
4200,chr5,115842133,115842341,115841756,115842105,EH38E3655249,EH38E3655248,115842000,115843000,115842000,115843000,372,-1
4201,chr5,116559233,116559576,115841756,115842105,EH38E3655536,EH38E3655248,116559000,116560000,115842000,115843000,1,-1
4202,chr5,116559899,116560186,115841756,115842105,EH38E3655537,EH38E3655248,116559000,116560000,115842000,115843000,1,-1
4203,chr5,115169076,115169281,116084983,116085156,EH38E3654947,EH38E3655345,115169000,115170000,116084000,116085000,2,-1
4204,chr5,115544078,115544419,116084983,116085156,EH38E3655116,EH38E3655345,115544000,115545000,116084000,116085000,1,-1
4205,chr5,115625553,115625722,116084983,116085156,EH38E3655160,EH38E3655345,115625000,115626000,116084000,116085000,2,-1
4206,chr5,116509570,116509841,116084983,116085156,EH38E3655493,EH38E3655345,116509000,116510000,116084000,116085000,1,-1
4207,chr5,116573101,116573306,116084983,116085156,EH38E3655546,EH38E3655345,116573000,116574000,116084000,116085000,1,-1
4208,chr5,115369794,115370140,116084983,116085156,EH38E2400445,EH38E3655345,115370000,115371000,116085000,116086000,2,-1
4209,chr5,115816286,115816454,116084983,116085156,EH38E3655231,EH38E3655345,115816000,115817000,116085000,116086000,5,-1
4210,chr5,115816811,115817007,116084983,116085156,EH38E3655232,EH38E3655345,115816000,115817000,116085000,116086000,5,-1
4211,chr5,115842133,115842341,116084983,116085156,EH38E3655249,EH38E3655345,115842000,115843000,116085000,116086000,4,-1
4212,chr5,115169076,115169281,116085168,116085517,EH38E3654947,EH38E3655346,115169000,115170000,116085000,116086000,1,-1
4213,chr5,115369794,115370140,116085168,116085517,EH38E2400445,EH38E3655346,115370000,115371000,116085000,116086000,2,-1
4214,chr5,115625553,115625722,116085168,116085517,EH38E3655160,EH38E3655346,115625000,115626000,116085000,116086000,1,-1
4215,chr5,115816286,115816454,116085168,116085517,EH38E3655231,EH38E3655346,115816000,115817000,116085000,116086000,5,-1
4216,chr5,115816811,115817007,116085168,116085517,EH38E3655232,EH38E3655346,115816000,115817000,116085000,116086000,5,-1
4217,chr5,115842133,115842341,116085168,116085517,EH38E3655249,EH38E3655346,115842000,115843000,116085000,116086000,4,-1
4218,chr5,115544078,115544419,116574697,116575047,EH38E3655116,EH38E2401206,115544000,115545000,116574000,116575000,1,-1
4219,chr5,115625553,115625722,116574697,116575047,EH38E3655160,EH38E2401206,115625000,115626000,116574000,116575000,1,-1
4220,chr5,116509570,116509841,116574697,116575047,EH38E3655493,EH38E2401206,116509000,116510000,116574000,116575000,8,-1
4221,chr5,116559233,116559576,116574697,116575047,EH38E3655536,EH38E2401206,116559000,116560000,116574000,116575000,19,-1
4222,chr5,116559899,116560186,116574697,116575047,EH38E3655537,EH38E2401206,116559000,116560000,116574000,116575000,19,-1
4223,chr5,116573101,116573306,116574697,116575047,EH38E3655546,EH38E2401206,116573000,116574000,116574000,116575000,649,-1
4224,chr5,116773996,116774337,116574697,116575047,EH38E2401335,EH38E2401206,116773000,116774000,116574000,116575000,6,-1
4225,chr5,116865584,116865874,116574697,116575047,EH38E3655659,EH38E2401206,116865000,116866000,116574000,116575000,3,-1
4226,chr5,119079532,119079882,116574697,116575047,EH38E3656105,EH38E2401206,119079000,119080000,116574000,116575000,1,-1
4227,chr5,114361001,114361346,116574697,116575047,EH38E3654830,EH38E2401206,114361000,114362000,116575000,116576000,1,-1
4228,chr5,114361497,114361773,116574697,116575047,EH38E2400192,EH38E2401206,114361000,114362000,116575000,116576000,1,-1
4229,chr5,116575647,116575801,116574697,116575047,EH38E3655548,EH38E2401206,116575000,116576000,116575000,116576000,212,-1
4230,chr5,116575808,116576065,116574697,116575047,EH38E3655549,EH38E2401206,116575000,116576000,116575000,116576000,212,-1
4231,chr5,116576159,116576506,116574697,116575047,EH38E3655550,EH38E2401206,116576000,116577000,116575000,116576000,214,-1
4232,chr5,116576533,116576716,116574697,116575047,EH38E3655551,EH38E2401206,116576000,116577000,116575000,116576000,214,-1
4233,chr5,116652327,116652676,116574697,116575047,EH38E3655571,EH38E2401206,116652000,116653000,116575000,116576000,6,-1
4234,chr5,116864005,116864299,116574697,116575047,EH38E3655657,EH38E2401206,116864000,116865000,116575000,116576000,6,-1
4235,chr5,116864331,116864681,116574697,116575047,EH38E3655658,EH38E2401206,116864000,116865000,116575000,116576000,6,-1
4236,chr5,116864817,116865167,116574697,116575047,EH38E2401388,EH38E2401206,116864000,116865000,116575000,116576000,6,-1
4237,chr5,119268892,119269042,116574697,116575047,EH38E3656148,EH38E2401206,119269000,119270000,116575000,116576000,1,-1
4238,chr5,116509570,116509841,118987971,118988135,EH38E3655493,EH38E2401976,116509000,116510000,118987000,118988000,1,-1
4239,chr5,119079532,119079882,118987971,118988135,EH38E3656105,EH38E2401976,119079000,119080000,118987000,118988000,2,-1
4240,chr5,119402163,119402460,118987971,118988135,EH38E3656305,EH38E2401976,119402000,119403000,118987000,118988000,3,-1
4241,chr5,119402621,119402815,118987971,118988135,EH38E3656306,EH38E2401976,119402000,119403000,118987000,118988000,3,-1
4242,chr5,116864817,116865167,118987971,118988135,EH38E2401388,EH38E2401976,116865000,116866000,118988000,118989000,1,-1
4243,chr5,116865584,116865874,118987971,118988135,EH38E3655659,EH38E2401976,116865000,116866000,118988000,118989000,1,-1
4244,chr5,118953013,118953343,118987971,118988135,EH38E2401963,EH38E2401976,118953000,118954000,118988000,118989000,2,-1
4245,chr5,119049859,119050199,118987971,118988135,EH38E2402010,EH38E2401976,119049000,119050000,118988000,118989000,2,-1
4246,chr5,119070606,119070768,118987971,118988135,EH38E3656095,EH38E2401976,119070000,119071000,118988000,118989000,4,-1
4247,chr5,119268892,119269042,118987971,118988135,EH38E3656148,EH38E2401976,119268000,119269000,118988000,118989000,8,-1
4248,chr5,119452835,119452993,118987971,118988135,EH38E2402330,EH38E2401976,119452000,119453000,118988000,118989000,7,-1
4249,chr5,116864817,116865167,118988140,118988371,EH38E2401388,EH38E3656060,116865000,116866000,118988000,118989000,1,-1
4250,chr5,116865584,116865874,118988140,118988371,EH38E3655659,EH38E3656060,116865000,116866000,118988000,118989000,1,-1
4251,chr5,118953013,118953343,118988140,118988371,EH38E2401963,EH38E3656060,118953000,118954000,118988000,118989000,2,-1
4252,chr5,119049859,119050199,118988140,118988371,EH38E2402010,EH38E3656060,119049000,119050000,118988000,118989000,2,-1
4253,chr5,119070606,119070768,118988140,118988371,EH38E3656095,EH38E3656060,119070000,119071000,118988000,118989000,4,-1
4254,chr5,119268892,119269042,118988140,118988371,EH38E3656148,EH38E3656060,119268000,119269000,118988000,118989000,8,-1
4255,chr5,119402163,119402460,118988140,118988371,EH38E3656305,EH38E3656060,119402000,119403000,118988000,118989000,3,-1
4256,chr5,119402621,119402815,118988140,118988371,EH38E3656306,EH38E3656060,119402000,119403000,118988000,118989000,3,-1
4257,chr5,119452835,119452993,118988140,118988371,EH38E2402330,EH38E3656060,119452000,119453000,118988000,118989000,7,-1
4258,chr5,116864817,116865167,118988397,118988746,EH38E2401388,EH38E2401978,116865000,116866000,118988000,118989000,1,-1
4259,chr5,116865584,116865874,118988397,118988746,EH38E3655659,EH38E2401978,116865000,116866000,118988000,118989000,1,-1
4260,chr5,118953013,118953343,118988397,118988746,EH38E2401963,EH38E2401978,118953000,118954000,118988000,118989000,2,-1
4261,chr5,119049859,119050199,118988397,118988746,EH38E2402010,EH38E2401978,119049000,119050000,118988000,118989000,2,-1
4262,chr5,119070606,119070768,118988397,118988746,EH38E3656095,EH38E2401978,119070000,119071000,118988000,118989000,4,-1
4263,chr5,119268892,119269042,118988397,118988746,EH38E3656148,EH38E2401978,119268000,119269000,118988000,118989000,8,-1
4264,chr5,119402163,119402460,118988397,118988746,EH38E3656305,EH38E2401978,119402000,119403000,118988000,118989000,3,-1
4265,chr5,119402621,119402815,118988397,118988746,EH38E3656306,EH38E2401978,119402000,119403000,118988000,118989000,3,-1
4266,chr5,119452835,119452993,118988397,118988746,EH38E2402330,EH38E2401978,119452000,119453000,118988000,118989000,7,-1
4267,chr5,116573101,116573306,119070831,119071181,EH38E3655546,EH38E3656096,116573000,116574000,119070000,119071000,1,-1
4268,chr5,116864005,116864299,119070831,119071181,EH38E3655657,EH38E3656096,116864000,116865000,119070000,119071000,1,-1
4269,chr5,116864331,116864681,119070831,119071181,EH38E3655658,EH38E3656096,116864000,116865000,119070000,119071000,1,-1
4270,chr5,116864817,116865167,119070831,119071181,EH38E2401388,EH38E3656096,116864000,116865000,119070000,119071000,1,-1
4271,chr5,118953013,118953343,119070831,119071181,EH38E2401963,EH38E3656096,118953000,118954000,119070000,119071000,2,-1
4272,chr5,119049859,119050199,119070831,119071181,EH38E2402010,EH38E3656096,119049000,119050000,119070000,119071000,5,-1
4273,chr5,119070606,119070768,119070831,119071181,EH38E3656095,EH38E3656096,119070000,119071000,119070000,119071000,213,-1
4274,chr5,119452835,119452993,119070831,119071181,EH38E2402330,EH38E3656096,119452000,119453000,119070000,119071000,2,-1
4275,chr5,116559233,116559576,119070831,119071181,EH38E3655536,EH38E3656096,116559000,116560000,119071000,119072000,1,-1
4276,chr5,116559899,116560186,119070831,119071181,EH38E3655537,EH38E3656096,116559000,116560000,119071000,119072000,1,-1
4277,chr5,116773996,116774337,119070831,119071181,EH38E2401335,EH38E3656096,116774000,116775000,119071000,119072000,1,-1
4278,chr5,119079532,119079882,119070831,119071181,EH38E3656105,EH38E3656096,119079000,119080000,119071000,119072000,28,-1
4279,chr5,119268892,119269042,119070831,119071181,EH38E3656148,EH38E3656096,119268000,119269000,119071000,119072000,4,-1
4280,chr5,119402163,119402460,119070831,119071181,EH38E3656305,EH38E3656096,119402000,119403000,119071000,119072000,2,-1
4281,chr5,119402621,119402815,119070831,119071181,EH38E3656306,EH38E3656096,119402000,119403000,119071000,119072000,2,-1
4282,chr5,120512047,120512395,119070831,119071181,EH38E2402636,EH38E3656096,120512000,120513000,119071000,119072000,1,-1
4283,chr5,116559233,116559576,119071188,119071425,EH38E3655536,EH38E2402024,116559000,116560000,119071000,119072000,1,-1
4284,chr5,116559899,116560186,119071188,119071425,EH38E3655537,EH38E2402024,116559000,116560000,119071000,119072000,1,-1
4285,chr5,116773996,116774337,119071188,119071425,EH38E2401335,EH38E2402024,116774000,116775000,119071000,119072000,1,-1
4286,chr5,118953013,118953343,119071188,119071425,EH38E2401963,EH38E2402024,118953000,118954000,119071000,119072000,1,-1
4287,chr5,119049859,119050199,119071188,119071425,EH38E2402010,EH38E2402024,119049000,119050000,119071000,119072000,3,-1
4288,chr5,119070606,119070768,119071188,119071425,EH38E3656095,EH38E2402024,119070000,119071000,119071000,119072000,76,-1
4289,chr5,119079532,119079882,119071188,119071425,EH38E3656105,EH38E2402024,119079000,119080000,119071000,119072000,28,-1
4290,chr5,119268892,119269042,119071188,119071425,EH38E3656148,EH38E2402024,119268000,119269000,119071000,119072000,4,-1
4291,chr5,119402163,119402460,119071188,119071425,EH38E3656305,EH38E2402024,119402000,119403000,119071000,119072000,2,-1
4292,chr5,119402621,119402815,119071188,119071425,EH38E3656306,EH38E2402024,119402000,119403000,119071000,119072000,2,-1
4293,chr5,119452835,119452993,119071188,119071425,EH38E2402330,EH38E2402024,119452000,119453000,119071000,119072000,2,-1
4294,chr5,120512047,120512395,119071188,119071425,EH38E2402636,EH38E2402024,120512000,120513000,119071000,119072000,1,-1
4295,chr5,116559233,116559576,119071517,119071678,EH38E3655536,EH38E2402025,116559000,116560000,119071000,119072000,1,-1
4296,chr5,116559899,116560186,119071517,119071678,EH38E3655537,EH38E2402025,116559000,116560000,119071000,119072000,1,-1
4297,chr5,116773996,116774337,119071517,119071678,EH38E2401335,EH38E2402025,116774000,116775000,119071000,119072000,1,-1
4298,chr5,118953013,118953343,119071517,119071678,EH38E2401963,EH38E2402025,118953000,118954000,119071000,119072000,1,-1
4299,chr5,119049859,119050199,119071517,119071678,EH38E2402010,EH38E2402025,119049000,119050000,119071000,119072000,3,-1
4300,chr5,119070606,119070768,119071517,119071678,EH38E3656095,EH38E2402025,119070000,119071000,119071000,119072000,76,-1
4301,chr5,119079532,119079882,119071517,119071678,EH38E3656105,EH38E2402025,119079000,119080000,119071000,119072000,28,-1
4302,chr5,119268892,119269042,119071517,119071678,EH38E3656148,EH38E2402025,119268000,119269000,119071000,119072000,4,-1
4303,chr5,119402163,119402460,119071517,119071678,EH38E3656305,EH38E2402025,119402000,119403000,119071000,119072000,2,-1
4304,chr5,119402621,119402815,119071517,119071678,EH38E3656306,EH38E2402025,119402000,119403000,119071000,119072000,2,-1
4305,chr5,119452835,119452993,119071517,119071678,EH38E2402330,EH38E2402025,119452000,119453000,119071000,119072000,2,-1
4306,chr5,120512047,120512395,119071517,119071678,EH38E2402636,EH38E2402025,120512000,120513000,119071000,119072000,1,-1
4307,chr5,119049859,119050199,119268520,119268870,EH38E2402010,EH38E2402095,119050000,119051000,119268000,119269000,2,-1
4308,chr5,119070606,119070768,119268520,119268870,EH38E3656095,EH38E2402095,119070000,119071000,119268000,119269000,3,-1
4309,chr5,119079532,119079882,119268520,119268870,EH38E3656105,EH38E2402095,119079000,119080000,119268000,119269000,2,-1
4310,chr5,119268892,119269042,119268520,119268870,EH38E3656148,EH38E2402095,119268000,119269000,119268000,119269000,243,-1
4311,chr5,119402163,119402460,119268520,119268870,EH38E3656305,EH38E2402095,119402000,119403000,119268000,119269000,3,-1
4312,chr5,119402621,119402815,119268520,119268870,EH38E3656306,EH38E2402095,119402000,119403000,119268000,119269000,3,-1
4313,chr5,119452835,119452993,119268520,119268870,EH38E2402330,EH38E2402095,119452000,119453000,119268000,119269000,2,-1
4314,chr5,122129343,122129678,119268520,119268870,EH38E3656845,EH38E2402095,122129000,122130000,119268000,119269000,1,-1
4315,chr5,116773996,116774337,119355174,119355511,EH38E2401335,EH38E3656256,116774000,116775000,119355000,119356000,1,-1
4316,chr5,119049859,119050199,119355174,119355511,EH38E2402010,EH38E3656256,119049000,119050000,119355000,119356000,1,-1
4317,chr5,119070606,119070768,119355174,119355511,EH38E3656095,EH38E3656256,119070000,119071000,119355000,119356000,2,-1
4318,chr5,119268892,119269042,119355174,119355511,EH38E3656148,EH38E3656256,119268000,119269000,119355000,119356000,2,-1
4319,chr5,119402163,119402460,119355174,119355511,EH38E3656305,EH38E3656256,119402000,119403000,119355000,119356000,3,-1
4320,chr5,119402621,119402815,119355174,119355511,EH38E3656306,EH38E3656256,119402000,119403000,119355000,119356000,3,-1
4321,chr5,119452835,119452993,119355174,119355511,EH38E2402330,EH38E3656256,119452000,119453000,119355000,119356000,2,-1
4322,chr5,116773996,116774337,119355736,119356078,EH38E2401335,EH38E3656257,116774000,116775000,119355000,119356000,1,-1
4323,chr5,119049859,119050199,119355736,119356078,EH38E2402010,EH38E3656257,119049000,119050000,119355000,119356000,1,-1
4324,chr5,119070606,119070768,119355736,119356078,EH38E3656095,EH38E3656257,119070000,119071000,119355000,119356000,2,-1
4325,chr5,119452835,119452993,119355736,119356078,EH38E2402330,EH38E3656257,119452000,119453000,119355000,119356000,2,-1
4326,chr5,116559233,116559576,119355736,119356078,EH38E3655536,EH38E3656257,116559000,116560000,119356000,119357000,1,-1
4327,chr5,116559899,116560186,119355736,119356078,EH38E3655537,EH38E3656257,116559000,116560000,119356000,119357000,1,-1
4328,chr5,118953013,118953343,119355736,119356078,EH38E2401963,EH38E3656257,118953000,118954000,119356000,119357000,1,-1
4329,chr5,119268892,119269042,119355736,119356078,EH38E3656148,EH38E3656257,119268000,119269000,119356000,119357000,9,-1
4330,chr5,119402163,119402460,119355736,119356078,EH38E3656305,EH38E3656257,119402000,119403000,119356000,119357000,5,-1
4331,chr5,119402621,119402815,119355736,119356078,EH38E3656306,EH38E3656257,119402000,119403000,119356000,119357000,5,-1
4332,chr5,120512047,120512395,119355736,119356078,EH38E2402636,EH38E3656257,120512000,120513000,119356000,119357000,1,-1
4333,chr5,116559233,116559576,119452439,119452785,EH38E3655536,EH38E2402329,116559000,116560000,119452000,119453000,1,-1
4334,chr5,116559899,116560186,119452439,119452785,EH38E3655537,EH38E2402329,116559000,116560000,119452000,119453000,1,-1
4335,chr5,119049859,119050199,119452439,119452785,EH38E2402010,EH38E2402329,119050000,119051000,119452000,119453000,1,-1
4336,chr5,119070606,119070768,119452439,119452785,EH38E3656095,EH38E2402329,119070000,119071000,119452000,119453000,2,-1
4337,chr5,119079532,119079882,119452439,119452785,EH38E3656105,EH38E2402329,119079000,119080000,119452000,119453000,1,-1
4338,chr5,119268892,119269042,119452439,119452785,EH38E3656148,EH38E2402329,119268000,119269000,119452000,119453000,2,-1
4339,chr5,119402163,119402460,119452439,119452785,EH38E3656305,EH38E2402329,119402000,119403000,119452000,119453000,1,-1
4340,chr5,119402621,119402815,119452439,119452785,EH38E3656306,EH38E2402329,119402000,119403000,119452000,119453000,1,-1
4341,chr5,119452835,119452993,119452439,119452785,EH38E2402330,EH38E2402329,119452000,119453000,119452000,119453000,277,-1
4342,chr5,120512047,120512395,119452439,119452785,EH38E2402636,EH38E2402329,120512000,120513000,119452000,119453000,1,-1
4343,chr5,119452835,119452993,120464098,120464448,EH38E2402330,EH38E3656517,119452000,119453000,120464000,120465000,2,-1
4344,chr5,120512047,120512395,120464098,120464448,EH38E2402636,EH38E3656517,120512000,120513000,120464000,120465000,9,-1
4345,chr5,120697805,120697958,120464098,120464448,EH38E3656585,EH38E3656517,120697000,120698000,120464000,120465000,2,-1
4346,chr5,120698049,120698235,120464098,120464448,EH38E2402706,EH38E3656517,120698000,120699000,120464000,120465000,2,-1
4347,chr5,120703288,120703489,120464098,120464448,EH38E3656586,EH38E3656517,120703000,120704000,120464000,120465000,2,-1
4348,chr5,119268892,119269042,121961676,121962026,EH38E3656148,EH38E2402962,119268000,119269000,121961000,121962000,1,-1
4349,chr5,119452835,119452993,121961676,121962026,EH38E2402330,EH38E2402962,119452000,119453000,121962000,121963000,1,-1
4350,chr5,120698049,120698235,121961676,121962026,EH38E2402706,EH38E2402962,120698000,120699000,121962000,121963000,1,-1
4351,chr5,122129343,122129678,121961676,121962026,EH38E3656845,EH38E2402962,122129000,122130000,121962000,121963000,2,-1
4352,chr5,122429764,122430113,121961676,121962026,EH38E3656964,EH38E2402962,122430000,122431000,121962000,121963000,1,-1
4353,chr5,119268892,119269042,122077029,122077376,EH38E3656148,EH38E3656810,119268000,119269000,122077000,122078000,2,-1
4354,chr5,119402163,119402460,122077029,122077376,EH38E3656305,EH38E3656810,119402000,119403000,122077000,122078000,1,-1
4355,chr5,119402621,119402815,122077029,122077376,EH38E3656306,EH38E3656810,119402000,119403000,122077000,122078000,1,-1
4356,chr5,122429764,122430113,122077029,122077376,EH38E3656964,EH38E3656810,122429000,122430000,122077000,122078000,3,-1
4357,chr5,122774671,122774821,122077029,122077376,EH38E3657071,EH38E3656810,122774000,122775000,122077000,122078000,1,-1
4358,chr5,122429764,122430113,122311499,122311760,EH38E3656964,EH38E3656908,122429000,122430000,122311000,122312000,3,-1
4359,chr5,122774671,122774821,122311499,122311760,EH38E3657071,EH38E3656908,122774000,122775000,122311000,122312000,1,-1
4360,chr5,122845723,122846038,122311499,122311760,EH38E3657100,EH38E3656908,122845000,122846000,122311000,122312000,1,-1
4361,chr5,123511459,123511791,122311499,122311760,EH38E3657371,EH38E3656908,123511000,123512000,122311000,122312000,1,-1
4362,chr5,124639144,124639485,122311499,122311760,EH38E3657738,EH38E3656908,124639000,124640000,122311000,122312000,1,-1
4363,chr5,120698049,120698235,122774821,122775169,EH38E2402706,EH38E3657072,120698000,120699000,122774000,122775000,1,-1
4364,chr5,122129343,122129678,122774821,122775169,EH38E3656845,EH38E3657072,122129000,122130000,122774000,122775000,1,-1
4365,chr5,122774671,122774821,122774821,122775169,EH38E3657071,EH38E3657072,122774000,122775000,122774000,122775000,183,-1
4366,chr5,123511459,123511791,122774821,122775169,EH38E3657371,EH38E3657072,123511000,123512000,122774000,122775000,1,-1
4367,chr5,124751180,124751347,122774821,122775169,EH38E2404620,EH38E3657072,124751000,124752000,122774000,122775000,1,-1
4368,chr5,122429764,122430113,122774821,122775169,EH38E3656964,EH38E3657072,122429000,122430000,122775000,122776000,1,-1
4369,chr5,122845723,122846038,122774821,122775169,EH38E3657100,EH38E3657072,122845000,122846000,122775000,122776000,5,-1
4370,chr5,123423731,123423969,122774821,122775169,EH38E2403776,EH38E3657072,123423000,123424000,122775000,122776000,1,-1
4371,chr5,123423975,123424133,122774821,122775169,EH38E2403777,EH38E3657072,123423000,123424000,122775000,122776000,1,-1
4372,chr5,124581003,124581334,122774821,122775169,EH38E2404397,EH38E3657072,124581000,124582000,122775000,122776000,1,-1
4373,chr5,124996665,124997012,122774821,122775169,EH38E3657952,EH38E3657072,124997000,124998000,122775000,122776000,1,-1
4374,chr5,122129343,122129678,122775204,122775401,EH38E3656845,EH38E3657073,122129000,122130000,122775000,122776000,1,-1
4375,chr5,122429764,122430113,122775204,122775401,EH38E3656964,EH38E3657073,122429000,122430000,122775000,122776000,1,-1
4376,chr5,122774671,122774821,122775204,122775401,EH38E3657071,EH38E3657073,122774000,122775000,122775000,122776000,60,-1
4377,chr5,122845723,122846038,122775204,122775401,EH38E3657100,EH38E3657073,122845000,122846000,122775000,122776000,5,-1
4378,chr5,123423731,123423969,122775204,122775401,EH38E2403776,EH38E3657073,123423000,123424000,122775000,122776000,1,-1
4379,chr5,123423975,123424133,122775204,122775401,EH38E2403777,EH38E3657073,123423000,123424000,122775000,122776000,1,-1
4380,chr5,124581003,124581334,122775204,122775401,EH38E2404397,EH38E3657073,124581000,124582000,122775000,122776000,1,-1
4381,chr5,124996665,124997012,122775204,122775401,EH38E3657952,EH38E3657073,124997000,124998000,122775000,122776000,1,-1
4382,chr5,122774671,122774821,122845245,122845410,EH38E3657071,EH38E3657098,122774000,122775000,122845000,122846000,1,-1
4383,chr5,122845723,122846038,122845245,122845410,EH38E3657100,EH38E3657098,122845000,122846000,122845000,122846000,192,-1
4384,chr5,123423731,123423969,122845245,122845410,EH38E2403776,EH38E3657098,123423000,123424000,122845000,122846000,1,-1
4385,chr5,123423975,123424133,122845245,122845410,EH38E2403777,EH38E3657098,123423000,123424000,122845000,122846000,1,-1
4386,chr5,123511459,123511791,122845245,122845410,EH38E3657371,EH38E3657098,123511000,123512000,122845000,122846000,1,-1
4387,chr5,122774671,122774821,122845420,122845688,EH38E3657071,EH38E3657099,122774000,122775000,122845000,122846000,1,-1
4388,chr5,122845723,122846038,122845420,122845688,EH38E3657100,EH38E3657099,122845000,122846000,122845000,122846000,192,-1
4389,chr5,123423731,123423969,122845420,122845688,EH38E2403776,EH38E3657099,123423000,123424000,122845000,122846000,1,-1
4390,chr5,123423975,123424133,122845420,122845688,EH38E2403777,EH38E3657099,123423000,123424000,122845000,122846000,1,-1
4391,chr5,123511459,123511791,122845420,122845688,EH38E3657371,EH38E3657099,123511000,123512000,122845000,122846000,1,-1
4392,chr5,122429764,122430113,123036061,123036372,EH38E3656964,EH38E3657176,122429000,122430000,123036000,123037000,1,-1
4393,chr5,122774671,122774821,123036061,123036372,EH38E3657071,EH38E3657176,122774000,122775000,123036000,123037000,4,-1
4394,chr5,122845723,122846038,123036061,123036372,EH38E3657100,EH38E3657176,122845000,122846000,123036000,123037000,5,-1
4395,chr5,123423731,123423969,123036061,123036372,EH38E2403776,EH38E3657176,123423000,123424000,123036000,123037000,2,-1
4396,chr5,123423975,123424133,123036061,123036372,EH38E2403777,EH38E3657176,123423000,123424000,123036000,123037000,2,-1
4397,chr5,123511459,123511791,123036061,123036372,EH38E3657371,EH38E3657176,123511000,123512000,123036000,123037000,1,-1
4398,chr5,122429764,122430113,123036609,123036914,EH38E3656964,EH38E3657177,122429000,122430000,123036000,123037000,1,-1
4399,chr5,122774671,122774821,123036609,123036914,EH38E3657071,EH38E3657177,122774000,122775000,123036000,123037000,4,-1
4400,chr5,122845723,122846038,123036609,123036914,EH38E3657100,EH38E3657177,122845000,122846000,123036000,123037000,5,-1
4401,chr5,123423731,123423969,123036609,123036914,EH38E2403776,EH38E3657177,123423000,123424000,123036000,123037000,2,-1
4402,chr5,123423975,123424133,123036609,123036914,EH38E2403777,EH38E3657177,123423000,123424000,123036000,123037000,2,-1
4403,chr5,123511459,123511791,123036609,123036914,EH38E3657371,EH38E3657177,123511000,123512000,123036000,123037000,1,-1
4404,chr5,122429764,122430113,123089157,123089313,EH38E3656964,EH38E2403574,122430000,122431000,123089000,123090000,1,-1
4405,chr5,122845723,122846038,123089157,123089313,EH38E3657100,EH38E2403574,122845000,122846000,123089000,123090000,8,-1
4406,chr5,123423731,123423969,123089157,123089313,EH38E2403776,EH38E2403574,123423000,123424000,123089000,123090000,5,-1
4407,chr5,123423975,123424133,123089157,123089313,EH38E2403777,EH38E2403574,123423000,123424000,123089000,123090000,5,-1
4408,chr5,124639144,124639485,123089157,123089313,EH38E3657738,EH38E2403574,124639000,124640000,123089000,123090000,1,-1
4409,chr5,125668959,125669304,123089157,123089313,EH38E3658205,EH38E2403574,125668000,125669000,123089000,123090000,1,-1
4410,chr5,122429764,122430113,123089330,123089504,EH38E3656964,EH38E2403575,122430000,122431000,123089000,123090000,1,-1
4411,chr5,122845723,122846038,123089330,123089504,EH38E3657100,EH38E2403575,122845000,122846000,123089000,123090000,8,-1
4412,chr5,123423731,123423969,123089330,123089504,EH38E2403776,EH38E2403575,123423000,123424000,123089000,123090000,5,-1
4413,chr5,123423975,123424133,123089330,123089504,EH38E2403777,EH38E2403575,123423000,123424000,123089000,123090000,5,-1
4414,chr5,124639144,124639485,123089330,123089504,EH38E3657738,EH38E2403575,124639000,124640000,123089000,123090000,1,-1
4415,chr5,125668959,125669304,123089330,123089504,EH38E3658205,EH38E2403575,125668000,125669000,123089000,123090000,1,-1
4416,chr5,120698049,120698235,123423326,123423674,EH38E2402706,EH38E3657330,120698000,120699000,123423000,123424000,1,-1
4417,chr5,122845723,122846038,123423326,123423674,EH38E3657100,EH38E3657330,122845000,122846000,123423000,123424000,1,-1
4418,chr5,123423731,123423969,123423326,123423674,EH38E2403776,EH38E3657330,123423000,123424000,123423000,123424000,161,-1
4419,chr5,123423975,123424133,123423326,123423674,EH38E2403777,EH38E3657330,123423000,123424000,123423000,123424000,161,-1
4420,chr5,123511459,123511791,123423326,123423674,EH38E3657371,EH38E3657330,123511000,123512000,123423000,123424000,4,-1
4421,chr5,123874847,123875154,123423326,123423674,EH38E3657484,EH38E3657330,123874000,123875000,123423000,123424000,1,-1
4422,chr5,124309557,124309902,123423326,123423674,EH38E2404236,EH38E3657330,124309000,124310000,123423000,123424000,1,-1
4423,chr5,125668959,125669304,123423326,123423674,EH38E3658205,EH38E3657330,125669000,125670000,123423000,123424000,1,-1
4424,chr5,122429764,122430113,123511937,123512287,EH38E3656964,EH38E3657372,122430000,122431000,123511000,123512000,1,-1
4425,chr5,122774671,122774821,123511937,123512287,EH38E3657071,EH38E3657372,122774000,122775000,123511000,123512000,1,-1
4426,chr5,122845723,122846038,123511937,123512287,EH38E3657100,EH38E3657372,122845000,122846000,123511000,123512000,1,-1
4427,chr5,123423731,123423969,123511937,123512287,EH38E2403776,EH38E3657372,123423000,123424000,123511000,123512000,4,-1
4428,chr5,123423975,123424133,123511937,123512287,EH38E2403777,EH38E3657372,123423000,123424000,123511000,123512000,4,-1
4429,chr5,123511459,123511791,123511937,123512287,EH38E3657371,EH38E3657372,123511000,123512000,123511000,123512000,301,-1
4430,chr5,124748745,124749089,123511937,123512287,EH38E2404615,EH38E3657372,124749000,124750000,123511000,123512000,1,-1
4431,chr5,124749263,124749582,123511937,123512287,EH38E2404616,EH38E3657372,124749000,124750000,123511000,123512000,1,-1
4432,chr5,123874847,123875154,123511937,123512287,EH38E3657484,EH38E3657372,123875000,123876000,123512000,123513000,1,-1
4433,chr5,123875568,123875752,123511937,123512287,EH38E3657486,EH38E3657372,123875000,123876000,123512000,123513000,1,-1
4434,chr5,123875831,123876176,123511937,123512287,EH38E2404010,EH38E3657372,123875000,123876000,123512000,123513000,1,-1
4435,chr5,124309557,124309902,123511937,123512287,EH38E2404236,EH38E3657372,124309000,124310000,123512000,123513000,1,-1
4436,chr5,124581003,124581334,123511937,123512287,EH38E2404397,EH38E3657372,124581000,124582000,123512000,123513000,1,-1
4437,chr5,124746574,124746831,123511937,123512287,EH38E2404609,EH38E3657372,124746000,124747000,123512000,123513000,1,-1
4438,chr5,123423731,123423969,123512298,123512456,EH38E2403776,EH38E3657373,123423000,123424000,123512000,123513000,3,-1
4439,chr5,123423975,123424133,123512298,123512456,EH38E2403777,EH38E3657373,123423000,123424000,123512000,123513000,3,-1
4440,chr5,123511459,123511791,123512298,123512456,EH38E3657371,EH38E3657373,123511000,123512000,123512000,123513000,57,-1
4441,chr5,123874847,123875154,123512298,123512456,EH38E3657484,EH38E3657373,123875000,123876000,123512000,123513000,1,-1
4442,chr5,123875568,123875752,123512298,123512456,EH38E3657486,EH38E3657373,123875000,123876000,123512000,123513000,1,-1
4443,chr5,123875831,123876176,123512298,123512456,EH38E2404010,EH38E3657373,123875000,123876000,123512000,123513000,1,-1
4444,chr5,124309557,124309902,123512298,123512456,EH38E2404236,EH38E3657373,124309000,124310000,123512000,123513000,1,-1
4445,chr5,124581003,124581334,123512298,123512456,EH38E2404397,EH38E3657373,124581000,124582000,123512000,123513000,1,-1
4446,chr5,124746574,124746831,123512298,123512456,EH38E2404609,EH38E3657373,124746000,124747000,123512000,123513000,1,-1
4447,chr5,123423731,123423969,124735076,124735426,EH38E2403776,EH38E2404579,123423000,123424000,124735000,124736000,1,-1
4448,chr5,123423975,123424133,124735076,124735426,EH38E2403777,EH38E2404579,123423000,123424000,124735000,124736000,1,-1
4449,chr5,124309557,124309902,124735076,124735426,EH38E2404236,EH38E2404579,124309000,124310000,124735000,124736000,2,-1
4450,chr5,124581003,124581334,124735076,124735426,EH38E2404397,EH38E2404579,124581000,124582000,124735000,124736000,4,-1
4451,chr5,124639144,124639485,124735076,124735426,EH38E3657738,EH38E2404579,124639000,124640000,124735000,124736000,2,-1
4452,chr5,124660719,124661068,124735076,124735426,EH38E2404488,EH38E2404579,124660000,124661000,124735000,124736000,6,-1
4453,chr5,124746574,124746831,124735076,124735426,EH38E2404609,EH38E2404579,124746000,124747000,124735000,124736000,4,-1
4454,chr5,124747274,124747622,124735076,124735426,EH38E2404611,EH38E2404579,124747000,124748000,124735000,124736000,4,-1
4455,chr5,124748745,124749089,124735076,124735426,EH38E2404615,EH38E2404579,124748000,124749000,124735000,124736000,4,-1
4456,chr5,124749263,124749582,124735076,124735426,EH38E2404616,EH38E2404579,124749000,124750000,124735000,124736000,1,-1
4457,chr5,124751180,124751347,124735076,124735426,EH38E2404620,EH38E2404579,124751000,124752000,124735000,124736000,2,-1
4458,chr5,124963420,124963570,124735076,124735426,EH38E2404798,EH38E2404579,124963000,124964000,124735000,124736000,1,-1
4459,chr5,124996001,124996288,124735076,124735426,EH38E3657950,EH38E2404579,124996000,124997000,124735000,124736000,2,-1
4460,chr5,124996294,124996640,124735076,124735426,EH38E3657951,EH38E2404579,124996000,124997000,124735000,124736000,2,-1
4461,chr5,124996665,124997012,124735076,124735426,EH38E3657952,EH38E2404579,124996000,124997000,124735000,124736000,2,-1
4462,chr5,123874847,123875154,126423008,126423161,EH38E3657484,EH38E2405538,123874000,123875000,126423000,126424000,1,-1
4463,chr5,126057234,126057584,126423008,126423161,EH38E3658295,EH38E2405538,126057000,126058000,126423000,126424000,1,-1
4464,chr5,126368491,126368831,126423008,126423161,EH38E2405503,EH38E2405538,126368000,126369000,126423000,126424000,3,-1
4465,chr5,126423624,126423792,126423008,126423161,EH38E3658396,EH38E2405538,126423000,126424000,126423000,126424000,263,-1
4466,chr5,126594871,126595082,126423008,126423161,EH38E3658489,EH38E2405538,126595000,126596000,126423000,126424000,1,-1
4467,chr5,126595518,126595721,126423008,126423161,EH38E3658491,EH38E2405538,126595000,126596000,126423000,126424000,1,-1
4468,chr5,126601189,126601489,126423008,126423161,EH38E3658497,EH38E2405538,126601000,126602000,126423000,126424000,1,-1
4469,chr5,127517817,127518164,126423008,126423161,EH38E3658882,EH38E2405538,127517000,127518000,126423000,126424000,1,-1
4470,chr5,123874847,123875154,126423179,126423528,EH38E3657484,EH38E2405539,123874000,123875000,126423000,126424000,1,-1
4471,chr5,126057234,126057584,126423179,126423528,EH38E3658295,EH38E2405539,126057000,126058000,126423000,126424000,1,-1
4472,chr5,126368491,126368831,126423179,126423528,EH38E2405503,EH38E2405539,126368000,126369000,126423000,126424000,3,-1
4473,chr5,126423624,126423792,126423179,126423528,EH38E3658396,EH38E2405539,126423000,126424000,126423000,126424000,263,-1
4474,chr5,126594871,126595082,126423179,126423528,EH38E3658489,EH38E2405539,126595000,126596000,126423000,126424000,1,-1
4475,chr5,126595518,126595721,126423179,126423528,EH38E3658491,EH38E2405539,126595000,126596000,126423000,126424000,1,-1
4476,chr5,126601189,126601489,126423179,126423528,EH38E3658497,EH38E2405539,126601000,126602000,126423000,126424000,1,-1
4477,chr5,127517817,127518164,126423179,126423528,EH38E3658882,EH38E2405539,127517000,127518000,126423000,126424000,1,-1
4478,chr5,123874847,123875154,126595120,126595470,EH38E3657484,EH38E3658490,123874000,123875000,126595000,126596000,1,-1
4479,chr5,123875568,123875752,126595120,126595470,EH38E3657486,EH38E3658490,123875000,123876000,126595000,126596000,1,-1
4480,chr5,123875831,123876176,126595120,126595470,EH38E2404010,EH38E3658490,123875000,123876000,126595000,126596000,1,-1
4481,chr5,124639144,124639485,126595120,126595470,EH38E3657738,EH38E3658490,124639000,124640000,126595000,126596000,1,-1
4482,chr5,124660719,124661068,126595120,126595470,EH38E2404488,EH38E3658490,124660000,124661000,126595000,126596000,1,-1
4483,chr5,126057234,126057584,126595120,126595470,EH38E3658295,EH38E3658490,126057000,126058000,126595000,126596000,1,-1
4484,chr5,126368491,126368831,126595120,126595470,EH38E2405503,EH38E3658490,126368000,126369000,126595000,126596000,1,-1
4485,chr5,126423624,126423792,126595120,126595470,EH38E3658396,EH38E3658490,126423000,126424000,126595000,126596000,1,-1
4486,chr5,126594871,126595082,126595120,126595470,EH38E3658489,EH38E3658490,126594000,126595000,126595000,126596000,252,-1
4487,chr5,126594871,126595082,126595120,126595470,EH38E3658489,EH38E3658490,126595000,126596000,126595000,126596000,141,-1
4488,chr5,126595518,126595721,126595120,126595470,EH38E3658491,EH38E3658490,126595000,126596000,126595000,126596000,141,-1
4489,chr5,126600340,126600690,126595120,126595470,EH38E3658495,EH38E3658490,126600000,126601000,126595000,126596000,39,-1
4490,chr5,126601189,126601489,126595120,126595470,EH38E3658497,EH38E3658490,126601000,126602000,126595000,126596000,20,-1
4491,chr5,126776712,126777057,126595120,126595470,EH38E2405780,EH38E3658490,126776000,126777000,126595000,126596000,1,-1
4492,chr5,126777626,126777965,126595120,126595470,EH38E2405783,EH38E3658490,126777000,126778000,126595000,126596000,4,-1
4493,chr5,126777993,126778164,126595120,126595470,EH38E2405784,EH38E3658490,126777000,126778000,126595000,126596000,4,-1
4494,chr5,126778201,126778551,126595120,126595470,EH38E2405785,EH38E3658490,126778000,126779000,126595000,126596000,2,-1
4495,chr5,126839442,126839726,126595120,126595470,EH38E2405831,EH38E3658490,126839000,126840000,126595000,126596000,1,-1
4496,chr5,127307808,127308158,126595120,126595470,EH38E3658792,EH38E3658490,127307000,127308000,126595000,126596000,2,-1
4497,chr5,128083301,128083488,126595120,126595470,EH38E3659111,EH38E3658490,128083000,128084000,126595000,126596000,1,-1
4498,chr5,123875568,123875752,126600750,126601094,EH38E3657486,EH38E3658496,123875000,123876000,126600000,126601000,1,-1
4499,chr5,123875831,123876176,126600750,126601094,EH38E2404010,EH38E3658496,123875000,123876000,126600000,126601000,1,-1
4500,chr5,124639144,124639485,126600750,126601094,EH38E3657738,EH38E3658496,124639000,124640000,126600000,126601000,1,-1
4501,chr5,126368491,126368831,126600750,126601094,EH38E2405503,EH38E3658496,126368000,126369000,126600000,126601000,1,-1
4502,chr5,126594871,126595082,126600750,126601094,EH38E3658489,EH38E3658496,126594000,126595000,126600000,126601000,21,-1
4503,chr5,126595518,126595721,126600750,126601094,EH38E3658491,EH38E3658496,126595000,126596000,126600000,126601000,39,-1
4504,chr5,126600340,126600690,126600750,126601094,EH38E3658495,EH38E3658496,126600000,126601000,126600000,126601000,251,-1
4505,chr5,126776712,126777057,126600750,126601094,EH38E2405780,EH38E3658496,126776000,126777000,126600000,126601000,1,-1
4506,chr5,126777626,126777965,126600750,126601094,EH38E2405783,EH38E3658496,126777000,126778000,126600000,126601000,3,-1
4507,chr5,126777993,126778164,126600750,126601094,EH38E2405784,EH38E3658496,126777000,126778000,126600000,126601000,3,-1
4508,chr5,126778201,126778551,126600750,126601094,EH38E2405785,EH38E3658496,126778000,126779000,126600000,126601000,5,-1
4509,chr5,126839442,126839726,126600750,126601094,EH38E2405831,EH38E3658496,126839000,126840000,126600000,126601000,2,-1
4510,chr5,128546829,128547167,126600750,126601094,EH38E2406853,EH38E3658496,128547000,128548000,126600000,126601000,1,-1
4511,chr5,123874847,123875154,126600750,126601094,EH38E3657484,EH38E3658496,123874000,123875000,126601000,126602000,1,-1
4512,chr5,126423624,126423792,126600750,126601094,EH38E3658396,EH38E3658496,126423000,126424000,126601000,126602000,1,-1
4513,chr5,126601189,126601489,126600750,126601094,EH38E3658497,EH38E3658496,126601000,126602000,126601000,126602000,339,-1
4514,chr5,127307808,127308158,126600750,126601094,EH38E3658792,EH38E3658496,127307000,127308000,126601000,126602000,1,-1
4515,chr5,127517817,127518164,126600750,126601094,EH38E3658882,EH38E3658496,127517000,127518000,126601000,126602000,1,-1
4516,chr5,126594871,126595082,126776514,126776675,EH38E3658489,EH38E2405779,126594000,126595000,126776000,126777000,2,-1
4517,chr5,126595518,126595721,126776514,126776675,EH38E3658491,EH38E2405779,126595000,126596000,126776000,126777000,1,-1
4518,chr5,126600340,126600690,126776514,126776675,EH38E3658495,EH38E2405779,126600000,126601000,126776000,126777000,1,-1
4519,chr5,126776712,126777057,126776514,126776675,EH38E2405780,EH38E2405779,126776000,126777000,126776000,126777000,332,-1
4520,chr5,126777626,126777965,126776514,126776675,EH38E2405783,EH38E2405779,126777000,126778000,126776000,126777000,134,-1
4521,chr5,126777993,126778164,126776514,126776675,EH38E2405784,EH38E2405779,126777000,126778000,126776000,126777000,134,-1
4522,chr5,126778201,126778551,126776514,126776675,EH38E2405785,EH38E2405779,126778000,126779000,126776000,126777000,67,-1
4523,chr5,127517817,127518164,126776514,126776675,EH38E3658882,EH38E2405779,127517000,127518000,126776000,126777000,2,-1
4524,chr5,126594871,126595082,126777089,126777274,EH38E3658489,EH38E2405781,126595000,126596000,126777000,126778000,4,-1
4525,chr5,126595518,126595721,126777089,126777274,EH38E3658491,EH38E2405781,126595000,126596000,126777000,126778000,4,-1
4526,chr5,126600340,126600690,126777089,126777274,EH38E3658495,EH38E2405781,126600000,126601000,126777000,126778000,3,-1
4527,chr5,126601189,126601489,126777089,126777274,EH38E3658497,EH38E2405781,126601000,126602000,126777000,126778000,2,-1
4528,chr5,126776712,126777057,126777089,126777274,EH38E2405780,EH38E2405781,126776000,126777000,126777000,126778000,134,-1
4529,chr5,126776712,126777057,126777089,126777274,EH38E2405780,EH38E2405781,126777000,126778000,126777000,126778000,598,-1
4530,chr5,126777626,126777965,126777089,126777274,EH38E2405783,EH38E2405781,126777000,126778000,126777000,126778000,598,-1
4531,chr5,126777993,126778164,126777089,126777274,EH38E2405784,EH38E2405781,126777000,126778000,126777000,126778000,598,-1
4532,chr5,126778201,126778551,126777089,126777274,EH38E2405785,EH38E2405781,126778000,126779000,126777000,126778000,527,-1
4533,chr5,127307808,127308158,126777089,126777274,EH38E3658792,EH38E2405781,127307000,127308000,126777000,126778000,1,-1
4534,chr5,126594871,126595082,127030473,127030822,EH38E3658489,EH38E2405982,126594000,126595000,127030000,127031000,1,-1
4535,chr5,126595518,126595721,127030473,127030822,EH38E3658491,EH38E2405982,126595000,126596000,127030000,127031000,1,-1
4536,chr5,126601189,126601489,127030473,127030822,EH38E3658497,EH38E2405982,126601000,126602000,127030000,127031000,3,-1
4537,chr5,126776712,126777057,127030473,127030822,EH38E2405780,EH38E2405982,126776000,126777000,127030000,127031000,1,-1
4538,chr5,126777626,126777965,127030473,127030822,EH38E2405783,EH38E2405982,126777000,126778000,127030000,127031000,1,-1
4539,chr5,126777993,126778164,127030473,127030822,EH38E2405784,EH38E2405982,126777000,126778000,127030000,127031000,1,-1
4540,chr5,126778201,126778551,127030473,127030822,EH38E2405785,EH38E2405982,126778000,126779000,127030000,127031000,1,-1
4541,chr5,126839442,126839726,127030473,127030822,EH38E2405831,EH38E2405982,126839000,126840000,127030000,127031000,1,-1
4542,chr5,127307808,127308158,127030473,127030822,EH38E3658792,EH38E2405982,127307000,127308000,127030000,127031000,3,-1
4543,chr5,127517817,127518164,127030473,127030822,EH38E3658882,EH38E2405982,127517000,127518000,127030000,127031000,3,-1
4544,chr5,128083301,128083488,127030473,127030822,EH38E3659111,EH38E2405982,128083000,128084000,127030000,127031000,1,-1
4545,chr5,129724673,129725016,127030473,127030822,EH38E3659518,EH38E2405982,129725000,129726000,127030000,127031000,1,-1
4546,chr5,124963420,124963570,127229663,127229884,EH38E2404798,EH38E3658758,124963000,124964000,127229000,127230000,1,-1
4547,chr5,125668959,125669304,127229663,127229884,EH38E3658205,EH38E3658758,125669000,125670000,127229000,127230000,1,-1
4548,chr5,126423624,126423792,127229663,127229884,EH38E3658396,EH38E3658758,126423000,126424000,127229000,127230000,1,-1
4549,chr5,126594871,126595082,127229663,127229884,EH38E3658489,EH38E3658758,126594000,126595000,127229000,127230000,2,-1
4550,chr5,126600340,126600690,127229663,127229884,EH38E3658495,EH38E3658758,126600000,126601000,127229000,127230000,1,-1
4551,chr5,126601189,126601489,127229663,127229884,EH38E3658497,EH38E3658758,126601000,126602000,127229000,127230000,1,-1
4552,chr5,126776712,126777057,127229663,127229884,EH38E2405780,EH38E3658758,126776000,126777000,127229000,127230000,2,-1
4553,chr5,126777626,126777965,127229663,127229884,EH38E2405783,EH38E3658758,126777000,126778000,127229000,127230000,3,-1
4554,chr5,126777993,126778164,127229663,127229884,EH38E2405784,EH38E3658758,126777000,126778000,127229000,127230000,3,-1
4555,chr5,127307808,127308158,127229663,127229884,EH38E3658792,EH38E3658758,127307000,127308000,127229000,127230000,3,-1
4556,chr5,127517817,127518164,127229663,127229884,EH38E3658882,EH38E3658758,127517000,127518000,127229000,127230000,2,-1
4557,chr5,124748745,124749089,127290544,127290892,EH38E2404615,EH38E3658773,124748000,124749000,127290000,127291000,1,-1
4558,chr5,126423624,126423792,127290544,127290892,EH38E3658396,EH38E3658773,126423000,126424000,127290000,127291000,1,-1
4559,chr5,126594871,126595082,127290544,127290892,EH38E3658489,EH38E3658773,126594000,126595000,127290000,127291000,1,-1
4560,chr5,126595518,126595721,127290544,127290892,EH38E3658491,EH38E3658773,126595000,126596000,127290000,127291000,2,-1
4561,chr5,126776712,126777057,127290544,127290892,EH38E2405780,EH38E3658773,126776000,126777000,127290000,127291000,1,-1
4562,chr5,126777993,126778164,127290544,127290892,EH38E2405784,EH38E3658773,126778000,126779000,127290000,127291000,1,-1
4563,chr5,126778201,126778551,127290544,127290892,EH38E2405785,EH38E3658773,126778000,126779000,127290000,127291000,1,-1
4564,chr5,127307808,127308158,127290544,127290892,EH38E3658792,EH38E3658773,127307000,127308000,127290000,127291000,10,-1
4565,chr5,127517817,127518164,127290544,127290892,EH38E3658882,EH38E3658773,127517000,127518000,127290000,127291000,10,-1
4566,chr5,128083301,128083488,127290544,127290892,EH38E3659111,EH38E3658773,128083000,128084000,127290000,127291000,1,-1
4567,chr5,128546829,128547167,127290544,127290892,EH38E2406853,EH38E3658773,128547000,128548000,127290000,127291000,1,-1
4568,chr5,124748745,124749089,127290900,127291102,EH38E2404615,EH38E3658774,124748000,124749000,127290000,127291000,1,-1
4569,chr5,126423624,126423792,127290900,127291102,EH38E3658396,EH38E3658774,126423000,126424000,127290000,127291000,1,-1
4570,chr5,126594871,126595082,127290900,127291102,EH38E3658489,EH38E3658774,126594000,126595000,127290000,127291000,1,-1
4571,chr5,126595518,126595721,127290900,127291102,EH38E3658491,EH38E3658774,126595000,126596000,127290000,127291000,2,-1
4572,chr5,126776712,126777057,127290900,127291102,EH38E2405780,EH38E3658774,126776000,126777000,127290000,127291000,1,-1
4573,chr5,126778201,126778551,127290900,127291102,EH38E2405785,EH38E3658774,126778000,126779000,127290000,127291000,1,-1
4574,chr5,127307808,127308158,127290900,127291102,EH38E3658792,EH38E3658774,127307000,127308000,127290000,127291000,10,-1
4575,chr5,127517817,127518164,127290900,127291102,EH38E3658882,EH38E3658774,127517000,127518000,127290000,127291000,10,-1
4576,chr5,128083301,128083488,127290900,127291102,EH38E3659111,EH38E3658774,128083000,128084000,127290000,127291000,1,-1
4577,chr5,128546829,128547167,127290900,127291102,EH38E2406853,EH38E3658774,128547000,128548000,127290000,127291000,1,-1
4578,chr5,126600340,126600690,127290900,127291102,EH38E3658495,EH38E3658774,126600000,126601000,127291000,127292000,1,-1
4579,chr5,126777626,126777965,127290900,127291102,EH38E2405783,EH38E3658774,126777000,126778000,127291000,127292000,1,-1
4580,chr5,126777993,126778164,127290900,127291102,EH38E2405784,EH38E3658774,126777000,126778000,127291000,127292000,1,-1
4581,chr5,126839442,126839726,127290900,127291102,EH38E2405831,EH38E3658774,126839000,126840000,127291000,127292000,1,-1
4582,chr5,124748745,124749089,127517407,127517754,EH38E2404615,EH38E3658881,124749000,124750000,127517000,127518000,1,-1
4583,chr5,124749263,124749582,127517407,127517754,EH38E2404616,EH38E3658881,124749000,124750000,127517000,127518000,1,-1
4584,chr5,126423624,126423792,127517407,127517754,EH38E3658396,EH38E3658881,126423000,126424000,127517000,127518000,1,-1
4585,chr5,126594871,126595082,127517407,127517754,EH38E3658489,EH38E3658881,126594000,126595000,127517000,127518000,1,-1
4586,chr5,126601189,126601489,127517407,127517754,EH38E3658497,EH38E3658881,126601000,126602000,127517000,127518000,1,-1
4587,chr5,126776712,126777057,127517407,127517754,EH38E2405780,EH38E3658881,126776000,126777000,127517000,127518000,2,-1
4588,chr5,126777993,126778164,127517407,127517754,EH38E2405784,EH38E3658881,126778000,126779000,127517000,127518000,3,-1
4589,chr5,126778201,126778551,127517407,127517754,EH38E2405785,EH38E3658881,126778000,126779000,127517000,127518000,3,-1
4590,chr5,127307808,127308158,127517407,127517754,EH38E3658792,EH38E3658881,127307000,127308000,127517000,127518000,2,-1
4591,chr5,127517817,127518164,127517407,127517754,EH38E3658882,EH38E3658881,127517000,127518000,127517000,127518000,264,-1
4592,chr5,128083301,128083488,127517407,127517754,EH38E3659111,EH38E3658881,128083000,128084000,127517000,127518000,2,-1
4593,chr5,129094179,129094396,127517407,127517754,EH38E3659388,EH38E3658881,129094000,129095000,127517000,127518000,1,-1
4594,chr5,129459465,129459665,127517407,127517754,EH38E3659478,EH38E3658881,129459000,129460000,127517000,127518000,1,-1
4595,chr5,129459697,129459898,127517407,127517754,EH38E3659479,EH38E3658881,129459000,129460000,127517000,127518000,1,-1
4596,chr5,128083301,128083488,128082734,128082956,EH38E3659111,EH38E3659109,128083000,128084000,128082000,128083000,170,-1
4597,chr5,128546829,128547167,128082734,128082956,EH38E2406853,EH38E3659109,128546000,128547000,128082000,128083000,1,-1
4598,chr5,128546829,128547167,128082981,128083301,EH38E2406853,EH38E3659110,128546000,128547000,128082000,128083000,1,-1
4599,chr5,126594871,126595082,128082981,128083301,EH38E3658489,EH38E3659110,126595000,126596000,128083000,128084000,1,-1
4600,chr5,126595518,126595721,128082981,128083301,EH38E3658491,EH38E3659110,126595000,126596000,128083000,128084000,1,-1
4601,chr5,127517817,127518164,128082981,128083301,EH38E3658882,EH38E3659110,127517000,127518000,128083000,128084000,2,-1
4602,chr5,128083301,128083488,128082981,128083301,EH38E3659111,EH38E3659110,128083000,128084000,128083000,128084000,306,-1
4603,chr5,129094179,129094396,128082981,128083301,EH38E3659388,EH38E3659110,129094000,129095000,128083000,128084000,1,-1
4604,chr5,126594871,126595082,128083563,128083838,EH38E3658489,EH38E3659112,126595000,126596000,128083000,128084000,1,-1
4605,chr5,126595518,126595721,128083563,128083838,EH38E3658491,EH38E3659112,126595000,126596000,128083000,128084000,1,-1
4606,chr5,127517817,127518164,128083563,128083838,EH38E3658882,EH38E3659112,127517000,127518000,128083000,128084000,2,-1
4607,chr5,128083301,128083488,128083563,128083838,EH38E3659111,EH38E3659112,128083000,128084000,128083000,128084000,306,-1
4608,chr5,129094179,129094396,128083563,128083838,EH38E3659388,EH38E3659112,129094000,129095000,128083000,128084000,1,-1
4609,chr5,126423624,126423792,128537725,128538047,EH38E3658396,EH38E3659266,126423000,126424000,128537000,128538000,1,-1
4610,chr5,127517817,127518164,128537725,128538047,EH38E3658882,EH38E3659266,127518000,127519000,128537000,128538000,3,-1
4611,chr5,128083301,128083488,128537725,128538047,EH38E3659111,EH38E3659266,128083000,128084000,128537000,128538000,4,-1
4612,chr5,129459465,129459665,128537725,128538047,EH38E3659478,EH38E3659266,129459000,129460000,128537000,128538000,1,-1
4613,chr5,129459697,129459898,128537725,128538047,EH38E3659479,EH38E3659266,129459000,129460000,128537000,128538000,1,-1
4614,chr5,129461445,129461786,128537725,128538047,EH38E3659483,EH38E3659266,129461000,129462000,128537000,128538000,1,-1
4615,chr5,131264291,131264506,128537725,128538047,EH38E2407712,EH38E3659266,131264000,131265000,128537000,128538000,1,-1
4616,chr5,131264688,131264921,128537725,128538047,EH38E3659851,EH38E3659266,131264000,131265000,128537000,128538000,1,-1
4617,chr5,128546829,128547167,128537725,128538047,EH38E2406853,EH38E3659266,128546000,128547000,128538000,128539000,11,-1
4618,chr5,129094179,129094396,128537725,128538047,EH38E3659388,EH38E3659266,129094000,129095000,128538000,128539000,1,-1
4619,chr5,129724262,129724598,128537725,128538047,EH38E3659517,EH38E3659266,129724000,129725000,128538000,128539000,1,-1
4620,chr5,129724673,129725016,128537725,128538047,EH38E3659518,EH38E3659266,129724000,129725000,128538000,128539000,1,-1
4621,chr5,128083301,128083488,128538153,128538356,EH38E3659111,EH38E3659267,128083000,128084000,128538000,128539000,2,-1
4622,chr5,128546829,128547167,128538153,128538356,EH38E2406853,EH38E3659267,128546000,128547000,128538000,128539000,11,-1
4623,chr5,129094179,129094396,128538153,128538356,EH38E3659388,EH38E3659267,129094000,129095000,128538000,128539000,1,-1
4624,chr5,129461445,129461786,128538153,128538356,EH38E3659483,EH38E3659267,129461000,129462000,128538000,128539000,1,-1
4625,chr5,129724262,129724598,128538153,128538356,EH38E3659517,EH38E3659267,129724000,129725000,128538000,128539000,1,-1
4626,chr5,129724673,129725016,128538153,128538356,EH38E3659518,EH38E3659267,129724000,129725000,128538000,128539000,1,-1
4627,chr5,126423624,126423792,128965348,128965629,EH38E3658396,EH38E3659362,126423000,126424000,128965000,128966000,1,-1
4628,chr5,126776712,126777057,128965348,128965629,EH38E2405780,EH38E3659362,126776000,126777000,128965000,128966000,1,-1
4629,chr5,128083301,128083488,128965348,128965629,EH38E3659111,EH38E3659362,128083000,128084000,128965000,128966000,1,-1
4630,chr5,128546829,128547167,128965348,128965629,EH38E2406853,EH38E3659362,128546000,128547000,128965000,128966000,1,-1
4631,chr5,129094179,129094396,128965348,128965629,EH38E3659388,EH38E3659362,129094000,129095000,128965000,128966000,15,-1
4632,chr5,129459465,129459665,128965348,128965629,EH38E3659478,EH38E3659362,129459000,129460000,128965000,128966000,2,-1
4633,chr5,129459697,129459898,128965348,128965629,EH38E3659479,EH38E3659362,129459000,129460000,128965000,128966000,2,-1
4634,chr5,129461445,129461786,128965348,128965629,EH38E3659483,EH38E3659362,129461000,129462000,128965000,128966000,2,-1
4635,chr5,129724262,129724598,128965348,128965629,EH38E3659517,EH38E3659362,129724000,129725000,128965000,128966000,1,-1
4636,chr5,129724673,129725016,128965348,128965629,EH38E3659518,EH38E3659362,129724000,129725000,128965000,128966000,1,-1
4637,chr5,127517817,127518164,129094491,129094841,EH38E3658882,EH38E3659389,127517000,127518000,129094000,129095000,1,-1
4638,chr5,128083301,128083488,129094491,129094841,EH38E3659111,EH38E3659389,128083000,128084000,129094000,129095000,1,-1
4639,chr5,129094179,129094396,129094491,129094841,EH38E3659388,EH38E3659389,129094000,129095000,129094000,129095000,215,-1
4640,chr5,129724262,129724598,129094491,129094841,EH38E3659517,EH38E3659389,129724000,129725000,129094000,129095000,1,-1
4641,chr5,129724673,129725016,129094491,129094841,EH38E3659518,EH38E3659389,129724000,129725000,129094000,129095000,1,-1
4642,chr5,127517817,127518164,129094856,129095036,EH38E3658882,EH38E3659390,127517000,127518000,129094000,129095000,1,-1
4643,chr5,128083301,128083488,129094856,129095036,EH38E3659111,EH38E3659390,128083000,128084000,129094000,129095000,1,-1
4644,chr5,129094179,129094396,129094856,129095036,EH38E3659388,EH38E3659390,129094000,129095000,129094000,129095000,215,-1
4645,chr5,129724262,129724598,129094856,129095036,EH38E3659517,EH38E3659390,129724000,129725000,129094000,129095000,1,-1
4646,chr5,129724673,129725016,129094856,129095036,EH38E3659518,EH38E3659390,129724000,129725000,129094000,129095000,1,-1
4647,chr5,126594871,126595082,129094856,129095036,EH38E3658489,EH38E3659390,126595000,126596000,129095000,129096000,1,-1
4648,chr5,126595518,126595721,129094856,129095036,EH38E3658491,EH38E3659390,126595000,126596000,129095000,129096000,1,-1
4649,chr5,129094179,129094396,129094856,129095036,EH38E3659388,EH38E3659390,129094000,129095000,129095000,129096000,369,-1
4650,chr5,129459465,129459665,129094856,129095036,EH38E3659478,EH38E3659390,129459000,129460000,129095000,129096000,1,-1
4651,chr5,129459697,129459898,129094856,129095036,EH38E3659479,EH38E3659390,129459000,129460000,129095000,129096000,1,-1
4652,chr5,127517817,127518164,129459950,129460292,EH38E3658882,EH38E3659480,127517000,127518000,129459000,129460000,1,-1
4653,chr5,128546829,128547167,129459950,129460292,EH38E2406853,EH38E3659480,128546000,128547000,129459000,129460000,1,-1
4654,chr5,129459465,129459665,129459950,129460292,EH38E3659478,EH38E3659480,129459000,129460000,129459000,129460000,252,-1
4655,chr5,129459697,129459898,129459950,129460292,EH38E3659479,EH38E3659480,129459000,129460000,129459000,129460000,252,-1
4656,chr5,129724262,129724598,129459950,129460292,EH38E3659517,EH38E3659480,129724000,129725000,129459000,129460000,4,-1
4657,chr5,129724673,129725016,129459950,129460292,EH38E3659518,EH38E3659480,129724000,129725000,129459000,129460000,4,-1
4658,chr5,131264291,131264506,129459950,129460292,EH38E2407712,EH38E3659480,131264000,131265000,129459000,129460000,1,-1
4659,chr5,131264688,131264921,129459950,129460292,EH38E3659851,EH38E3659480,131264000,131265000,129459000,129460000,1,-1
4660,chr5,126776712,126777057,129459950,129460292,EH38E2405780,EH38E3659480,126777000,126778000,129460000,129461000,1,-1
4661,chr5,126777626,126777965,129459950,129460292,EH38E2405783,EH38E3659480,126777000,126778000,129460000,129461000,1,-1
4662,chr5,126777993,126778164,129459950,129460292,EH38E2405784,EH38E3659480,126777000,126778000,129460000,129461000,1,-1
4663,chr5,126778201,126778551,129459950,129460292,EH38E2405785,EH38E3659480,126778000,126779000,129460000,129461000,1,-1
4664,chr5,129459465,129459665,129459950,129460292,EH38E3659478,EH38E3659480,129459000,129460000,129460000,129461000,472,-1
4665,chr5,129459697,129459898,129459950,129460292,EH38E3659479,EH38E3659480,129459000,129460000,129460000,129461000,472,-1
4666,chr5,129461445,129461786,129459950,129460292,EH38E3659483,EH38E3659480,129461000,129462000,129460000,129461000,245,-1
4667,chr5,130167053,130167384,129459950,129460292,EH38E2407403,EH38E3659480,130167000,130168000,129460000,129461000,1,-1
4668,chr5,132293452,132293784,129459950,129460292,EH38E3660418,EH38E3659480,132293000,132294000,129460000,129461000,1,-1
4669,chr5,132293804,132293984,129459950,129460292,EH38E2408361,EH38E3659480,132293000,132294000,129460000,129461000,1,-1
4670,chr5,126776712,126777057,129460321,129460546,EH38E2405780,EH38E3659481,126777000,126778000,129460000,129461000,1,-1
4671,chr5,126777626,126777965,129460321,129460546,EH38E2405783,EH38E3659481,126777000,126778000,129460000,129461000,1,-1
4672,chr5,126777993,126778164,129460321,129460546,EH38E2405784,EH38E3659481,126777000,126778000,129460000,129461000,1,-1
4673,chr5,126778201,126778551,129460321,129460546,EH38E2405785,EH38E3659481,126778000,126779000,129460000,129461000,1,-1
4674,chr5,128546829,128547167,129460321,129460546,EH38E2406853,EH38E3659481,128546000,128547000,129460000,129461000,1,-1
4675,chr5,129459465,129459665,129460321,129460546,EH38E3659478,EH38E3659481,129459000,129460000,129460000,129461000,472,-1
4676,chr5,129459697,129459898,129460321,129460546,EH38E3659479,EH38E3659481,129459000,129460000,129460000,129461000,472,-1
4677,chr5,129461445,129461786,129460321,129460546,EH38E3659483,EH38E3659481,129461000,129462000,129460000,129461000,245,-1
4678,chr5,129724262,129724598,129460321,129460546,EH38E3659517,EH38E3659481,129724000,129725000,129460000,129461000,2,-1
4679,chr5,129724673,129725016,129460321,129460546,EH38E3659518,EH38E3659481,129724000,129725000,129460000,129461000,2,-1
4680,chr5,130167053,130167384,129460321,129460546,EH38E2407403,EH38E3659481,130167000,130168000,129460000,129461000,1,-1
4681,chr5,132293452,132293784,129460321,129460546,EH38E3660418,EH38E3659481,132293000,132294000,129460000,129461000,1,-1
4682,chr5,132293804,132293984,129460321,129460546,EH38E2408361,EH38E3659481,132293000,132294000,129460000,129461000,1,-1
4683,chr5,126776712,126777057,129460876,129461032,EH38E2405780,EH38E2407180,126777000,126778000,129460000,129461000,1,-1
4684,chr5,126777626,126777965,129460876,129461032,EH38E2405783,EH38E2407180,126777000,126778000,129460000,129461000,1,-1
4685,chr5,126777993,126778164,129460876,129461032,EH38E2405784,EH38E2407180,126777000,126778000,129460000,129461000,1,-1
4686,chr5,126778201,126778551,129460876,129461032,EH38E2405785,EH38E2407180,126778000,126779000,129460000,129461000,1,-1
4687,chr5,128546829,128547167,129460876,129461032,EH38E2406853,EH38E2407180,128546000,128547000,129460000,129461000,1,-1
4688,chr5,129459465,129459665,129460876,129461032,EH38E3659478,EH38E2407180,129459000,129460000,129460000,129461000,472,-1
4689,chr5,129459697,129459898,129460876,129461032,EH38E3659479,EH38E2407180,129459000,129460000,129460000,129461000,472,-1
4690,chr5,129724262,129724598,129460876,129461032,EH38E3659517,EH38E2407180,129724000,129725000,129460000,129461000,2,-1
4691,chr5,129724673,129725016,129460876,129461032,EH38E3659518,EH38E2407180,129724000,129725000,129460000,129461000,2,-1
4692,chr5,130167053,130167384,129460876,129461032,EH38E2407403,EH38E2407180,130167000,130168000,129460000,129461000,1,-1
4693,chr5,132293452,132293784,129460876,129461032,EH38E3660418,EH38E2407180,132293000,132294000,129460000,129461000,1,-1
4694,chr5,132293804,132293984,129460876,129461032,EH38E2408361,EH38E2407180,132293000,132294000,129460000,129461000,1,-1
4695,chr5,129461445,129461786,129460876,129461032,EH38E3659483,EH38E2407180,129461000,129462000,129461000,129462000,255,-1
4696,chr5,131264291,131264506,129460876,129461032,EH38E2407712,EH38E2407180,131264000,131265000,129461000,129462000,1,-1
4697,chr5,131264688,131264921,129460876,129461032,EH38E3659851,EH38E2407180,131264000,131265000,129461000,129462000,1,-1
4698,chr5,131634622,131634959,129460876,129461032,EH38E3660066,EH38E2407180,131634000,131635000,129461000,129462000,1,-1
4699,chr5,132426927,132427100,129460876,129461032,EH38E3660542,EH38E2407180,132427000,132428000,129461000,129462000,1,-1
4700,chr5,129459465,129459665,129461067,129461395,EH38E3659478,EH38E3659482,129459000,129460000,129461000,129462000,87,-1
4701,chr5,129459697,129459898,129461067,129461395,EH38E3659479,EH38E3659482,129459000,129460000,129461000,129462000,87,-1
4702,chr5,129461445,129461786,129461067,129461395,EH38E3659483,EH38E3659482,129461000,129462000,129461000,129462000,255,-1
4703,chr5,129724262,129724598,129461067,129461395,EH38E3659517,EH38E3659482,129724000,129725000,129461000,129462000,1,-1
4704,chr5,129724673,129725016,129461067,129461395,EH38E3659518,EH38E3659482,129724000,129725000,129461000,129462000,1,-1
4705,chr5,130167053,130167384,129461067,129461395,EH38E2407403,EH38E3659482,130167000,130168000,129461000,129462000,1,-1
4706,chr5,131264291,131264506,129461067,129461395,EH38E2407712,EH38E3659482,131264000,131265000,129461000,129462000,1,-1
4707,chr5,131264688,131264921,129461067,129461395,EH38E3659851,EH38E3659482,131264000,131265000,129461000,129462000,1,-1
4708,chr5,131634622,131634959,129461067,129461395,EH38E3660066,EH38E3659482,131634000,131635000,129461000,129462000,1,-1
4709,chr5,132426927,132427100,129461067,129461395,EH38E3660542,EH38E3659482,132427000,132428000,129461000,129462000,1,-1
4710,chr5,128083301,128083488,129904276,129904625,EH38E3659111,EH38E3659551,128083000,128084000,129904000,129905000,1,-1
4711,chr5,129459465,129459665,129904276,129904625,EH38E3659478,EH38E3659551,129459000,129460000,129904000,129905000,1,-1
4712,chr5,129459697,129459898,129904276,129904625,EH38E3659479,EH38E3659551,129459000,129460000,129904000,129905000,1,-1
4713,chr5,129461445,129461786,129904276,129904625,EH38E3659483,EH38E3659551,129461000,129462000,129904000,129905000,2,-1
4714,chr5,129724262,129724598,129904276,129904625,EH38E3659517,EH38E3659551,129724000,129725000,129904000,129905000,1,-1
4715,chr5,129724673,129725016,129904276,129904625,EH38E3659518,EH38E3659551,129724000,129725000,129904000,129905000,1,-1
4716,chr5,130167053,130167384,129904276,129904625,EH38E2407403,EH38E3659551,130167000,130168000,129904000,129905000,1,-1
4717,chr5,131164380,131164730,129904276,129904625,EH38E3659786,EH38E3659551,131164000,131165000,129904000,129905000,1,-1
4718,chr5,131264291,131264506,129904276,129904625,EH38E2407712,EH38E3659551,131264000,131265000,129904000,129905000,2,-1
4719,chr5,131264688,131264921,129904276,129904625,EH38E3659851,EH38E3659551,131264000,131265000,129904000,129905000,2,-1
4720,chr5,129459465,129459665,129905519,129905733,EH38E3659478,EH38E3659555,129459000,129460000,129905000,129906000,1,-1
4721,chr5,129459697,129459898,129905519,129905733,EH38E3659479,EH38E3659555,129459000,129460000,129905000,129906000,1,-1
4722,chr5,129461445,129461786,129905519,129905733,EH38E3659483,EH38E3659555,129461000,129462000,129905000,129906000,1,-1
4723,chr5,129724262,129724598,129905519,129905733,EH38E3659517,EH38E3659555,129724000,129725000,129905000,129906000,2,-1
4724,chr5,129724673,129725016,129905519,129905733,EH38E3659518,EH38E3659555,129724000,129725000,129905000,129906000,2,-1
4725,chr5,131264291,131264506,129905519,129905733,EH38E2407712,EH38E3659555,131264000,131265000,129905000,129906000,1,-1
4726,chr5,131264688,131264921,129905519,129905733,EH38E3659851,EH38E3659555,131264000,131265000,129905000,129906000,1,-1
4727,chr5,129459465,129459665,131165132,131165482,EH38E3659478,EH38E3659789,129459000,129460000,131165000,131166000,1,-1
4728,chr5,129459697,129459898,131165132,131165482,EH38E3659479,EH38E3659789,129459000,129460000,131165000,131166000,1,-1
4729,chr5,131164380,131164730,131165132,131165482,EH38E3659786,EH38E3659789,131164000,131165000,131165000,131166000,224,-1
4730,chr5,131264291,131264506,131165132,131165482,EH38E2407712,EH38E3659789,131264000,131265000,131165000,131166000,9,-1
4731,chr5,131264688,131264921,131165132,131165482,EH38E3659851,EH38E3659789,131264000,131265000,131165000,131166000,9,-1
4732,chr5,131634622,131634959,131165132,131165482,EH38E3660066,EH38E3659789,131634000,131635000,131165000,131166000,1,-1
4733,chr5,131164380,131164730,131170655,131171005,EH38E3659786,EH38E3659793,131164000,131165000,131171000,131172000,13,-1
4734,chr5,131264291,131264506,131170655,131171005,EH38E2407712,EH38E3659793,131264000,131265000,131171000,131172000,6,-1
4735,chr5,131264688,131264921,131170655,131171005,EH38E3659851,EH38E3659793,131264000,131265000,131171000,131172000,6,-1
4736,chr5,131164380,131164730,131171035,131171248,EH38E3659786,EH38E2407642,131164000,131165000,131171000,131172000,13,-1
4737,chr5,131264291,131264506,131171035,131171248,EH38E2407712,EH38E2407642,131264000,131265000,131171000,131172000,6,-1
4738,chr5,131264688,131264921,131171035,131171248,EH38E3659851,EH38E2407642,131264000,131265000,131171000,131172000,6,-1
4739,chr5,129459465,129459665,131263840,131264180,EH38E3659478,EH38E3659850,129459000,129460000,131264000,131265000,1,-1
4740,chr5,129459697,129459898,131263840,131264180,EH38E3659479,EH38E3659850,129459000,129460000,131264000,131265000,1,-1
4741,chr5,129461445,129461786,131263840,131264180,EH38E3659483,EH38E3659850,129461000,129462000,131264000,131265000,1,-1
4742,chr5,129724262,129724598,131263840,131264180,EH38E3659517,EH38E3659850,129724000,129725000,131264000,131265000,1,-1
4743,chr5,129724673,129725016,131263840,131264180,EH38E3659518,EH38E3659850,129724000,129725000,131264000,131265000,1,-1
4744,chr5,130167053,130167384,131263840,131264180,EH38E2407403,EH38E3659850,130167000,130168000,131264000,131265000,1,-1
4745,chr5,131164380,131164730,131263840,131264180,EH38E3659786,EH38E3659850,131164000,131165000,131264000,131265000,6,-1
4746,chr5,131264291,131264506,131263840,131264180,EH38E2407712,EH38E3659850,131264000,131265000,131264000,131265000,570,-1
4747,chr5,131264688,131264921,131263840,131264180,EH38E3659851,EH38E3659850,131264000,131265000,131264000,131265000,570,-1
4748,chr5,131634622,131634959,131263840,131264180,EH38E3660066,EH38E3659850,131634000,131635000,131264000,131265000,3,-1
4749,chr5,129724673,129725016,131635238,131635588,EH38E3659518,EH38E2407972,129725000,129726000,131635000,131636000,1,-1
4750,chr5,131164380,131164730,131635238,131635588,EH38E3659786,EH38E2407972,131164000,131165000,131635000,131636000,2,-1
4751,chr5,131264291,131264506,131635238,131635588,EH38E2407712,EH38E2407972,131264000,131265000,131635000,131636000,2,-1
4752,chr5,131264688,131264921,131635238,131635588,EH38E3659851,EH38E2407972,131264000,131265000,131635000,131636000,2,-1
4753,chr5,131634622,131634959,131635238,131635588,EH38E3660066,EH38E2407972,131634000,131635000,131635000,131636000,308,-1
4754,chr5,129094179,129094396,131796709,131796892,EH38E3659388,EH38E3660122,129094000,129095000,131796000,131797000,1,-1
4755,chr5,129459465,129459665,131796709,131796892,EH38E3659478,EH38E3660122,129459000,129460000,131796000,131797000,1,-1
4756,chr5,129459697,129459898,131796709,131796892,EH38E3659479,EH38E3660122,129459000,129460000,131796000,131797000,1,-1
4757,chr5,131164380,131164730,131796709,131796892,EH38E3659786,EH38E3660122,131164000,131165000,131796000,131797000,1,-1
4758,chr5,131264291,131264506,131796709,131796892,EH38E2407712,EH38E3660122,131264000,131265000,131796000,131797000,2,-1
4759,chr5,131264688,131264921,131796709,131796892,EH38E3659851,EH38E3660122,131264000,131265000,131796000,131797000,2,-1
4760,chr5,131634622,131634959,131796709,131796892,EH38E3660066,EH38E3660122,131634000,131635000,131796000,131797000,3,-1
4761,chr5,132293452,132293784,131796709,131796892,EH38E3660418,EH38E3660122,132293000,132294000,131796000,131797000,1,-1
4762,chr5,132293804,132293984,131796709,131796892,EH38E2408361,EH38E3660122,132293000,132294000,131796000,131797000,1,-1
4763,chr5,132322197,132322540,131796709,131796892,EH38E2408398,EH38E3660122,132322000,132323000,131796000,131797000,3,-1
4764,chr5,132410481,132410723,131796709,131796892,EH38E3660512,EH38E3660122,132410000,132411000,131796000,131797000,1,-1
4765,chr5,132490435,132490587,131796709,131796892,EH38E3660663,EH38E3660122,132490000,132491000,131796000,131797000,2,-1
4766,chr5,134737728,134738078,131796709,131796892,EH38E2410291,EH38E3660122,134738000,134739000,131796000,131797000,1,-1
4767,chr5,129094179,129094396,131796931,131797281,EH38E3659388,EH38E3660123,129094000,129095000,131796000,131797000,1,-1
4768,chr5,129459465,129459665,131796931,131797281,EH38E3659478,EH38E3660123,129459000,129460000,131796000,131797000,1,-1
4769,chr5,129459697,129459898,131796931,131797281,EH38E3659479,EH38E3660123,129459000,129460000,131796000,131797000,1,-1
4770,chr5,131164380,131164730,131796931,131797281,EH38E3659786,EH38E3660123,131164000,131165000,131796000,131797000,1,-1
4771,chr5,131264291,131264506,131796931,131797281,EH38E2407712,EH38E3660123,131264000,131265000,131796000,131797000,2,-1
4772,chr5,131264688,131264921,131796931,131797281,EH38E3659851,EH38E3660123,131264000,131265000,131796000,131797000,2,-1
4773,chr5,131634622,131634959,131796931,131797281,EH38E3660066,EH38E3660123,131634000,131635000,131796000,131797000,3,-1
4774,chr5,132293452,132293784,131796931,131797281,EH38E3660418,EH38E3660123,132293000,132294000,131796000,131797000,1,-1
4775,chr5,132293804,132293984,131796931,131797281,EH38E2408361,EH38E3660123,132293000,132294000,131796000,131797000,1,-1
4776,chr5,132322197,132322540,131796931,131797281,EH38E2408398,EH38E3660123,132322000,132323000,131796000,131797000,3,-1
4777,chr5,132410481,132410723,131796931,131797281,EH38E3660512,EH38E3660123,132410000,132411000,131796000,131797000,1,-1
4778,chr5,132490435,132490587,131796931,131797281,EH38E3660663,EH38E3660123,132490000,132491000,131796000,131797000,2,-1
4779,chr5,134737728,134738078,131796931,131797281,EH38E2410291,EH38E3660123,134738000,134739000,131796000,131797000,1,-1
4780,chr5,132426927,132427100,131796931,131797281,EH38E3660542,EH38E3660123,132426000,132427000,131797000,131798000,2,-1
4781,chr5,133050523,133050774,131796931,131797281,EH38E3661014,EH38E3660123,133050000,133051000,131797000,131798000,1,-1
4782,chr5,134511047,134511394,131796931,131797281,EH38E3661955,EH38E3660123,134511000,134512000,131797000,131798000,1,-1
4783,chr5,134511910,134512243,131796931,131797281,EH38E3661957,EH38E3660123,134511000,134512000,131797000,131798000,1,-1
4784,chr5,131634622,131634959,131797357,131797512,EH38E3660066,EH38E3660124,131634000,131635000,131797000,131798000,2,-1
4785,chr5,132426927,132427100,131797357,131797512,EH38E3660542,EH38E3660124,132426000,132427000,131797000,131798000,2,-1
4786,chr5,132490435,132490587,131797357,131797512,EH38E3660663,EH38E3660124,132490000,132491000,131797000,131798000,2,-1
4787,chr5,133050523,133050774,131797357,131797512,EH38E3661014,EH38E3660124,133050000,133051000,131797000,131798000,1,-1
4788,chr5,134511047,134511394,131797357,131797512,EH38E3661955,EH38E3660124,134511000,134512000,131797000,131798000,1,-1
4789,chr5,134511910,134512243,131797357,131797512,EH38E3661957,EH38E3660124,134511000,134512000,131797000,131798000,1,-1
4790,chr5,132293452,132293784,132227698,132228047,EH38E3660418,EH38E2408285,132293000,132294000,132227000,132228000,7,-1
4791,chr5,132293804,132293984,132227698,132228047,EH38E2408361,EH38E2408285,132293000,132294000,132227000,132228000,7,-1
4792,chr5,132410481,132410723,132227698,132228047,EH38E3660512,EH38E2408285,132410000,132411000,132227000,132228000,3,-1
4793,chr5,132426927,132427100,132227698,132228047,EH38E3660542,EH38E2408285,132427000,132428000,132227000,132228000,3,-1
4794,chr5,132445559,132445885,132227698,132228047,EH38E3660570,EH38E2408285,132445000,132446000,132227000,132228000,4,-1
4795,chr5,132490435,132490587,132227698,132228047,EH38E3660663,EH38E2408285,132490000,132491000,132227000,132228000,4,-1
4796,chr5,132557118,132557285,132227698,132228047,EH38E2408683,EH38E2408285,132557000,132558000,132227000,132228000,2,-1
4797,chr5,132557482,132557827,132227698,132228047,EH38E3660707,EH38E2408285,132557000,132558000,132227000,132228000,2,-1
4798,chr5,129459465,129459665,132227698,132228047,EH38E3659478,EH38E2408285,129459000,129460000,132228000,132229000,1,-1
4799,chr5,129459697,129459898,132227698,132228047,EH38E3659479,EH38E2408285,129459000,129460000,132228000,132229000,1,-1
4800,chr5,131264291,131264506,132227698,132228047,EH38E2407712,EH38E2408285,131264000,131265000,132228000,132229000,2,-1
4801,chr5,131264688,131264921,132227698,132228047,EH38E3659851,EH38E2408285,131264000,131265000,132228000,132229000,2,-1
4802,chr5,131634622,131634959,132227698,132228047,EH38E3660066,EH38E2408285,131634000,131635000,132228000,132229000,1,-1
4803,chr5,132322197,132322540,132227698,132228047,EH38E2408398,EH38E2408285,132322000,132323000,132228000,132229000,9,-1
4804,chr5,131634622,131634959,132257385,132257724,EH38E3660066,EH38E3660370,131634000,131635000,132257000,132258000,1,-1
4805,chr5,132293452,132293784,132257385,132257724,EH38E3660418,EH38E3660370,132293000,132294000,132257000,132258000,9,-1
4806,chr5,132293804,132293984,132257385,132257724,EH38E2408361,EH38E3660370,132293000,132294000,132257000,132258000,9,-1
4807,chr5,132322197,132322540,132257385,132257724,EH38E2408398,EH38E3660370,132322000,132323000,132257000,132258000,5,-1
4808,chr5,132426927,132427100,132257385,132257724,EH38E3660542,EH38E3660370,132426000,132427000,132257000,132258000,3,-1
4809,chr5,132445559,132445885,132257385,132257724,EH38E3660570,EH38E3660370,132445000,132446000,132257000,132258000,2,-1
4810,chr5,132490435,132490587,132257385,132257724,EH38E3660663,EH38E3660370,132490000,132491000,132257000,132258000,1,-1
4811,chr5,132963990,132964173,132257385,132257724,EH38E2408975,EH38E3660370,132963000,132964000,132257000,132258000,1,-1
4812,chr5,134226498,134226727,132257385,132257724,EH38E3661797,EH38E3660370,134226000,134227000,132257000,132258000,1,-1
4813,chr5,131634622,131634959,132294072,132294420,EH38E3660066,EH38E2408362,131634000,131635000,132294000,132295000,2,-1
4814,chr5,132293452,132293784,132294072,132294420,EH38E3660418,EH38E2408362,132293000,132294000,132294000,132295000,457,-1
4815,chr5,132293804,132293984,132294072,132294420,EH38E2408361,EH38E2408362,132293000,132294000,132294000,132295000,457,-1
4816,chr5,132322197,132322540,132294072,132294420,EH38E2408398,EH38E2408362,132322000,132323000,132294000,132295000,8,-1
4817,chr5,132410481,132410723,132294072,132294420,EH38E3660512,EH38E2408362,132410000,132411000,132294000,132295000,6,-1
4818,chr5,132426927,132427100,132294072,132294420,EH38E3660542,EH38E2408362,132426000,132427000,132294000,132295000,1,-1
4819,chr5,132490435,132490587,132294072,132294420,EH38E3660663,EH38E2408362,132490000,132491000,132294000,132295000,1,-1
4820,chr5,132557118,132557285,132294072,132294420,EH38E2408683,EH38E2408362,132557000,132558000,132294000,132295000,2,-1
4821,chr5,132557482,132557827,132294072,132294420,EH38E3660707,EH38E2408362,132557000,132558000,132294000,132295000,2,-1
4822,chr5,134053760,134054088,132294072,132294420,EH38E3661607,EH38E2408362,134053000,134054000,132294000,132295000,1,-1
4823,chr5,134227237,134227586,132294072,132294420,EH38E3661799,EH38E2408362,134227000,134228000,132294000,132295000,1,-1
4824,chr5,129724673,129725016,132369385,132369537,EH38E3659518,EH38E3660465,129725000,129726000,132369000,132370000,1,-1
4825,chr5,132293452,132293784,132369385,132369537,EH38E3660418,EH38E3660465,132293000,132294000,132369000,132370000,11,-1
4826,chr5,132293804,132293984,132369385,132369537,EH38E2408361,EH38E3660465,132293000,132294000,132369000,132370000,11,-1
4827,chr5,132322197,132322540,132369385,132369537,EH38E2408398,EH38E3660465,132322000,132323000,132369000,132370000,8,-1
4828,chr5,132410481,132410723,132369385,132369537,EH38E3660512,EH38E3660465,132410000,132411000,132369000,132370000,7,-1
4829,chr5,132426927,132427100,132369385,132369537,EH38E3660542,EH38E3660465,132426000,132427000,132369000,132370000,2,-1
4830,chr5,132490435,132490587,132369385,132369537,EH38E3660663,EH38E3660465,132490000,132491000,132369000,132370000,2,-1
4831,chr5,132557118,132557285,132369385,132369537,EH38E2408683,EH38E3660465,132557000,132558000,132369000,132370000,3,-1
4832,chr5,132557482,132557827,132369385,132369537,EH38E3660707,EH38E3660465,132557000,132558000,132369000,132370000,3,-1
4833,chr5,133050523,133050774,132369385,132369537,EH38E3661014,EH38E3660465,133050000,133051000,132369000,132370000,1,-1
4834,chr5,133051214,133051525,132369385,132369537,EH38E2409030,EH38E3660465,133051000,133052000,132369000,132370000,1,-1
4835,chr5,134371880,134372042,132369385,132369537,EH38E3661846,EH38E3660465,134372000,134373000,132369000,132370000,1,-1
4836,chr5,134372046,134372396,132369385,132369537,EH38E3661847,EH38E3660465,134372000,134373000,132369000,132370000,1,-1
4837,chr5,134526863,134527095,132369385,132369537,EH38E3661972,EH38E3660465,134526000,134527000,132369000,132370000,1,-1
4838,chr5,129724673,129725016,132369578,132369919,EH38E3659518,EH38E3660466,129725000,129726000,132369000,132370000,1,-1
4839,chr5,132293452,132293784,132369578,132369919,EH38E3660418,EH38E3660466,132293000,132294000,132369000,132370000,11,-1
4840,chr5,132293804,132293984,132369578,132369919,EH38E2408361,EH38E3660466,132293000,132294000,132369000,132370000,11,-1
4841,chr5,132322197,132322540,132369578,132369919,EH38E2408398,EH38E3660466,132322000,132323000,132369000,132370000,8,-1
4842,chr5,132410481,132410723,132369578,132369919,EH38E3660512,EH38E3660466,132410000,132411000,132369000,132370000,7,-1
4843,chr5,132426927,132427100,132369578,132369919,EH38E3660542,EH38E3660466,132426000,132427000,132369000,132370000,2,-1
4844,chr5,132490435,132490587,132369578,132369919,EH38E3660663,EH38E3660466,132490000,132491000,132369000,132370000,2,-1
4845,chr5,132557118,132557285,132369578,132369919,EH38E2408683,EH38E3660466,132557000,132558000,132369000,132370000,3,-1
4846,chr5,132557482,132557827,132369578,132369919,EH38E3660707,EH38E3660466,132557000,132558000,132369000,132370000,3,-1
4847,chr5,133050523,133050774,132369578,132369919,EH38E3661014,EH38E3660466,133050000,133051000,132369000,132370000,1,-1
4848,chr5,133051214,133051525,132369578,132369919,EH38E2409030,EH38E3660466,133051000,133052000,132369000,132370000,1,-1
4849,chr5,134371880,134372042,132369578,132369919,EH38E3661846,EH38E3660466,134372000,134373000,132369000,132370000,1,-1
4850,chr5,134372046,134372396,132369578,132369919,EH38E3661847,EH38E3660466,134372000,134373000,132369000,132370000,1,-1
4851,chr5,134526863,134527095,132369578,132369919,EH38E3661972,EH38E3660466,134526000,134527000,132369000,132370000,1,-1
4852,chr5,132293452,132293784,132410818,132411166,EH38E3660418,EH38E3660513,132293000,132294000,132410000,132411000,3,-1
4853,chr5,132293804,132293984,132410818,132411166,EH38E2408361,EH38E3660513,132293000,132294000,132410000,132411000,3,-1
4854,chr5,132410481,132410723,132410818,132411166,EH38E3660512,EH38E3660513,132410000,132411000,132410000,132411000,255,-1
4855,chr5,132557118,132557285,132410818,132411166,EH38E2408683,EH38E3660513,132557000,132558000,132410000,132411000,8,-1
4856,chr5,132557482,132557827,132410818,132411166,EH38E3660707,EH38E3660513,132557000,132558000,132410000,132411000,8,-1
4857,chr5,134539780,134540116,132410818,132411166,EH38E2410155,EH38E3660513,134539000,134540000,132410000,132411000,1,-1
4858,chr5,131634622,131634959,132410818,132411166,EH38E3660066,EH38E3660513,131634000,131635000,132411000,132412000,1,-1
4859,chr5,132322197,132322540,132410818,132411166,EH38E2408398,EH38E3660513,132322000,132323000,132411000,132412000,7,-1
4860,chr5,132426927,132427100,132410818,132411166,EH38E3660542,EH38E3660513,132426000,132427000,132411000,132412000,14,-1
4861,chr5,132445559,132445885,132410818,132411166,EH38E3660570,EH38E3660513,132445000,132446000,132411000,132412000,5,-1
4862,chr5,132490435,132490587,132410818,132411166,EH38E3660663,EH38E3660513,132490000,132491000,132411000,132412000,16,-1
4863,chr5,132963990,132964173,132410818,132411166,EH38E2408975,EH38E3660513,132964000,132965000,132411000,132412000,1,-1
4864,chr5,133050523,133050774,132410818,132411166,EH38E3661014,EH38E3660513,133050000,133051000,132411000,132412000,1,-1
4865,chr5,133051214,133051525,132410818,132411166,EH38E2409030,EH38E3660513,133051000,133052000,132411000,132412000,2,-1
4866,chr5,134465616,134465872,132410818,132411166,EH38E3661913,EH38E3660513,134465000,134466000,132411000,132412000,1,-1
4867,chr5,134465900,134466201,132410818,132411166,EH38E2410090,EH38E3660513,134465000,134466000,132411000,132412000,1,-1
4868,chr5,132322197,132322540,132490707,132491056,EH38E2408398,EH38E3660664,132322000,132323000,132490000,132491000,1,-1
4869,chr5,132410481,132410723,132490707,132491056,EH38E3660512,EH38E3660664,132410000,132411000,132490000,132491000,12,-1
4870,chr5,132490435,132490587,132490707,132491056,EH38E3660663,EH38E3660664,132490000,132491000,132490000,132491000,269,-1
4871,chr5,134053760,134054088,132490707,132491056,EH38E3661607,EH38E3660664,134054000,134055000,132490000,132491000,1,-1
4872,chr5,134054175,134054336,132490707,132491056,EH38E2409738,EH38E3660664,134054000,134055000,132490000,132491000,1,-1
4873,chr5,134904576,134904922,132490707,132491056,EH38E3662177,EH38E3660664,134904000,134905000,132490000,132491000,1,-1
4874,chr5,132293452,132293784,132490707,132491056,EH38E3660418,EH38E3660664,132293000,132294000,132491000,132492000,3,-1
4875,chr5,132293804,132293984,132490707,132491056,EH38E2408361,EH38E3660664,132293000,132294000,132491000,132492000,3,-1
4876,chr5,132426927,132427100,132490707,132491056,EH38E3660542,EH38E3660664,132426000,132427000,132491000,132492000,26,-1
4877,chr5,132445559,132445885,132490707,132491056,EH38E3660570,EH38E3660664,132445000,132446000,132491000,132492000,10,-1
4878,chr5,132557118,132557285,132490707,132491056,EH38E2408683,EH38E3660664,132557000,132558000,132491000,132492000,5,-1
4879,chr5,132557482,132557827,132490707,132491056,EH38E3660707,EH38E3660664,132557000,132558000,132491000,132492000,5,-1
4880,chr5,132963990,132964173,132490707,132491056,EH38E2408975,EH38E3660664,132963000,132964000,132491000,132492000,1,-1
4881,chr5,134436747,134437097,132490707,132491056,EH38E3661882,EH38E3660664,134437000,134438000,132491000,132492000,1,-1
4882,chr5,134503369,134503718,132490707,132491056,EH38E3661940,EH38E3660664,134503000,134504000,132491000,132492000,1,-1
4883,chr5,134506220,134506569,132490707,132491056,EH38E3661945,EH38E3660664,134506000,134507000,132491000,132492000,1,-1
4884,chr5,134506645,134506988,132490707,132491056,EH38E2410114,EH38E3660664,134506000,134507000,132491000,132492000,1,-1
4885,chr5,134539780,134540116,132490707,132491056,EH38E2410155,EH38E3660664,134540000,134541000,132491000,132492000,1,-1
4886,chr5,129724262,129724598,132556768,132557117,EH38E3659517,EH38E2408682,129724000,129725000,132556000,132557000,1,-1
4887,chr5,129724673,129725016,132556768,132557117,EH38E3659518,EH38E2408682,129724000,129725000,132556000,132557000,1,-1
4888,chr5,132490435,132490587,132556768,132557117,EH38E3660663,EH38E2408682,132490000,132491000,132556000,132557000,2,-1
4889,chr5,132293452,132293784,132556768,132557117,EH38E3660418,EH38E2408682,132293000,132294000,132557000,132558000,1,-1
4890,chr5,132293804,132293984,132556768,132557117,EH38E2408361,EH38E2408682,132293000,132294000,132557000,132558000,1,-1
4891,chr5,132410481,132410723,132556768,132557117,EH38E3660512,EH38E2408682,132410000,132411000,132557000,132558000,8,-1
4892,chr5,132426927,132427100,132556768,132557117,EH38E3660542,EH38E2408682,132426000,132427000,132557000,132558000,4,-1
4893,chr5,132557118,132557285,132556768,132557117,EH38E2408683,EH38E2408682,132557000,132558000,132557000,132558000,392,-1
4894,chr5,132557482,132557827,132556768,132557117,EH38E3660707,EH38E2408682,132557000,132558000,132557000,132558000,392,-1
4895,chr5,132963990,132964173,132556768,132557117,EH38E2408975,EH38E2408682,132964000,132965000,132557000,132558000,1,-1
4896,chr5,133050523,133050774,132556768,132557117,EH38E3661014,EH38E2408682,133050000,133051000,132557000,132558000,1,-1
4897,chr5,134904576,134904922,132556768,132557117,EH38E3662177,EH38E2408682,134904000,134905000,132557000,132558000,1,-1
4898,chr5,132322197,132322540,132737267,132737432,EH38E2408398,EH38E3660785,132322000,132323000,132737000,132738000,1,-1
4899,chr5,132426927,132427100,132737267,132737432,EH38E3660542,EH38E3660785,132427000,132428000,132737000,132738000,1,-1
4900,chr5,132445559,132445885,132737267,132737432,EH38E3660570,EH38E3660785,132445000,132446000,132737000,132738000,1,-1
4901,chr5,132490435,132490587,132737267,132737432,EH38E3660663,EH38E3660785,132490000,132491000,132737000,132738000,1,-1
4902,chr5,132557118,132557285,132737267,132737432,EH38E2408683,EH38E3660785,132557000,132558000,132737000,132738000,1,-1
4903,chr5,132557482,132557827,132737267,132737432,EH38E3660707,EH38E3660785,132557000,132558000,132737000,132738000,1,-1
4904,chr5,132963990,132964173,132737267,132737432,EH38E2408975,EH38E3660785,132963000,132964000,132737000,132738000,1,-1
4905,chr5,133051214,133051525,132737267,132737432,EH38E2409030,EH38E3660785,133051000,133052000,132737000,132738000,1,-1
4906,chr5,132322197,132322540,132737464,132737814,EH38E2408398,EH38E3660786,132322000,132323000,132737000,132738000,1,-1
4907,chr5,132426927,132427100,132737464,132737814,EH38E3660542,EH38E3660786,132427000,132428000,132737000,132738000,1,-1
4908,chr5,132445559,132445885,132737464,132737814,EH38E3660570,EH38E3660786,132445000,132446000,132737000,132738000,1,-1
4909,chr5,132490435,132490587,132737464,132737814,EH38E3660663,EH38E3660786,132490000,132491000,132737000,132738000,1,-1
4910,chr5,132557118,132557285,132737464,132737814,EH38E2408683,EH38E3660786,132557000,132558000,132737000,132738000,1,-1
4911,chr5,132557482,132557827,132737464,132737814,EH38E3660707,EH38E3660786,132557000,132558000,132737000,132738000,1,-1
4912,chr5,132963990,132964173,132737464,132737814,EH38E2408975,EH38E3660786,132963000,132964000,132737000,132738000,1,-1
4913,chr5,133051214,133051525,132737464,132737814,EH38E2409030,EH38E3660786,133051000,133052000,132737000,132738000,1,-1
4914,chr5,131634622,131634959,132747198,132747543,EH38E3660066,EH38E3660792,131634000,131635000,132747000,132748000,1,-1
4915,chr5,132293452,132293784,132747198,132747543,EH38E3660418,EH38E3660792,132293000,132294000,132747000,132748000,1,-1
4916,chr5,132293804,132293984,132747198,132747543,EH38E2408361,EH38E3660792,132293000,132294000,132747000,132748000,1,-1
4917,chr5,132410481,132410723,132747198,132747543,EH38E3660512,EH38E3660792,132410000,132411000,132747000,132748000,2,-1
4918,chr5,132426927,132427100,132747198,132747543,EH38E3660542,EH38E3660792,132426000,132427000,132747000,132748000,1,-1
4919,chr5,132445559,132445885,132747198,132747543,EH38E3660570,EH38E3660792,132445000,132446000,132747000,132748000,1,-1
4920,chr5,132490435,132490587,132747198,132747543,EH38E3660663,EH38E3660792,132490000,132491000,132747000,132748000,3,-1
4921,chr5,132557118,132557285,132747198,132747543,EH38E2408683,EH38E3660792,132557000,132558000,132747000,132748000,3,-1
4922,chr5,132557482,132557827,132747198,132747543,EH38E3660707,EH38E3660792,132557000,132558000,132747000,132748000,3,-1
4923,chr5,132963990,132964173,132747198,132747543,EH38E2408975,EH38E3660792,132963000,132964000,132747000,132748000,1,-1
4924,chr5,133050523,133050774,132747198,132747543,EH38E3661014,EH38E3660792,133050000,133051000,132747000,132748000,1,-1
4925,chr5,133051214,133051525,132747198,132747543,EH38E2409030,EH38E3660792,133051000,133052000,132747000,132748000,2,-1
4926,chr5,134436747,134437097,132747198,132747543,EH38E3661882,EH38E3660792,134437000,134438000,132747000,132748000,1,-1
4927,chr5,132410481,132410723,132777095,132777443,EH38E3660512,EH38E3660830,132410000,132411000,132777000,132778000,1,-1
4928,chr5,132426927,132427100,132777095,132777443,EH38E3660542,EH38E3660830,132427000,132428000,132777000,132778000,1,-1
4929,chr5,132490435,132490587,132777095,132777443,EH38E3660663,EH38E3660830,132490000,132491000,132777000,132778000,3,-1
4930,chr5,132557118,132557285,132777095,132777443,EH38E2408683,EH38E3660830,132557000,132558000,132777000,132778000,3,-1
4931,chr5,132557482,132557827,132777095,132777443,EH38E3660707,EH38E3660830,132557000,132558000,132777000,132778000,3,-1
4932,chr5,132963990,132964173,132777095,132777443,EH38E2408975,EH38E3660830,132963000,132964000,132777000,132778000,2,-1
4933,chr5,132410481,132410723,132777468,132777625,EH38E3660512,EH38E3660831,132410000,132411000,132777000,132778000,1,-1
4934,chr5,132426927,132427100,132777468,132777625,EH38E3660542,EH38E3660831,132427000,132428000,132777000,132778000,1,-1
4935,chr5,132490435,132490587,132777468,132777625,EH38E3660663,EH38E3660831,132490000,132491000,132777000,132778000,3,-1
4936,chr5,132557118,132557285,132777468,132777625,EH38E2408683,EH38E3660831,132557000,132558000,132777000,132778000,3,-1
4937,chr5,132557482,132557827,132777468,132777625,EH38E3660707,EH38E3660831,132557000,132558000,132777000,132778000,3,-1
4938,chr5,132963990,132964173,132777468,132777625,EH38E2408975,EH38E3660831,132963000,132964000,132777000,132778000,2,-1
4939,chr5,131634622,131634959,132825856,132826198,EH38E3660066,EH38E3660885,131634000,131635000,132825000,132826000,1,-1
4940,chr5,132293452,132293784,132825856,132826198,EH38E3660418,EH38E3660885,132293000,132294000,132825000,132826000,1,-1
4941,chr5,132293804,132293984,132825856,132826198,EH38E2408361,EH38E3660885,132293000,132294000,132825000,132826000,1,-1
4942,chr5,132410481,132410723,132825856,132826198,EH38E3660512,EH38E3660885,132410000,132411000,132825000,132826000,2,-1
4943,chr5,132426927,132427100,132825856,132826198,EH38E3660542,EH38E3660885,132426000,132427000,132825000,132826000,2,-1
4944,chr5,132445559,132445885,132825856,132826198,EH38E3660570,EH38E3660885,132445000,132446000,132825000,132826000,1,-1
4945,chr5,132490435,132490587,132825856,132826198,EH38E3660663,EH38E3660885,132490000,132491000,132825000,132826000,5,-1
4946,chr5,132557118,132557285,132825856,132826198,EH38E2408683,EH38E3660885,132557000,132558000,132825000,132826000,2,-1
4947,chr5,132557482,132557827,132825856,132826198,EH38E3660707,EH38E3660885,132557000,132558000,132825000,132826000,2,-1
4948,chr5,132963990,132964173,132825856,132826198,EH38E2408975,EH38E3660885,132963000,132964000,132825000,132826000,3,-1
4949,chr5,134053760,134054088,132825856,132826198,EH38E3661607,EH38E3660885,134054000,134055000,132825000,132826000,1,-1
4950,chr5,134054175,134054336,132825856,132826198,EH38E2409738,EH38E3660885,134054000,134055000,132825000,132826000,1,-1
4951,chr5,132322197,132322540,132825856,132826198,EH38E2408398,EH38E3660885,132322000,132323000,132826000,132827000,1,-1
4952,chr5,133051214,133051525,132825856,132826198,EH38E2409030,EH38E3660885,133051000,133052000,132826000,132827000,3,-1
4953,chr5,134436747,134437097,132825856,132826198,EH38E3661882,EH38E3660885,134437000,134438000,132826000,132827000,1,-1
4954,chr5,134511047,134511394,132825856,132826198,EH38E3661955,EH38E3660885,134511000,134512000,132826000,132827000,1,-1
4955,chr5,134511910,134512243,132825856,132826198,EH38E3661957,EH38E3660885,134511000,134512000,132826000,132827000,1,-1
4956,chr5,134539780,134540116,132825856,132826198,EH38E2410155,EH38E3660885,134540000,134541000,132826000,132827000,1,-1
4957,chr5,131634622,131634959,132830501,132830841,EH38E3660066,EH38E3660896,131634000,131635000,132830000,132831000,1,-1
4958,chr5,132410481,132410723,132830501,132830841,EH38E3660512,EH38E3660896,132410000,132411000,132830000,132831000,1,-1
4959,chr5,132426927,132427100,132830501,132830841,EH38E3660542,EH38E3660896,132426000,132427000,132830000,132831000,1,-1
4960,chr5,132490435,132490587,132830501,132830841,EH38E3660663,EH38E3660896,132490000,132491000,132830000,132831000,3,-1
4961,chr5,132557118,132557285,132830501,132830841,EH38E2408683,EH38E3660896,132557000,132558000,132830000,132831000,3,-1
4962,chr5,132557482,132557827,132830501,132830841,EH38E3660707,EH38E3660896,132557000,132558000,132830000,132831000,3,-1
4963,chr5,132963990,132964173,132830501,132830841,EH38E2408975,EH38E3660896,132963000,132964000,132830000,132831000,4,-1
4964,chr5,133050523,133050774,132830501,132830841,EH38E3661014,EH38E3660896,133050000,133051000,132830000,132831000,2,-1
4965,chr5,132322197,132322540,132866295,132866645,EH38E2408398,EH38E2408914,132322000,132323000,132866000,132867000,1,-1
4966,chr5,132410481,132410723,132866295,132866645,EH38E3660512,EH38E2408914,132410000,132411000,132866000,132867000,1,-1
4967,chr5,132426927,132427100,132866295,132866645,EH38E3660542,EH38E2408914,132426000,132427000,132866000,132867000,2,-1
4968,chr5,132445559,132445885,132866295,132866645,EH38E3660570,EH38E2408914,132445000,132446000,132866000,132867000,2,-1
4969,chr5,132490435,132490587,132866295,132866645,EH38E3660663,EH38E2408914,132490000,132491000,132866000,132867000,2,-1
4970,chr5,132557118,132557285,132866295,132866645,EH38E2408683,EH38E2408914,132557000,132558000,132866000,132867000,1,-1
4971,chr5,132557482,132557827,132866295,132866645,EH38E3660707,EH38E2408914,132557000,132558000,132866000,132867000,1,-1
4972,chr5,132963990,132964173,132866295,132866645,EH38E2408975,EH38E2408914,132963000,132964000,132866000,132867000,4,-1
4973,chr5,133050523,133050774,132866295,132866645,EH38E3661014,EH38E2408914,133050000,133051000,132866000,132867000,2,-1
4974,chr5,132322197,132322540,132866795,132867037,EH38E2408398,EH38E3660919,132322000,132323000,132866000,132867000,1,-1
4975,chr5,132410481,132410723,132866795,132867037,EH38E3660512,EH38E3660919,132410000,132411000,132866000,132867000,1,-1
4976,chr5,132426927,132427100,132866795,132867037,EH38E3660542,EH38E3660919,132426000,132427000,132866000,132867000,2,-1
4977,chr5,132445559,132445885,132866795,132867037,EH38E3660570,EH38E3660919,132445000,132446000,132866000,132867000,2,-1
4978,chr5,132490435,132490587,132866795,132867037,EH38E3660663,EH38E3660919,132490000,132491000,132866000,132867000,2,-1
4979,chr5,132963990,132964173,132866795,132867037,EH38E2408975,EH38E3660919,132963000,132964000,132866000,132867000,4,-1
4980,chr5,133050523,133050774,132866795,132867037,EH38E3661014,EH38E3660919,133050000,133051000,132866000,132867000,2,-1
4981,chr5,132557118,132557285,132866795,132867037,EH38E2408683,EH38E3660919,132557000,132558000,132867000,132868000,2,-1
4982,chr5,132557482,132557827,132866795,132867037,EH38E3660707,EH38E3660919,132557000,132558000,132867000,132868000,2,-1
4983,chr5,133051214,133051525,132866795,132867037,EH38E2409030,EH38E3660919,133051000,133052000,132867000,132868000,1,-1
4984,chr5,134427738,134428061,132866795,132867037,EH38E2410044,EH38E3660919,134428000,134429000,132867000,132868000,1,-1
4985,chr5,132322197,132322540,132963316,132963525,EH38E2408398,EH38E3660962,132322000,132323000,132963000,132964000,1,-1
4986,chr5,132426927,132427100,132963316,132963525,EH38E3660542,EH38E3660962,132427000,132428000,132963000,132964000,1,-1
4987,chr5,132963990,132964173,132963316,132963525,EH38E2408975,EH38E3660962,132963000,132964000,132963000,132964000,575,-1
4988,chr5,133050523,133050774,132963316,132963525,EH38E3661014,EH38E3660962,133050000,133051000,132963000,132964000,6,-1
4989,chr5,133051214,133051525,132963316,132963525,EH38E2409030,EH38E3660962,133051000,133052000,132963000,132964000,19,-1
4990,chr5,134526863,134527095,132963316,132963525,EH38E3661972,EH38E3660962,134526000,134527000,132963000,132964000,1,-1
4991,chr5,134527124,134527470,132963316,132963525,EH38E3661973,EH38E3660962,134527000,134528000,132963000,132964000,1,-1
4992,chr5,134527481,134527831,132963316,132963525,EH38E3661974,EH38E3660962,134527000,134528000,132963000,132964000,1,-1
4993,chr5,134539780,134540116,132963316,132963525,EH38E2410155,EH38E3660962,134539000,134540000,132963000,132964000,1,-1
4994,chr5,132322197,132322540,132963544,132963890,EH38E2408398,EH38E2408974,132322000,132323000,132963000,132964000,1,-1
4995,chr5,132426927,132427100,132963544,132963890,EH38E3660542,EH38E2408974,132427000,132428000,132963000,132964000,1,-1
4996,chr5,132963990,132964173,132963544,132963890,EH38E2408975,EH38E2408974,132963000,132964000,132963000,132964000,575,-1
4997,chr5,133050523,133050774,132963544,132963890,EH38E3661014,EH38E2408974,133050000,133051000,132963000,132964000,6,-1
4998,chr5,133051214,133051525,132963544,132963890,EH38E2409030,EH38E2408974,133051000,133052000,132963000,132964000,19,-1
4999,chr5,134526863,134527095,132963544,132963890,EH38E3661972,EH38E2408974,134526000,134527000,132963000,132964000,1,-1
5000,chr5,134527124,134527470,132963544,132963890,EH38E3661973,EH38E2408974,134527000,134528000,132963000,132964000,1,-1
5001,chr5,134527481,134527831,132963544,132963890,EH38E3661974,EH38E2408974,134527000,134528000,132963000,132964000,1,-1
5002,chr5,134539780,134540116,132963544,132963890,EH38E2410155,EH38E2408974,134539000,134540000,132963000,132964000,1,-1
5003,chr5,132322197,132322540,133026431,133026779,EH38E2408398,EH38E3660988,132322000,132323000,133026000,133027000,1,-1
5004,chr5,132426927,132427100,133026431,133026779,EH38E3660542,EH38E3660988,132427000,132428000,133026000,133027000,1,-1
5005,chr5,132557118,132557285,133026431,133026779,EH38E2408683,EH38E3660988,132557000,132558000,133026000,133027000,1,-1
5006,chr5,132557482,132557827,133026431,133026779,EH38E3660707,EH38E3660988,132557000,132558000,133026000,133027000,1,-1
5007,chr5,132963990,132964173,133026431,133026779,EH38E2408975,EH38E3660988,132963000,132964000,133026000,133027000,17,-1
5008,chr5,133050523,133050774,133026431,133026779,EH38E3661014,EH38E3660988,133050000,133051000,133026000,133027000,9,-1
5009,chr5,133051214,133051525,133026431,133026779,EH38E2409030,EH38E3660988,133051000,133052000,133026000,133027000,17,-1
5010,chr5,132293452,132293784,133051671,133052021,EH38E3660418,EH38E3661015,132293000,132294000,133051000,133052000,1,-1
5011,chr5,132293804,132293984,133051671,133052021,EH38E2408361,EH38E3661015,132293000,132294000,133051000,133052000,1,-1
5012,chr5,132410481,132410723,133051671,133052021,EH38E3660512,EH38E3661015,132410000,132411000,133051000,133052000,1,-1
5013,chr5,132963990,132964173,133051671,133052021,EH38E2408975,EH38E3661015,132963000,132964000,133051000,133052000,19,-1
5014,chr5,133050523,133050774,133051671,133052021,EH38E3661014,EH38E3661015,133050000,133051000,133051000,133052000,256,-1
5015,chr5,133051214,133051525,133051671,133052021,EH38E2409030,EH38E3661015,133051000,133052000,133051000,133052000,422,-1
5016,chr5,134371880,134372042,133051671,133052021,EH38E3661846,EH38E3661015,134372000,134373000,133051000,133052000,1,-1
5017,chr5,134372046,134372396,133051671,133052021,EH38E3661847,EH38E3661015,134372000,134373000,133051000,133052000,1,-1
5018,chr5,134465900,134466201,133051671,133052021,EH38E2410090,EH38E3661015,134466000,134467000,133051000,133052000,1,-1
5019,chr5,134466222,134466383,133051671,133052021,EH38E3661914,EH38E3661015,134466000,134467000,133051000,133052000,1,-1
5020,chr5,134466402,134466698,133051671,133052021,EH38E3661915,EH38E3661015,134466000,134467000,133051000,133052000,1,-1
5021,chr5,134466765,134466968,133051671,133052021,EH38E3661916,EH38E3661015,134466000,134467000,133051000,133052000,1,-1
5022,chr5,134506220,134506569,133051671,133052021,EH38E3661945,EH38E3661015,134506000,134507000,133051000,133052000,1,-1
5023,chr5,134506645,134506988,133051671,133052021,EH38E2410114,EH38E3661015,134506000,134507000,133051000,133052000,1,-1
5024,chr5,134524109,134524446,133051671,133052021,EH38E3661964,EH38E3661015,134524000,134525000,133051000,133052000,1,-1
5025,chr5,134524459,134524796,133051671,133052021,EH38E3661965,EH38E3661015,134524000,134525000,133051000,133052000,1,-1
5026,chr5,134524973,134525128,133051671,133052021,EH38E3661966,EH38E3661015,134524000,134525000,133051000,133052000,1,-1
5027,chr5,134539780,134540116,133051671,133052021,EH38E2410155,EH38E3661015,134540000,134541000,133051000,133052000,1,-1
5028,chr5,131634622,131634959,133051671,133052021,EH38E3660066,EH38E3661015,131634000,131635000,133052000,133053000,1,-1
5029,chr5,132426927,132427100,133051671,133052021,EH38E3660542,EH38E3661015,132427000,132428000,133052000,133053000,2,-1
5030,chr5,134427738,134428061,133051671,133052021,EH38E2410044,EH38E3661015,134428000,134429000,133052000,133053000,1,-1
5031,chr5,134526863,134527095,133051671,133052021,EH38E3661972,EH38E3661015,134526000,134527000,133052000,133053000,1,-1
5032,chr5,134527124,134527470,133051671,133052021,EH38E3661973,EH38E3661015,134527000,134528000,133052000,133053000,1,-1
5033,chr5,134527481,134527831,133051671,133052021,EH38E3661974,EH38E3661015,134527000,134528000,133052000,133053000,1,-1
5034,chr5,131634622,131634959,133052684,133052990,EH38E3660066,EH38E3661018,131634000,131635000,133052000,133053000,1,-1
5035,chr5,132426927,132427100,133052684,133052990,EH38E3660542,EH38E3661018,132427000,132428000,133052000,133053000,2,-1
5036,chr5,132963990,132964173,133052684,133052990,EH38E2408975,EH38E3661018,132963000,132964000,133052000,133053000,18,-1
5037,chr5,133050523,133050774,133052684,133052990,EH38E3661014,EH38E3661018,133050000,133051000,133052000,133053000,30,-1
5038,chr5,133051214,133051525,133052684,133052990,EH38E2409030,EH38E3661018,133051000,133052000,133052000,133053000,141,-1
5039,chr5,134371880,134372042,133052684,133052990,EH38E3661846,EH38E3661018,134371000,134372000,133052000,133053000,1,-1
5040,chr5,134427738,134428061,133052684,133052990,EH38E2410044,EH38E3661018,134428000,134429000,133052000,133053000,1,-1
5041,chr5,134506220,134506569,133052684,133052990,EH38E3661945,EH38E3661018,134506000,134507000,133052000,133053000,1,-1
5042,chr5,134506645,134506988,133052684,133052990,EH38E2410114,EH38E3661018,134506000,134507000,133052000,133053000,1,-1
5043,chr5,134526863,134527095,133052684,133052990,EH38E3661972,EH38E3661018,134526000,134527000,133052000,133053000,1,-1
5044,chr5,134527124,134527470,133052684,133052990,EH38E3661973,EH38E3661018,134527000,134528000,133052000,133053000,1,-1
5045,chr5,134527481,134527831,133052684,133052990,EH38E3661974,EH38E3661018,134527000,134528000,133052000,133053000,1,-1
5046,chr5,132963990,132964173,133612435,133612781,EH38E2408975,EH38E3661327,132963000,132964000,133612000,133613000,2,-1
5047,chr5,133050523,133050774,133612435,133612781,EH38E3661014,EH38E3661327,133050000,133051000,133612000,133613000,1,-1
5048,chr5,134465900,134466201,133612435,133612781,EH38E2410090,EH38E3661327,134466000,134467000,133612000,133613000,1,-1
5049,chr5,134466222,134466383,133612435,133612781,EH38E3661914,EH38E3661327,134466000,134467000,133612000,133613000,1,-1
5050,chr5,134466402,134466698,133612435,133612781,EH38E3661915,EH38E3661327,134466000,134467000,133612000,133613000,1,-1
5051,chr5,134466765,134466968,133612435,133612781,EH38E3661916,EH38E3661327,134466000,134467000,133612000,133613000,1,-1
5052,chr5,134526863,134527095,133612435,133612781,EH38E3661972,EH38E3661327,134526000,134527000,133612000,133613000,1,-1
5053,chr5,131634622,131634959,133968350,133968507,EH38E3660066,EH38E3661525,131634000,131635000,133968000,133969000,1,-1
5054,chr5,132963990,132964173,133968350,133968507,EH38E2408975,EH38E3661525,132964000,132965000,133968000,133969000,1,-1
5055,chr5,134053760,134054088,133968350,133968507,EH38E3661607,EH38E3661525,134053000,134054000,133968000,133969000,3,-1
5056,chr5,134054175,134054336,133968350,133968507,EH38E2409738,EH38E3661525,134054000,134055000,133968000,133969000,1,-1
5057,chr5,134226498,134226727,133968350,133968507,EH38E3661797,EH38E3661525,134226000,134227000,133968000,133969000,1,-1
5058,chr5,134227237,134227586,133968350,133968507,EH38E3661799,EH38E3661525,134227000,134228000,133968000,133969000,1,-1
5059,chr5,134371880,134372042,133968350,133968507,EH38E3661846,EH38E3661525,134371000,134372000,133968000,133969000,1,-1
5060,chr5,134427738,134428061,133968350,133968507,EH38E2410044,EH38E3661525,134428000,134429000,133968000,133969000,1,-1
5061,chr5,134465616,134465872,133968350,133968507,EH38E3661913,EH38E3661525,134465000,134466000,133968000,133969000,1,-1
5062,chr5,134465900,134466201,133968350,133968507,EH38E2410090,EH38E3661525,134465000,134466000,133968000,133969000,1,-1
5063,chr5,134466222,134466383,133968350,133968507,EH38E3661914,EH38E3661525,134466000,134467000,133968000,133969000,1,-1
5064,chr5,134466402,134466698,133968350,133968507,EH38E3661915,EH38E3661525,134466000,134467000,133968000,133969000,1,-1
5065,chr5,134466765,134466968,133968350,133968507,EH38E3661916,EH38E3661525,134466000,134467000,133968000,133969000,1,-1
5066,chr5,134467018,134467231,133968350,133968507,EH38E3661917,EH38E3661525,134467000,134468000,133968000,133969000,2,-1
5067,chr5,134511910,134512243,133968350,133968507,EH38E3661957,EH38E3661525,134512000,134513000,133968000,133969000,1,-1
5068,chr5,134512271,134512432,133968350,133968507,EH38E3661958,EH38E3661525,134512000,134513000,133968000,133969000,1,-1
5069,chr5,134512598,134512914,133968350,133968507,EH38E3661959,EH38E3661525,134512000,134513000,133968000,133969000,1,-1
5070,chr5,134556003,134556351,133968350,133968507,EH38E3662008,EH38E3661525,134556000,134557000,133968000,133969000,1,-1
5071,chr5,134737728,134738078,133968350,133968507,EH38E2410291,EH38E3661525,134738000,134739000,133968000,133969000,1,-1
5072,chr5,135821472,135821820,133968350,133968507,EH38E3662861,EH38E3661525,135821000,135822000,133968000,133969000,1,-1
5073,chr5,131634622,131634959,133968524,133968872,EH38E3660066,EH38E3661526,131634000,131635000,133968000,133969000,1,-1
5074,chr5,132963990,132964173,133968524,133968872,EH38E2408975,EH38E3661526,132964000,132965000,133968000,133969000,1,-1
5075,chr5,134053760,134054088,133968524,133968872,EH38E3661607,EH38E3661526,134053000,134054000,133968000,133969000,3,-1
5076,chr5,134054175,134054336,133968524,133968872,EH38E2409738,EH38E3661526,134054000,134055000,133968000,133969000,1,-1
5077,chr5,134226498,134226727,133968524,133968872,EH38E3661797,EH38E3661526,134226000,134227000,133968000,133969000,1,-1
5078,chr5,134227237,134227586,133968524,133968872,EH38E3661799,EH38E3661526,134227000,134228000,133968000,133969000,1,-1
5079,chr5,134371880,134372042,133968524,133968872,EH38E3661846,EH38E3661526,134371000,134372000,133968000,133969000,1,-1
5080,chr5,134427738,134428061,133968524,133968872,EH38E2410044,EH38E3661526,134428000,134429000,133968000,133969000,1,-1
5081,chr5,134465616,134465872,133968524,133968872,EH38E3661913,EH38E3661526,134465000,134466000,133968000,133969000,1,-1
5082,chr5,134465900,134466201,133968524,133968872,EH38E2410090,EH38E3661526,134465000,134466000,133968000,133969000,1,-1
5083,chr5,134466222,134466383,133968524,133968872,EH38E3661914,EH38E3661526,134466000,134467000,133968000,133969000,1,-1
5084,chr5,134466402,134466698,133968524,133968872,EH38E3661915,EH38E3661526,134466000,134467000,133968000,133969000,1,-1
5085,chr5,134466765,134466968,133968524,133968872,EH38E3661916,EH38E3661526,134466000,134467000,133968000,133969000,1,-1
5086,chr5,134467018,134467231,133968524,133968872,EH38E3661917,EH38E3661526,134467000,134468000,133968000,133969000,2,-1
5087,chr5,134511910,134512243,133968524,133968872,EH38E3661957,EH38E3661526,134512000,134513000,133968000,133969000,1,-1
5088,chr5,134512271,134512432,133968524,133968872,EH38E3661958,EH38E3661526,134512000,134513000,133968000,133969000,1,-1
5089,chr5,134512598,134512914,133968524,133968872,EH38E3661959,EH38E3661526,134512000,134513000,133968000,133969000,1,-1
5090,chr5,134556003,134556351,133968524,133968872,EH38E3662008,EH38E3661526,134556000,134557000,133968000,133969000,1,-1
5091,chr5,134737728,134738078,133968524,133968872,EH38E2410291,EH38E3661526,134738000,134739000,133968000,133969000,1,-1
5092,chr5,135821472,135821820,133968524,133968872,EH38E3662861,EH38E3661526,135821000,135822000,133968000,133969000,1,-1
5093,chr5,132963990,132964173,134004605,134004937,EH38E2408975,EH38E3661561,132964000,132965000,134004000,134005000,1,-1
5094,chr5,134053760,134054088,134004605,134004937,EH38E3661607,EH38E3661561,134053000,134054000,134004000,134005000,2,-1
5095,chr5,134054175,134054336,134004605,134004937,EH38E2409738,EH38E3661561,134054000,134055000,134004000,134005000,1,-1
5096,chr5,134371880,134372042,134004605,134004937,EH38E3661846,EH38E3661561,134371000,134372000,134004000,134005000,1,-1
5097,chr5,134427738,134428061,134004605,134004937,EH38E2410044,EH38E3661561,134427000,134428000,134004000,134005000,1,-1
5098,chr5,134465616,134465872,134004605,134004937,EH38E3661913,EH38E3661561,134465000,134466000,134004000,134005000,1,-1
5099,chr5,134465900,134466201,134004605,134004937,EH38E2410090,EH38E3661561,134465000,134466000,134004000,134005000,1,-1
5100,chr5,134511047,134511394,134004605,134004937,EH38E3661955,EH38E3661561,134511000,134512000,134004000,134005000,1,-1
5101,chr5,134511910,134512243,134004605,134004937,EH38E3661957,EH38E3661561,134511000,134512000,134004000,134005000,1,-1
5102,chr5,134526863,134527095,134004605,134004937,EH38E3661972,EH38E3661561,134527000,134528000,134004000,134005000,2,-1
5103,chr5,134527124,134527470,134004605,134004937,EH38E3661973,EH38E3661561,134527000,134528000,134004000,134005000,2,-1
5104,chr5,134527481,134527831,134004605,134004937,EH38E3661974,EH38E3661561,134527000,134528000,134004000,134005000,2,-1
5105,chr5,134737728,134738078,134004605,134004937,EH38E2410291,EH38E3661561,134738000,134739000,134004000,134005000,1,-1
5106,chr5,134053760,134054088,134114495,134114835,EH38E3661607,EH38E3661677,134053000,134054000,134114000,134115000,7,-1
5107,chr5,134054175,134054336,134114495,134114835,EH38E2409738,EH38E3661677,134054000,134055000,134114000,134115000,12,-1
5108,chr5,134226498,134226727,134114495,134114835,EH38E3661797,EH38E3661677,134226000,134227000,134114000,134115000,1,-1
5109,chr5,134227237,134227586,134114495,134114835,EH38E3661799,EH38E3661677,134227000,134228000,134114000,134115000,2,-1
5110,chr5,134371880,134372042,134114495,134114835,EH38E3661846,EH38E3661677,134371000,134372000,134114000,134115000,1,-1
5111,chr5,134372046,134372396,134114495,134114835,EH38E3661847,EH38E3661677,134372000,134373000,134114000,134115000,1,-1
5112,chr5,134465616,134465872,134114495,134114835,EH38E3661913,EH38E3661677,134465000,134466000,134114000,134115000,1,-1
5113,chr5,134465900,134466201,134114495,134114835,EH38E2410090,EH38E3661677,134465000,134466000,134114000,134115000,1,-1
5114,chr5,134526863,134527095,134114495,134114835,EH38E3661972,EH38E3661677,134526000,134527000,134114000,134115000,1,-1
5115,chr5,134527124,134527470,134114495,134114835,EH38E3661973,EH38E3661677,134527000,134528000,134114000,134115000,2,-1
5116,chr5,134527481,134527831,134114495,134114835,EH38E3661974,EH38E3661677,134527000,134528000,134114000,134115000,2,-1
5117,chr5,134556003,134556351,134114495,134114835,EH38E3662008,EH38E3661677,134556000,134557000,134114000,134115000,3,-1
5118,chr5,134737728,134738078,134114495,134114835,EH38E2410291,EH38E3661677,134737000,134738000,134114000,134115000,1,-1
5119,chr5,134053760,134054088,134115403,134115753,EH38E3661607,EH38E3661680,134053000,134054000,134115000,134116000,11,-1
5120,chr5,134054175,134054336,134115403,134115753,EH38E2409738,EH38E3661680,134054000,134055000,134115000,134116000,1,-1
5121,chr5,134226498,134226727,134115403,134115753,EH38E3661797,EH38E3661680,134226000,134227000,134115000,134116000,1,-1
5122,chr5,134227237,134227586,134115403,134115753,EH38E3661799,EH38E3661680,134227000,134228000,134115000,134116000,1,-1
5123,chr5,134371880,134372042,134115403,134115753,EH38E3661846,EH38E3661680,134371000,134372000,134115000,134116000,1,-1
5124,chr5,134372046,134372396,134115403,134115753,EH38E3661847,EH38E3661680,134372000,134373000,134115000,134116000,1,-1
5125,chr5,134465616,134465872,134115403,134115753,EH38E3661913,EH38E3661680,134465000,134466000,134115000,134116000,1,-1
5126,chr5,134465900,134466201,134115403,134115753,EH38E2410090,EH38E3661680,134465000,134466000,134115000,134116000,1,-1
5127,chr5,134466222,134466383,134115403,134115753,EH38E3661914,EH38E3661680,134466000,134467000,134115000,134116000,1,-1
5128,chr5,134466402,134466698,134115403,134115753,EH38E3661915,EH38E3661680,134466000,134467000,134115000,134116000,1,-1
5129,chr5,134466765,134466968,134115403,134115753,EH38E3661916,EH38E3661680,134466000,134467000,134115000,134116000,1,-1
5130,chr5,134506220,134506569,134115403,134115753,EH38E3661945,EH38E3661680,134506000,134507000,134115000,134116000,1,-1
5131,chr5,134506645,134506988,134115403,134115753,EH38E2410114,EH38E3661680,134506000,134507000,134115000,134116000,1,-1
5132,chr5,134524109,134524446,134115403,134115753,EH38E3661964,EH38E3661680,134524000,134525000,134115000,134116000,2,-1
5133,chr5,134524459,134524796,134115403,134115753,EH38E3661965,EH38E3661680,134524000,134525000,134115000,134116000,2,-1
5134,chr5,134524973,134525128,134115403,134115753,EH38E3661966,EH38E3661680,134524000,134525000,134115000,134116000,2,-1
5135,chr5,134525146,134525352,134115403,134115753,EH38E3661967,EH38E3661680,134525000,134526000,134115000,134116000,1,-1
5136,chr5,134526863,134527095,134115403,134115753,EH38E3661972,EH38E3661680,134526000,134527000,134115000,134116000,3,-1
5137,chr5,134527124,134527470,134115403,134115753,EH38E3661973,EH38E3661680,134527000,134528000,134115000,134116000,2,-1
5138,chr5,134527481,134527831,134115403,134115753,EH38E3661974,EH38E3661680,134527000,134528000,134115000,134116000,2,-1
5139,chr5,134539780,134540116,134115403,134115753,EH38E2410155,EH38E3661680,134540000,134541000,134115000,134116000,1,-1
5140,chr5,134592082,134592345,134115403,134115753,EH38E3662049,EH38E3661680,134592000,134593000,134115000,134116000,1,-1
5141,chr5,134592365,134592714,134115403,134115753,EH38E2410216,EH38E3661680,134592000,134593000,134115000,134116000,1,-1
5142,chr5,134737728,134738078,134115403,134115753,EH38E2410291,EH38E3661680,134738000,134739000,134115000,134116000,1,-1
5143,chr5,133050523,133050774,134176577,134176795,EH38E3661014,EH38E3661769,133050000,133051000,134176000,134177000,1,-1
5144,chr5,134053760,134054088,134176577,134176795,EH38E3661607,EH38E3661769,134053000,134054000,134176000,134177000,5,-1
5145,chr5,134054175,134054336,134176577,134176795,EH38E2409738,EH38E3661769,134054000,134055000,134176000,134177000,3,-1
5146,chr5,134226498,134226727,134176577,134176795,EH38E3661797,EH38E3661769,134226000,134227000,134176000,134177000,5,-1
5147,chr5,134227237,134227586,134176577,134176795,EH38E3661799,EH38E3661769,134227000,134228000,134176000,134177000,1,-1
5148,chr5,134371880,134372042,134176577,134176795,EH38E3661846,EH38E3661769,134371000,134372000,134176000,134177000,3,-1
5149,chr5,134372046,134372396,134176577,134176795,EH38E3661847,EH38E3661769,134372000,134373000,134176000,134177000,1,-1
5150,chr5,134465900,134466201,134176577,134176795,EH38E2410090,EH38E3661769,134466000,134467000,134176000,134177000,1,-1
5151,chr5,134466222,134466383,134176577,134176795,EH38E3661914,EH38E3661769,134466000,134467000,134176000,134177000,1,-1
5152,chr5,134466402,134466698,134176577,134176795,EH38E3661915,EH38E3661769,134466000,134467000,134176000,134177000,1,-1
5153,chr5,134466765,134466968,134176577,134176795,EH38E3661916,EH38E3661769,134466000,134467000,134176000,134177000,1,-1
5154,chr5,134503369,134503718,134176577,134176795,EH38E3661940,EH38E3661769,134503000,134504000,134176000,134177000,2,-1
5155,chr5,134506220,134506569,134176577,134176795,EH38E3661945,EH38E3661769,134506000,134507000,134176000,134177000,2,-1
5156,chr5,134506645,134506988,134176577,134176795,EH38E2410114,EH38E3661769,134506000,134507000,134176000,134177000,2,-1
5157,chr5,134511047,134511394,134176577,134176795,EH38E3661955,EH38E3661769,134511000,134512000,134176000,134177000,1,-1
5158,chr5,134511910,134512243,134176577,134176795,EH38E3661957,EH38E3661769,134511000,134512000,134176000,134177000,1,-1
5159,chr5,134512271,134512432,134176577,134176795,EH38E3661958,EH38E3661769,134512000,134513000,134176000,134177000,1,-1
5160,chr5,134512598,134512914,134176577,134176795,EH38E3661959,EH38E3661769,134512000,134513000,134176000,134177000,1,-1
5161,chr5,134526863,134527095,134176577,134176795,EH38E3661972,EH38E3661769,134526000,134527000,134176000,134177000,2,-1
5162,chr5,134527124,134527470,134176577,134176795,EH38E3661973,EH38E3661769,134527000,134528000,134176000,134177000,1,-1
5163,chr5,134527481,134527831,134176577,134176795,EH38E3661974,EH38E3661769,134527000,134528000,134176000,134177000,1,-1
5164,chr5,134539780,134540116,134176577,134176795,EH38E2410155,EH38E3661769,134539000,134540000,134176000,134177000,3,-1
5165,chr5,134592082,134592345,134176577,134176795,EH38E3662049,EH38E3661769,134592000,134593000,134176000,134177000,3,-1
5166,chr5,134592365,134592714,134176577,134176795,EH38E2410216,EH38E3661769,134592000,134593000,134176000,134177000,3,-1
5167,chr5,134737728,134738078,134176577,134176795,EH38E2410291,EH38E3661769,134738000,134739000,134176000,134177000,4,-1
5168,chr5,133050523,133050774,134176908,134177258,EH38E3661014,EH38E3661770,133050000,133051000,134176000,134177000,1,-1
5169,chr5,134053760,134054088,134176908,134177258,EH38E3661607,EH38E3661770,134053000,134054000,134176000,134177000,5,-1
5170,chr5,134465900,134466201,134176908,134177258,EH38E2410090,EH38E3661770,134466000,134467000,134176000,134177000,1,-1
5171,chr5,134466222,134466383,134176908,134177258,EH38E3661914,EH38E3661770,134466000,134467000,134176000,134177000,1,-1
5172,chr5,134466402,134466698,134176908,134177258,EH38E3661915,EH38E3661770,134466000,134467000,134176000,134177000,1,-1
5173,chr5,134466765,134466968,134176908,134177258,EH38E3661916,EH38E3661770,134466000,134467000,134176000,134177000,1,-1
5174,chr5,134503369,134503718,134176908,134177258,EH38E3661940,EH38E3661770,134503000,134504000,134176000,134177000,2,-1
5175,chr5,134511047,134511394,134176908,134177258,EH38E3661955,EH38E3661770,134511000,134512000,134176000,134177000,1,-1
5176,chr5,134511910,134512243,134176908,134177258,EH38E3661957,EH38E3661770,134511000,134512000,134176000,134177000,1,-1
5177,chr5,134526863,134527095,134176908,134177258,EH38E3661972,EH38E3661770,134526000,134527000,134176000,134177000,2,-1
5178,chr5,134539780,134540116,134176908,134177258,EH38E2410155,EH38E3661770,134539000,134540000,134176000,134177000,3,-1
5179,chr5,134592082,134592345,134176908,134177258,EH38E3662049,EH38E3661770,134592000,134593000,134176000,134177000,3,-1
5180,chr5,134592365,134592714,134176908,134177258,EH38E2410216,EH38E3661770,134592000,134593000,134176000,134177000,3,-1
5181,chr5,134737728,134738078,134176908,134177258,EH38E2410291,EH38E3661770,134738000,134739000,134176000,134177000,4,-1
5182,chr5,132963990,132964173,134176908,134177258,EH38E2408975,EH38E3661770,132963000,132964000,134177000,134178000,1,-1
5183,chr5,134054175,134054336,134176908,134177258,EH38E2409738,EH38E3661770,134054000,134055000,134177000,134178000,4,-1
5184,chr5,134226498,134226727,134176908,134177258,EH38E3661797,EH38E3661770,134226000,134227000,134177000,134178000,7,-1
5185,chr5,134227237,134227586,134176908,134177258,EH38E3661799,EH38E3661770,134227000,134228000,134177000,134178000,5,-1
5186,chr5,134371880,134372042,134176908,134177258,EH38E3661846,EH38E3661770,134371000,134372000,134177000,134178000,4,-1
5187,chr5,134372046,134372396,134176908,134177258,EH38E3661847,EH38E3661770,134372000,134373000,134177000,134178000,2,-1
5188,chr5,134436747,134437097,134176908,134177258,EH38E3661882,EH38E3661770,134437000,134438000,134177000,134178000,1,-1
5189,chr5,134465616,134465872,134176908,134177258,EH38E3661913,EH38E3661770,134465000,134466000,134177000,134178000,4,-1
5190,chr5,134506220,134506569,134176908,134177258,EH38E3661945,EH38E3661770,134506000,134507000,134177000,134178000,3,-1
5191,chr5,134506645,134506988,134176908,134177258,EH38E2410114,EH38E3661770,134506000,134507000,134177000,134178000,3,-1
5192,chr5,134512271,134512432,134176908,134177258,EH38E3661958,EH38E3661770,134512000,134513000,134177000,134178000,2,-1
5193,chr5,134512598,134512914,134176908,134177258,EH38E3661959,EH38E3661770,134512000,134513000,134177000,134178000,2,-1
5194,chr5,134524109,134524446,134176908,134177258,EH38E3661964,EH38E3661770,134524000,134525000,134177000,134178000,3,-1
5195,chr5,134524459,134524796,134176908,134177258,EH38E3661965,EH38E3661770,134524000,134525000,134177000,134178000,3,-1
5196,chr5,134524973,134525128,134176908,134177258,EH38E3661966,EH38E3661770,134524000,134525000,134177000,134178000,3,-1
5197,chr5,134527124,134527470,134176908,134177258,EH38E3661973,EH38E3661770,134527000,134528000,134177000,134178000,3,-1
5198,chr5,134527481,134527831,134176908,134177258,EH38E3661974,EH38E3661770,134527000,134528000,134177000,134178000,3,-1
5199,chr5,134905361,134905542,134176908,134177258,EH38E3662179,EH38E3661770,134905000,134906000,134177000,134178000,1,-1
5200,chr5,132490435,132490587,134225505,134225709,EH38E3660663,EH38E3661795,132490000,132491000,134225000,134226000,1,-1
5201,chr5,133051214,133051525,134225505,134225709,EH38E2409030,EH38E3661795,133051000,133052000,134225000,134226000,1,-1
5202,chr5,134053760,134054088,134225505,134225709,EH38E3661607,EH38E3661795,134054000,134055000,134225000,134226000,1,-1
5203,chr5,134054175,134054336,134225505,134225709,EH38E2409738,EH38E3661795,134054000,134055000,134225000,134226000,1,-1
5204,chr5,134226498,134226727,134225505,134225709,EH38E3661797,EH38E3661795,134226000,134227000,134225000,134226000,314,-1
5205,chr5,134227237,134227586,134225505,134225709,EH38E3661799,EH38E3661795,134227000,134228000,134225000,134226000,39,-1
5206,chr5,134371880,134372042,134225505,134225709,EH38E3661846,EH38E3661795,134371000,134372000,134225000,134226000,4,-1
5207,chr5,134372046,134372396,134225505,134225709,EH38E3661847,EH38E3661795,134372000,134373000,134225000,134226000,2,-1
5208,chr5,134427738,134428061,134225505,134225709,EH38E2410044,EH38E3661795,134428000,134429000,134225000,134226000,1,-1
5209,chr5,134465616,134465872,134225505,134225709,EH38E3661913,EH38E3661795,134465000,134466000,134225000,134226000,3,-1
5210,chr5,134465900,134466201,134225505,134225709,EH38E2410090,EH38E3661795,134465000,134466000,134225000,134226000,3,-1
5211,chr5,134503369,134503718,134225505,134225709,EH38E3661940,EH38E3661795,134503000,134504000,134225000,134226000,1,-1
5212,chr5,134511047,134511394,134225505,134225709,EH38E3661955,EH38E3661795,134511000,134512000,134225000,134226000,2,-1
5213,chr5,134511910,134512243,134225505,134225709,EH38E3661957,EH38E3661795,134511000,134512000,134225000,134226000,2,-1
5214,chr5,134512271,134512432,134225505,134225709,EH38E3661958,EH38E3661795,134512000,134513000,134225000,134226000,1,-1
5215,chr5,134512598,134512914,134225505,134225709,EH38E3661959,EH38E3661795,134512000,134513000,134225000,134226000,1,-1
5216,chr5,134524109,134524446,134225505,134225709,EH38E3661964,EH38E3661795,134524000,134525000,134225000,134226000,3,-1
5217,chr5,134524459,134524796,134225505,134225709,EH38E3661965,EH38E3661795,134524000,134525000,134225000,134226000,3,-1
5218,chr5,134524973,134525128,134225505,134225709,EH38E3661966,EH38E3661795,134524000,134525000,134225000,134226000,3,-1
5219,chr5,134525146,134525352,134225505,134225709,EH38E3661967,EH38E3661795,134525000,134526000,134225000,134226000,2,-1
5220,chr5,134526863,134527095,134225505,134225709,EH38E3661972,EH38E3661795,134526000,134527000,134225000,134226000,2,-1
5221,chr5,134527124,134527470,134225505,134225709,EH38E3661973,EH38E3661795,134527000,134528000,134225000,134226000,3,-1
5222,chr5,134527481,134527831,134225505,134225709,EH38E3661974,EH38E3661795,134527000,134528000,134225000,134226000,3,-1
5223,chr5,134539780,134540116,134225505,134225709,EH38E2410155,EH38E3661795,134539000,134540000,134225000,134226000,2,-1
5224,chr5,134592082,134592345,134225505,134225709,EH38E3662049,EH38E3661795,134592000,134593000,134225000,134226000,3,-1
5225,chr5,134592365,134592714,134225505,134225709,EH38E2410216,EH38E3661795,134592000,134593000,134225000,134226000,3,-1
5226,chr5,134737728,134738078,134225505,134225709,EH38E2410291,EH38E3661795,134738000,134739000,134225000,134226000,1,-1
5227,chr5,134904576,134904922,134225505,134225709,EH38E3662177,EH38E3661795,134904000,134905000,134225000,134226000,1,-1
5228,chr5,134053760,134054088,134226120,134226470,EH38E3661607,EH38E2409943,134053000,134054000,134226000,134227000,1,-1
5229,chr5,134054175,134054336,134226120,134226470,EH38E2409738,EH38E2409943,134054000,134055000,134226000,134227000,1,-1
5230,chr5,134226498,134226727,134226120,134226470,EH38E3661797,EH38E2409943,134226000,134227000,134226000,134227000,426,-1
5231,chr5,134227237,134227586,134226120,134226470,EH38E3661799,EH38E2409943,134227000,134228000,134226000,134227000,446,-1
5232,chr5,134371880,134372042,134226120,134226470,EH38E3661846,EH38E2409943,134371000,134372000,134226000,134227000,6,-1
5233,chr5,134427738,134428061,134226120,134226470,EH38E2410044,EH38E2409943,134427000,134428000,134226000,134227000,2,-1
5234,chr5,134436747,134437097,134226120,134226470,EH38E3661882,EH38E2409943,134436000,134437000,134226000,134227000,1,-1
5235,chr5,134465616,134465872,134226120,134226470,EH38E3661913,EH38E2409943,134465000,134466000,134226000,134227000,1,-1
5236,chr5,134465900,134466201,134226120,134226470,EH38E2410090,EH38E2409943,134465000,134466000,134226000,134227000,1,-1
5237,chr5,134466222,134466383,134226120,134226470,EH38E3661914,EH38E2409943,134466000,134467000,134226000,134227000,2,-1
5238,chr5,134466402,134466698,134226120,134226470,EH38E3661915,EH38E2409943,134466000,134467000,134226000,134227000,2,-1
5239,chr5,134466765,134466968,134226120,134226470,EH38E3661916,EH38E2409943,134466000,134467000,134226000,134227000,2,-1
5240,chr5,134503369,134503718,134226120,134226470,EH38E3661940,EH38E2409943,134503000,134504000,134226000,134227000,1,-1
5241,chr5,134506220,134506569,134226120,134226470,EH38E3661945,EH38E2409943,134506000,134507000,134226000,134227000,4,-1
5242,chr5,134506645,134506988,134226120,134226470,EH38E2410114,EH38E2409943,134506000,134507000,134226000,134227000,4,-1
5243,chr5,134511047,134511394,134226120,134226470,EH38E3661955,EH38E2409943,134511000,134512000,134226000,134227000,2,-1
5244,chr5,134511910,134512243,134226120,134226470,EH38E3661957,EH38E2409943,134511000,134512000,134226000,134227000,2,-1
5245,chr5,134524109,134524446,134226120,134226470,EH38E3661964,EH38E2409943,134524000,134525000,134226000,134227000,3,-1
5246,chr5,134524459,134524796,134226120,134226470,EH38E3661965,EH38E2409943,134524000,134525000,134226000,134227000,3,-1
5247,chr5,134524973,134525128,134226120,134226470,EH38E3661966,EH38E2409943,134524000,134525000,134226000,134227000,3,-1
5248,chr5,134525146,134525352,134226120,134226470,EH38E3661967,EH38E2409943,134525000,134526000,134226000,134227000,2,-1
5249,chr5,134526863,134527095,134226120,134226470,EH38E3661972,EH38E2409943,134526000,134527000,134226000,134227000,4,-1
5250,chr5,134527124,134527470,134226120,134226470,EH38E3661973,EH38E2409943,134527000,134528000,134226000,134227000,4,-1
5251,chr5,134527481,134527831,134226120,134226470,EH38E3661974,EH38E2409943,134527000,134528000,134226000,134227000,4,-1
5252,chr5,134539780,134540116,134226120,134226470,EH38E2410155,EH38E2409943,134539000,134540000,134226000,134227000,2,-1
5253,chr5,134592082,134592345,134226120,134226470,EH38E3662049,EH38E2409943,134592000,134593000,134226000,134227000,2,-1
5254,chr5,134592365,134592714,134226120,134226470,EH38E2410216,EH38E2409943,134592000,134593000,134226000,134227000,2,-1
5255,chr5,134737728,134738078,134226120,134226470,EH38E2410291,EH38E2409943,134737000,134738000,134226000,134227000,1,-1
5256,chr5,134904576,134904922,134226120,134226470,EH38E3662177,EH38E2409943,134904000,134905000,134226000,134227000,1,-1
5257,chr5,134905361,134905542,134226120,134226470,EH38E3662179,EH38E2409943,134905000,134906000,134226000,134227000,1,-1
5258,chr5,133050523,133050774,134367046,134367382,EH38E3661014,EH38E3661837,133050000,133051000,134367000,134368000,2,-1
5259,chr5,134226498,134226727,134367046,134367382,EH38E3661797,EH38E3661837,134226000,134227000,134367000,134368000,3,-1
5260,chr5,134227237,134227586,134367046,134367382,EH38E3661799,EH38E3661837,134227000,134228000,134367000,134368000,1,-1
5261,chr5,134371880,134372042,134367046,134367382,EH38E3661846,EH38E3661837,134371000,134372000,134367000,134368000,48,-1
5262,chr5,134372046,134372396,134367046,134367382,EH38E3661847,EH38E3661837,134372000,134373000,134367000,134368000,12,-1
5263,chr5,134427738,134428061,134367046,134367382,EH38E2410044,EH38E3661837,134428000,134429000,134367000,134368000,1,-1
5264,chr5,134436747,134437097,134367046,134367382,EH38E3661882,EH38E3661837,134436000,134437000,134367000,134368000,3,-1
5265,chr5,134465900,134466201,134367046,134367382,EH38E2410090,EH38E3661837,134466000,134467000,134367000,134368000,1,-1
5266,chr5,134466222,134466383,134367046,134367382,EH38E3661914,EH38E3661837,134466000,134467000,134367000,134368000,1,-1
5267,chr5,134466402,134466698,134367046,134367382,EH38E3661915,EH38E3661837,134466000,134467000,134367000,134368000,1,-1
5268,chr5,134466765,134466968,134367046,134367382,EH38E3661916,EH38E3661837,134466000,134467000,134367000,134368000,1,-1
5269,chr5,134506220,134506569,134367046,134367382,EH38E3661945,EH38E3661837,134506000,134507000,134367000,134368000,1,-1
5270,chr5,134506645,134506988,134367046,134367382,EH38E2410114,EH38E3661837,134506000,134507000,134367000,134368000,1,-1
5271,chr5,134511047,134511394,134367046,134367382,EH38E3661955,EH38E3661837,134511000,134512000,134367000,134368000,2,-1
5272,chr5,134511910,134512243,134367046,134367382,EH38E3661957,EH38E3661837,134511000,134512000,134367000,134368000,2,-1
5273,chr5,134512271,134512432,134367046,134367382,EH38E3661958,EH38E3661837,134512000,134513000,134367000,134368000,2,-1
5274,chr5,134512598,134512914,134367046,134367382,EH38E3661959,EH38E3661837,134512000,134513000,134367000,134368000,2,-1
5275,chr5,134524109,134524446,134367046,134367382,EH38E3661964,EH38E3661837,134524000,134525000,134367000,134368000,5,-1
5276,chr5,134524459,134524796,134367046,134367382,EH38E3661965,EH38E3661837,134524000,134525000,134367000,134368000,5,-1
5277,chr5,134524973,134525128,134367046,134367382,EH38E3661966,EH38E3661837,134524000,134525000,134367000,134368000,5,-1
5278,chr5,134525146,134525352,134367046,134367382,EH38E3661967,EH38E3661837,134525000,134526000,134367000,134368000,6,-1
5279,chr5,134526863,134527095,134367046,134367382,EH38E3661972,EH38E3661837,134526000,134527000,134367000,134368000,4,-1
5280,chr5,134527124,134527470,134367046,134367382,EH38E3661973,EH38E3661837,134527000,134528000,134367000,134368000,6,-1
5281,chr5,134527481,134527831,134367046,134367382,EH38E3661974,EH38E3661837,134527000,134528000,134367000,134368000,6,-1
5282,chr5,134539780,134540116,134367046,134367382,EH38E2410155,EH38E3661837,134540000,134541000,134367000,134368000,1,-1
5283,chr5,134592082,134592345,134367046,134367382,EH38E3662049,EH38E3661837,134592000,134593000,134367000,134368000,1,-1
5284,chr5,134592365,134592714,134367046,134367382,EH38E2410216,EH38E3661837,134592000,134593000,134367000,134368000,1,-1
5285,chr5,134737728,134738078,134367046,134367382,EH38E2410291,EH38E3661837,134737000,134738000,134367000,134368000,1,-1
5286,chr5,134904576,134904922,134367046,134367382,EH38E3662177,EH38E3661837,134904000,134905000,134367000,134368000,1,-1
5287,chr5,132445559,132445885,134370928,134371277,EH38E3660570,EH38E3661843,132445000,132446000,134370000,134371000,1,-1
5288,chr5,132963990,132964173,134370928,134371277,EH38E2408975,EH38E3661843,132963000,132964000,134370000,134371000,1,-1
5289,chr5,133050523,133050774,134370928,134371277,EH38E3661014,EH38E3661843,133050000,133051000,134370000,134371000,1,-1
5290,chr5,134053760,134054088,134370928,134371277,EH38E3661607,EH38E3661843,134053000,134054000,134370000,134371000,1,-1
5291,chr5,134436747,134437097,134370928,134371277,EH38E3661882,EH38E3661843,134437000,134438000,134370000,134371000,2,-1
5292,chr5,134503369,134503718,134370928,134371277,EH38E3661940,EH38E3661843,134503000,134504000,134370000,134371000,3,-1
5293,chr5,134506220,134506569,134370928,134371277,EH38E3661945,EH38E3661843,134506000,134507000,134370000,134371000,3,-1
5294,chr5,134506645,134506988,134370928,134371277,EH38E2410114,EH38E3661843,134506000,134507000,134370000,134371000,3,-1
5295,chr5,134511047,134511394,134370928,134371277,EH38E3661955,EH38E3661843,134511000,134512000,134370000,134371000,5,-1
5296,chr5,134511910,134512243,134370928,134371277,EH38E3661957,EH38E3661843,134511000,134512000,134370000,134371000,5,-1
5297,chr5,134524109,134524446,134370928,134371277,EH38E3661964,EH38E3661843,134524000,134525000,134370000,134371000,7,-1
5298,chr5,134524459,134524796,134370928,134371277,EH38E3661965,EH38E3661843,134524000,134525000,134370000,134371000,7,-1
5299,chr5,134524973,134525128,134370928,134371277,EH38E3661966,EH38E3661843,134524000,134525000,134370000,134371000,7,-1
5300,chr5,134539780,134540116,134370928,134371277,EH38E2410155,EH38E3661843,134539000,134540000,134370000,134371000,2,-1
5301,chr5,134592082,134592345,134370928,134371277,EH38E3662049,EH38E3661843,134592000,134593000,134370000,134371000,8,-1
5302,chr5,134592365,134592714,134370928,134371277,EH38E2410216,EH38E3661843,134592000,134593000,134370000,134371000,8,-1
5303,chr5,134226498,134226727,134370928,134371277,EH38E3661797,EH38E3661843,134226000,134227000,134371000,134372000,6,-1
5304,chr5,134371880,134372042,134370928,134371277,EH38E3661846,EH38E3661843,134371000,134372000,134371000,134372000,467,-1
5305,chr5,134372046,134372396,134370928,134371277,EH38E3661847,EH38E3661843,134372000,134373000,134371000,134372000,366,-1
5306,chr5,134427738,134428061,134370928,134371277,EH38E2410044,EH38E3661843,134427000,134428000,134371000,134372000,2,-1
5307,chr5,134465616,134465872,134370928,134371277,EH38E3661913,EH38E3661843,134465000,134466000,134371000,134372000,4,-1
5308,chr5,134465900,134466201,134370928,134371277,EH38E2410090,EH38E3661843,134465000,134466000,134371000,134372000,4,-1
5309,chr5,134466222,134466383,134370928,134371277,EH38E3661914,EH38E3661843,134466000,134467000,134371000,134372000,7,-1
5310,chr5,134466402,134466698,134370928,134371277,EH38E3661915,EH38E3661843,134466000,134467000,134371000,134372000,7,-1
5311,chr5,134466765,134466968,134370928,134371277,EH38E3661916,EH38E3661843,134466000,134467000,134371000,134372000,7,-1
5312,chr5,134467018,134467231,134370928,134371277,EH38E3661917,EH38E3661843,134467000,134468000,134371000,134372000,3,-1
5313,chr5,134512271,134512432,134370928,134371277,EH38E3661958,EH38E3661843,134512000,134513000,134371000,134372000,10,-1
5314,chr5,134512598,134512914,134370928,134371277,EH38E3661959,EH38E3661843,134512000,134513000,134371000,134372000,10,-1
5315,chr5,134525146,134525352,134370928,134371277,EH38E3661967,EH38E3661843,134525000,134526000,134371000,134372000,13,-1
5316,chr5,134526863,134527095,134370928,134371277,EH38E3661972,EH38E3661843,134526000,134527000,134371000,134372000,6,-1
5317,chr5,134527124,134527470,134370928,134371277,EH38E3661973,EH38E3661843,134527000,134528000,134371000,134372000,12,-1
5318,chr5,134527481,134527831,134370928,134371277,EH38E3661974,EH38E3661843,134527000,134528000,134371000,134372000,12,-1
5319,chr5,134556003,134556351,134370928,134371277,EH38E3662008,EH38E3661843,134556000,134557000,134371000,134372000,5,-1
5320,chr5,134737728,134738078,134370928,134371277,EH38E2410291,EH38E3661843,134738000,134739000,134371000,134372000,3,-1
5321,chr5,134904576,134904922,134370928,134371277,EH38E3662177,EH38E3661843,134904000,134905000,134371000,134372000,1,-1
5322,chr5,134905361,134905542,134370928,134371277,EH38E3662179,EH38E3661843,134905000,134906000,134371000,134372000,3,-1
5323,chr5,134226498,134226727,134371285,134371565,EH38E3661797,EH38E3661844,134226000,134227000,134371000,134372000,6,-1
5324,chr5,134371880,134372042,134371285,134371565,EH38E3661846,EH38E3661844,134371000,134372000,134371000,134372000,467,-1
5325,chr5,134372046,134372396,134371285,134371565,EH38E3661847,EH38E3661844,134372000,134373000,134371000,134372000,366,-1
5326,chr5,134427738,134428061,134371285,134371565,EH38E2410044,EH38E3661844,134427000,134428000,134371000,134372000,2,-1
5327,chr5,134436747,134437097,134371285,134371565,EH38E3661882,EH38E3661844,134436000,134437000,134371000,134372000,4,-1
5328,chr5,134465616,134465872,134371285,134371565,EH38E3661913,EH38E3661844,134465000,134466000,134371000,134372000,4,-1
5329,chr5,134465900,134466201,134371285,134371565,EH38E2410090,EH38E3661844,134465000,134466000,134371000,134372000,4,-1
5330,chr5,134466222,134466383,134371285,134371565,EH38E3661914,EH38E3661844,134466000,134467000,134371000,134372000,7,-1
5331,chr5,134466402,134466698,134371285,134371565,EH38E3661915,EH38E3661844,134466000,134467000,134371000,134372000,7,-1
5332,chr5,134466765,134466968,134371285,134371565,EH38E3661916,EH38E3661844,134466000,134467000,134371000,134372000,7,-1
5333,chr5,134467018,134467231,134371285,134371565,EH38E3661917,EH38E3661844,134467000,134468000,134371000,134372000,3,-1
5334,chr5,134503369,134503718,134371285,134371565,EH38E3661940,EH38E3661844,134503000,134504000,134371000,134372000,3,-1
5335,chr5,134506220,134506569,134371285,134371565,EH38E3661945,EH38E3661844,134506000,134507000,134371000,134372000,3,-1
5336,chr5,134506645,134506988,134371285,134371565,EH38E2410114,EH38E3661844,134506000,134507000,134371000,134372000,3,-1
5337,chr5,134511047,134511394,134371285,134371565,EH38E3661955,EH38E3661844,134511000,134512000,134371000,134372000,1,-1
5338,chr5,134511910,134512243,134371285,134371565,EH38E3661957,EH38E3661844,134511000,134512000,134371000,134372000,1,-1
5339,chr5,134512271,134512432,134371285,134371565,EH38E3661958,EH38E3661844,134512000,134513000,134371000,134372000,10,-1
5340,chr5,134512598,134512914,134371285,134371565,EH38E3661959,EH38E3661844,134512000,134513000,134371000,134372000,10,-1
5341,chr5,134524109,134524446,134371285,134371565,EH38E3661964,EH38E3661844,134524000,134525000,134371000,134372000,5,-1
5342,chr5,134524459,134524796,134371285,134371565,EH38E3661965,EH38E3661844,134524000,134525000,134371000,134372000,5,-1
5343,chr5,134524973,134525128,134371285,134371565,EH38E3661966,EH38E3661844,134524000,134525000,134371000,134372000,5,-1
5344,chr5,134525146,134525352,134371285,134371565,EH38E3661967,EH38E3661844,134525000,134526000,134371000,134372000,13,-1
5345,chr5,134526863,134527095,134371285,134371565,EH38E3661972,EH38E3661844,134526000,134527000,134371000,134372000,6,-1
5346,chr5,134527124,134527470,134371285,134371565,EH38E3661973,EH38E3661844,134527000,134528000,134371000,134372000,12,-1
5347,chr5,134527481,134527831,134371285,134371565,EH38E3661974,EH38E3661844,134527000,134528000,134371000,134372000,12,-1
5348,chr5,134539780,134540116,134371285,134371565,EH38E2410155,EH38E3661844,134539000,134540000,134371000,134372000,2,-1
5349,chr5,134556003,134556351,134371285,134371565,EH38E3662008,EH38E3661844,134556000,134557000,134371000,134372000,5,-1
5350,chr5,134592082,134592345,134371285,134371565,EH38E3662049,EH38E3661844,134592000,134593000,134371000,134372000,1,-1
5351,chr5,134592365,134592714,134371285,134371565,EH38E2410216,EH38E3661844,134592000,134593000,134371000,134372000,1,-1
5352,chr5,134737728,134738078,134371285,134371565,EH38E2410291,EH38E3661844,134737000,134738000,134371000,134372000,2,-1
5353,chr5,134904576,134904922,134371285,134371565,EH38E3662177,EH38E3661844,134904000,134905000,134371000,134372000,1,-1
5354,chr5,134905361,134905542,134371285,134371565,EH38E3662179,EH38E3661844,134905000,134906000,134371000,134372000,3,-1
5355,chr5,134226498,134226727,134371582,134371846,EH38E3661797,EH38E3661845,134226000,134227000,134371000,134372000,6,-1
5356,chr5,134371880,134372042,134371582,134371846,EH38E3661846,EH38E3661845,134371000,134372000,134371000,134372000,467,-1
5357,chr5,134372046,134372396,134371582,134371846,EH38E3661847,EH38E3661845,134372000,134373000,134371000,134372000,366,-1
5358,chr5,134427738,134428061,134371582,134371846,EH38E2410044,EH38E3661845,134427000,134428000,134371000,134372000,2,-1
5359,chr5,134436747,134437097,134371582,134371846,EH38E3661882,EH38E3661845,134436000,134437000,134371000,134372000,4,-1
5360,chr5,134465616,134465872,134371582,134371846,EH38E3661913,EH38E3661845,134465000,134466000,134371000,134372000,4,-1
5361,chr5,134465900,134466201,134371582,134371846,EH38E2410090,EH38E3661845,134465000,134466000,134371000,134372000,4,-1
5362,chr5,134466222,134466383,134371582,134371846,EH38E3661914,EH38E3661845,134466000,134467000,134371000,134372000,7,-1
5363,chr5,134466402,134466698,134371582,134371846,EH38E3661915,EH38E3661845,134466000,134467000,134371000,134372000,7,-1
5364,chr5,134466765,134466968,134371582,134371846,EH38E3661916,EH38E3661845,134466000,134467000,134371000,134372000,7,-1
5365,chr5,134467018,134467231,134371582,134371846,EH38E3661917,EH38E3661845,134467000,134468000,134371000,134372000,3,-1
5366,chr5,134503369,134503718,134371582,134371846,EH38E3661940,EH38E3661845,134503000,134504000,134371000,134372000,3,-1
5367,chr5,134506220,134506569,134371582,134371846,EH38E3661945,EH38E3661845,134506000,134507000,134371000,134372000,3,-1
5368,chr5,134506645,134506988,134371582,134371846,EH38E2410114,EH38E3661845,134506000,134507000,134371000,134372000,3,-1
5369,chr5,134511047,134511394,134371582,134371846,EH38E3661955,EH38E3661845,134511000,134512000,134371000,134372000,1,-1
5370,chr5,134511910,134512243,134371582,134371846,EH38E3661957,EH38E3661845,134511000,134512000,134371000,134372000,1,-1
5371,chr5,134512271,134512432,134371582,134371846,EH38E3661958,EH38E3661845,134512000,134513000,134371000,134372000,10,-1
5372,chr5,134512598,134512914,134371582,134371846,EH38E3661959,EH38E3661845,134512000,134513000,134371000,134372000,10,-1
5373,chr5,134524109,134524446,134371582,134371846,EH38E3661964,EH38E3661845,134524000,134525000,134371000,134372000,5,-1
5374,chr5,134524459,134524796,134371582,134371846,EH38E3661965,EH38E3661845,134524000,134525000,134371000,134372000,5,-1
5375,chr5,134524973,134525128,134371582,134371846,EH38E3661966,EH38E3661845,134524000,134525000,134371000,134372000,5,-1
5376,chr5,134525146,134525352,134371582,134371846,EH38E3661967,EH38E3661845,134525000,134526000,134371000,134372000,13,-1
5377,chr5,134526863,134527095,134371582,134371846,EH38E3661972,EH38E3661845,134526000,134527000,134371000,134372000,6,-1
5378,chr5,134527124,134527470,134371582,134371846,EH38E3661973,EH38E3661845,134527000,134528000,134371000,134372000,12,-1
5379,chr5,134527481,134527831,134371582,134371846,EH38E3661974,EH38E3661845,134527000,134528000,134371000,134372000,12,-1
5380,chr5,134539780,134540116,134371582,134371846,EH38E2410155,EH38E3661845,134539000,134540000,134371000,134372000,2,-1
5381,chr5,134556003,134556351,134371582,134371846,EH38E3662008,EH38E3661845,134556000,134557000,134371000,134372000,5,-1
5382,chr5,134592082,134592345,134371582,134371846,EH38E3662049,EH38E3661845,134592000,134593000,134371000,134372000,1,-1
5383,chr5,134592365,134592714,134371582,134371846,EH38E2410216,EH38E3661845,134592000,134593000,134371000,134372000,1,-1
5384,chr5,134737728,134738078,134371582,134371846,EH38E2410291,EH38E3661845,134737000,134738000,134371000,134372000,2,-1
5385,chr5,134904576,134904922,134371582,134371846,EH38E3662177,EH38E3661845,134904000,134905000,134371000,134372000,1,-1
5386,chr5,134905361,134905542,134371582,134371846,EH38E3662179,EH38E3661845,134905000,134906000,134371000,134372000,3,-1
5387,chr5,134226498,134226727,134411767,134412114,EH38E3661797,EH38E3661865,134226000,134227000,134411000,134412000,2,-1
5388,chr5,134371880,134372042,134411767,134412114,EH38E3661846,EH38E3661865,134371000,134372000,134411000,134412000,14,-1
5389,chr5,134372046,134372396,134411767,134412114,EH38E3661847,EH38E3661865,134372000,134373000,134411000,134412000,10,-1
5390,chr5,134427738,134428061,134411767,134412114,EH38E2410044,EH38E3661865,134427000,134428000,134411000,134412000,14,-1
5391,chr5,134506220,134506569,134411767,134412114,EH38E3661945,EH38E3661865,134506000,134507000,134411000,134412000,14,-1
5392,chr5,134506645,134506988,134411767,134412114,EH38E2410114,EH38E3661865,134506000,134507000,134411000,134412000,14,-1
5393,chr5,134511047,134511394,134411767,134412114,EH38E3661955,EH38E3661865,134511000,134512000,134411000,134412000,18,-1
5394,chr5,134511910,134512243,134411767,134412114,EH38E3661957,EH38E3661865,134511000,134512000,134411000,134412000,18,-1
5395,chr5,134525146,134525352,134411767,134412114,EH38E3661967,EH38E3661865,134525000,134526000,134411000,134412000,16,-1
5396,chr5,134526863,134527095,134411767,134412114,EH38E3661972,EH38E3661865,134526000,134527000,134411000,134412000,26,-1
5397,chr5,134527124,134527470,134411767,134412114,EH38E3661973,EH38E3661865,134527000,134528000,134411000,134412000,24,-1
5398,chr5,134527481,134527831,134411767,134412114,EH38E3661974,EH38E3661865,134527000,134528000,134411000,134412000,24,-1
5399,chr5,134737728,134738078,134411767,134412114,EH38E2410291,EH38E3661865,134737000,134738000,134411000,134412000,2,-1
5400,chr5,134904576,134904922,134411767,134412114,EH38E3662177,EH38E3661865,134904000,134905000,134411000,134412000,1,-1
5401,chr5,134905361,134905542,134411767,134412114,EH38E3662179,EH38E3661865,134905000,134906000,134411000,134412000,1,-1
5402,chr5,134053760,134054088,134411767,134412114,EH38E3661607,EH38E3661865,134054000,134055000,134412000,134413000,2,-1
5403,chr5,134054175,134054336,134411767,134412114,EH38E2409738,EH38E3661865,134054000,134055000,134412000,134413000,2,-1
5404,chr5,134227237,134227586,134411767,134412114,EH38E3661799,EH38E3661865,134227000,134228000,134412000,134413000,2,-1
5405,chr5,134436747,134437097,134411767,134412114,EH38E3661882,EH38E3661865,134436000,134437000,134412000,134413000,12,-1
5406,chr5,134465616,134465872,134411767,134412114,EH38E3661913,EH38E3661865,134465000,134466000,134412000,134413000,12,-1
5407,chr5,134465900,134466201,134411767,134412114,EH38E2410090,EH38E3661865,134465000,134466000,134412000,134413000,12,-1
5408,chr5,134466222,134466383,134411767,134412114,EH38E3661914,EH38E3661865,134466000,134467000,134412000,134413000,22,-1
5409,chr5,134466402,134466698,134411767,134412114,EH38E3661915,EH38E3661865,134466000,134467000,134412000,134413000,22,-1
5410,chr5,134466765,134466968,134411767,134412114,EH38E3661916,EH38E3661865,134466000,134467000,134412000,134413000,22,-1
5411,chr5,134467018,134467231,134411767,134412114,EH38E3661917,EH38E3661865,134467000,134468000,134412000,134413000,8,-1
5412,chr5,134503369,134503718,134411767,134412114,EH38E3661940,EH38E3661865,134503000,134504000,134412000,134413000,14,-1
5413,chr5,134512271,134512432,134411767,134412114,EH38E3661958,EH38E3661865,134512000,134513000,134412000,134413000,31,-1
5414,chr5,134512598,134512914,134411767,134412114,EH38E3661959,EH38E3661865,134512000,134513000,134412000,134413000,31,-1
5415,chr5,134524109,134524446,134411767,134412114,EH38E3661964,EH38E3661865,134524000,134525000,134412000,134413000,30,-1
5416,chr5,134524459,134524796,134411767,134412114,EH38E3661965,EH38E3661865,134524000,134525000,134412000,134413000,30,-1
5417,chr5,134524973,134525128,134411767,134412114,EH38E3661966,EH38E3661865,134524000,134525000,134412000,134413000,30,-1
5418,chr5,134539780,134540116,134411767,134412114,EH38E2410155,EH38E3661865,134539000,134540000,134412000,134413000,4,-1
5419,chr5,134556003,134556351,134411767,134412114,EH38E3662008,EH38E3661865,134556000,134557000,134412000,134413000,5,-1
5420,chr5,134592082,134592345,134411767,134412114,EH38E3662049,EH38E3661865,134592000,134593000,134412000,134413000,8,-1
5421,chr5,134592365,134592714,134411767,134412114,EH38E2410216,EH38E3661865,134592000,134593000,134412000,134413000,8,-1
5422,chr5,135821472,135821820,134411767,134412114,EH38E3662861,EH38E3661865,135821000,135822000,134412000,134413000,1,-1
5423,chr5,134053760,134054088,134525354,134525567,EH38E3661607,EH38E3661968,134054000,134055000,134525000,134526000,1,-1
5424,chr5,134054175,134054336,134525354,134525567,EH38E2409738,EH38E3661968,134054000,134055000,134525000,134526000,1,-1
5425,chr5,134226498,134226727,134525354,134525567,EH38E3661797,EH38E3661968,134226000,134227000,134525000,134526000,2,-1
5426,chr5,134371880,134372042,134525354,134525567,EH38E3661846,EH38E3661968,134371000,134372000,134525000,134526000,13,-1
5427,chr5,134427738,134428061,134525354,134525567,EH38E2410044,EH38E3661968,134427000,134428000,134525000,134526000,3,-1
5428,chr5,134436747,134437097,134525354,134525567,EH38E3661882,EH38E3661968,134436000,134437000,134525000,134526000,5,-1
5429,chr5,134465616,134465872,134525354,134525567,EH38E3661913,EH38E3661968,134465000,134466000,134525000,134526000,7,-1
5430,chr5,134465900,134466201,134525354,134525567,EH38E2410090,EH38E3661968,134465000,134466000,134525000,134526000,7,-1
5431,chr5,134466222,134466383,134525354,134525567,EH38E3661914,EH38E3661968,134466000,134467000,134525000,134526000,21,-1
5432,chr5,134466402,134466698,134525354,134525567,EH38E3661915,EH38E3661968,134466000,134467000,134525000,134526000,21,-1
5433,chr5,134466765,134466968,134525354,134525567,EH38E3661916,EH38E3661968,134466000,134467000,134525000,134526000,21,-1
5434,chr5,134467018,134467231,134525354,134525567,EH38E3661917,EH38E3661968,134467000,134468000,134525000,134526000,9,-1
5435,chr5,134503369,134503718,134525354,134525567,EH38E3661940,EH38E3661968,134503000,134504000,134525000,134526000,9,-1
5436,chr5,134506220,134506569,134525354,134525567,EH38E3661945,EH38E3661968,134506000,134507000,134525000,134526000,17,-1
5437,chr5,134506645,134506988,134525354,134525567,EH38E2410114,EH38E3661968,134506000,134507000,134525000,134526000,17,-1
5438,chr5,134511047,134511394,134525354,134525567,EH38E3661955,EH38E3661968,134511000,134512000,134525000,134526000,15,-1
5439,chr5,134511910,134512243,134525354,134525567,EH38E3661957,EH38E3661968,134511000,134512000,134525000,134526000,15,-1
5440,chr5,134512271,134512432,134525354,134525567,EH38E3661958,EH38E3661968,134512000,134513000,134525000,134526000,21,-1
5441,chr5,134512598,134512914,134525354,134525567,EH38E3661959,EH38E3661968,134512000,134513000,134525000,134526000,21,-1
5442,chr5,134524109,134524446,134525354,134525567,EH38E3661964,EH38E3661968,134524000,134525000,134525000,134526000,510,-1
5443,chr5,134524459,134524796,134525354,134525567,EH38E3661965,EH38E3661968,134524000,134525000,134525000,134526000,510,-1
5444,chr5,134524973,134525128,134525354,134525567,EH38E3661966,EH38E3661968,134524000,134525000,134525000,134526000,510,-1
5445,chr5,134524973,134525128,134525354,134525567,EH38E3661966,EH38E3661968,134525000,134526000,134525000,134526000,479,-1
5446,chr5,134525146,134525352,134525354,134525567,EH38E3661967,EH38E3661968,134525000,134526000,134525000,134526000,479,-1
5447,chr5,134526863,134527095,134525354,134525567,EH38E3661972,EH38E3661968,134526000,134527000,134525000,134526000,338,-1
5448,chr5,134527124,134527470,134525354,134525567,EH38E3661973,EH38E3661968,134527000,134528000,134525000,134526000,101,-1
5449,chr5,134527481,134527831,134525354,134525567,EH38E3661974,EH38E3661968,134527000,134528000,134525000,134526000,101,-1
5450,chr5,134539780,134540116,134525354,134525567,EH38E2410155,EH38E3661968,134539000,134540000,134525000,134526000,13,-1
5451,chr5,134556003,134556351,134525354,134525567,EH38E3662008,EH38E3661968,134556000,134557000,134525000,134526000,3,-1
5452,chr5,134592082,134592345,134525354,134525567,EH38E3662049,EH38E3661968,134592000,134593000,134525000,134526000,2,-1
5453,chr5,134592365,134592714,134525354,134525567,EH38E2410216,EH38E3661968,134592000,134593000,134525000,134526000,2,-1
5454,chr5,134737728,134738078,134525354,134525567,EH38E2410291,EH38E3661968,134738000,134739000,134525000,134526000,1,-1
5455,chr5,134905361,134905542,134525354,134525567,EH38E3662179,EH38E3661968,134905000,134906000,134525000,134526000,1,-1
5456,chr5,134054175,134054336,134525952,134526297,EH38E2409738,EH38E3661970,134054000,134055000,134525000,134526000,1,-1
5457,chr5,134371880,134372042,134525952,134526297,EH38E3661846,EH38E3661970,134371000,134372000,134525000,134526000,13,-1
5458,chr5,134436747,134437097,134525952,134526297,EH38E3661882,EH38E3661970,134436000,134437000,134525000,134526000,5,-1
5459,chr5,134506220,134506569,134525952,134526297,EH38E3661945,EH38E3661970,134506000,134507000,134525000,134526000,17,-1
5460,chr5,134506645,134506988,134525952,134526297,EH38E2410114,EH38E3661970,134506000,134507000,134525000,134526000,17,-1
5461,chr5,134511047,134511394,134525952,134526297,EH38E3661955,EH38E3661970,134511000,134512000,134525000,134526000,15,-1
5462,chr5,134511910,134512243,134525952,134526297,EH38E3661957,EH38E3661970,134511000,134512000,134525000,134526000,15,-1
5463,chr5,134524109,134524446,134525952,134526297,EH38E3661964,EH38E3661970,134524000,134525000,134525000,134526000,510,-1
5464,chr5,134524459,134524796,134525952,134526297,EH38E3661965,EH38E3661970,134524000,134525000,134525000,134526000,510,-1
5465,chr5,134524973,134525128,134525952,134526297,EH38E3661966,EH38E3661970,134524000,134525000,134525000,134526000,510,-1
5466,chr5,134524973,134525128,134525952,134526297,EH38E3661966,EH38E3661970,134525000,134526000,134525000,134526000,479,-1
5467,chr5,134525146,134525352,134525952,134526297,EH38E3661967,EH38E3661970,134525000,134526000,134525000,134526000,479,-1
5468,chr5,134539780,134540116,134525952,134526297,EH38E2410155,EH38E3661970,134539000,134540000,134525000,134526000,13,-1
5469,chr5,134737728,134738078,134525952,134526297,EH38E2410291,EH38E3661970,134738000,134739000,134525000,134526000,1,-1
5470,chr5,134905361,134905542,134525952,134526297,EH38E3662179,EH38E3661970,134905000,134906000,134525000,134526000,1,-1
5471,chr5,132963990,132964173,134525952,134526297,EH38E2408975,EH38E3661970,132963000,132964000,134526000,134527000,1,-1
5472,chr5,134053760,134054088,134525952,134526297,EH38E3661607,EH38E3661970,134053000,134054000,134526000,134527000,1,-1
5473,chr5,134226498,134226727,134525952,134526297,EH38E3661797,EH38E3661970,134226000,134227000,134526000,134527000,4,-1
5474,chr5,134227237,134227586,134525952,134526297,EH38E3661799,EH38E3661970,134227000,134228000,134526000,134527000,2,-1
5475,chr5,134372046,134372396,134525952,134526297,EH38E3661847,EH38E3661970,134372000,134373000,134526000,134527000,3,-1
5476,chr5,134427738,134428061,134525952,134526297,EH38E2410044,EH38E3661970,134427000,134428000,134526000,134527000,4,-1
5477,chr5,134465616,134465872,134525952,134526297,EH38E3661913,EH38E3661970,134465000,134466000,134526000,134527000,13,-1
5478,chr5,134465900,134466201,134525952,134526297,EH38E2410090,EH38E3661970,134465000,134466000,134526000,134527000,13,-1
5479,chr5,134466222,134466383,134525952,134526297,EH38E3661914,EH38E3661970,134466000,134467000,134526000,134527000,26,-1
5480,chr5,134466402,134466698,134525952,134526297,EH38E3661915,EH38E3661970,134466000,134467000,134526000,134527000,26,-1
5481,chr5,134466765,134466968,134525952,134526297,EH38E3661916,EH38E3661970,134466000,134467000,134526000,134527000,26,-1
5482,chr5,134467018,134467231,134525952,134526297,EH38E3661917,EH38E3661970,134467000,134468000,134526000,134527000,14,-1
5483,chr5,134503369,134503718,134525952,134526297,EH38E3661940,EH38E3661970,134503000,134504000,134526000,134527000,11,-1
5484,chr5,134512271,134512432,134525952,134526297,EH38E3661958,EH38E3661970,134512000,134513000,134526000,134527000,30,-1
5485,chr5,134512598,134512914,134525952,134526297,EH38E3661959,EH38E3661970,134512000,134513000,134526000,134527000,30,-1
5486,chr5,134526863,134527095,134525952,134526297,EH38E3661972,EH38E3661970,134526000,134527000,134526000,134527000,607,-1
5487,chr5,134527124,134527470,134525952,134526297,EH38E3661973,EH38E3661970,134527000,134528000,134526000,134527000,330,-1
5488,chr5,134527481,134527831,134525952,134526297,EH38E3661974,EH38E3661970,134527000,134528000,134526000,134527000,330,-1
5489,chr5,134556003,134556351,134525952,134526297,EH38E3662008,EH38E3661970,134556000,134557000,134526000,134527000,7,-1
5490,chr5,134592082,134592345,134525952,134526297,EH38E3662049,EH38E3661970,134592000,134593000,134526000,134527000,3,-1
5491,chr5,134592365,134592714,134525952,134526297,EH38E2410216,EH38E3661970,134592000,134593000,134526000,134527000,3,-1
5492,chr5,134904576,134904922,134525952,134526297,EH38E3662177,EH38E3661970,134904000,134905000,134526000,134527000,2,-1
5493,chr5,132963990,132964173,134632511,134632665,EH38E2408975,EH38E3662067,132964000,132965000,134632000,134633000,1,-1
5494,chr5,134053760,134054088,134632511,134632665,EH38E3661607,EH38E3662067,134054000,134055000,134632000,134633000,1,-1
5495,chr5,134054175,134054336,134632511,134632665,EH38E2409738,EH38E3662067,134054000,134055000,134632000,134633000,1,-1
5496,chr5,134226498,134226727,134632511,134632665,EH38E3661797,EH38E3662067,134226000,134227000,134632000,134633000,2,-1
5497,chr5,134227237,134227586,134632511,134632665,EH38E3661799,EH38E3662067,134227000,134228000,134632000,134633000,3,-1
5498,chr5,134371880,134372042,134632511,134632665,EH38E3661846,EH38E3662067,134371000,134372000,134632000,134633000,2,-1
5499,chr5,134372046,134372396,134632511,134632665,EH38E3661847,EH38E3662067,134372000,134373000,134632000,134633000,3,-1
5500,chr5,134427738,134428061,134632511,134632665,EH38E2410044,EH38E3662067,134427000,134428000,134632000,134633000,1,-1
5501,chr5,134436747,134437097,134632511,134632665,EH38E3661882,EH38E3662067,134436000,134437000,134632000,134633000,1,-1
5502,chr5,134465616,134465872,134632511,134632665,EH38E3661913,EH38E3662067,134465000,134466000,134632000,134633000,4,-1
5503,chr5,134465900,134466201,134632511,134632665,EH38E2410090,EH38E3662067,134465000,134466000,134632000,134633000,4,-1
5504,chr5,134466222,134466383,134632511,134632665,EH38E3661914,EH38E3662067,134466000,134467000,134632000,134633000,3,-1
5505,chr5,134466402,134466698,134632511,134632665,EH38E3661915,EH38E3662067,134466000,134467000,134632000,134633000,3,-1
5506,chr5,134466765,134466968,134632511,134632665,EH38E3661916,EH38E3662067,134466000,134467000,134632000,134633000,3,-1
5507,chr5,134506220,134506569,134632511,134632665,EH38E3661945,EH38E3662067,134506000,134507000,134632000,134633000,1,-1
5508,chr5,134506645,134506988,134632511,134632665,EH38E2410114,EH38E3662067,134506000,134507000,134632000,134633000,1,-1
5509,chr5,134511910,134512243,134632511,134632665,EH38E3661957,EH38E3662067,134512000,134513000,134632000,134633000,1,-1
5510,chr5,134512271,134512432,134632511,134632665,EH38E3661958,EH38E3662067,134512000,134513000,134632000,134633000,1,-1
5511,chr5,134512598,134512914,134632511,134632665,EH38E3661959,EH38E3662067,134512000,134513000,134632000,134633000,1,-1
5512,chr5,134524109,134524446,134632511,134632665,EH38E3661964,EH38E3662067,134524000,134525000,134632000,134633000,3,-1
5513,chr5,134524459,134524796,134632511,134632665,EH38E3661965,EH38E3662067,134524000,134525000,134632000,134633000,3,-1
5514,chr5,134524973,134525128,134632511,134632665,EH38E3661966,EH38E3662067,134524000,134525000,134632000,134633000,3,-1
5515,chr5,134525146,134525352,134632511,134632665,EH38E3661967,EH38E3662067,134525000,134526000,134632000,134633000,5,-1
5516,chr5,134526863,134527095,134632511,134632665,EH38E3661972,EH38E3662067,134526000,134527000,134632000,134633000,1,-1
5517,chr5,134527124,134527470,134632511,134632665,EH38E3661973,EH38E3662067,134527000,134528000,134632000,134633000,4,-1
5518,chr5,134527481,134527831,134632511,134632665,EH38E3661974,EH38E3662067,134527000,134528000,134632000,134633000,4,-1
5519,chr5,134539780,134540116,134632511,134632665,EH38E2410155,EH38E3662067,134539000,134540000,134632000,134633000,3,-1
5520,chr5,134556003,134556351,134632511,134632665,EH38E3662008,EH38E3662067,134556000,134557000,134632000,134633000,1,-1
5521,chr5,134592082,134592345,134632511,134632665,EH38E3662049,EH38E3662067,134592000,134593000,134632000,134633000,10,-1
5522,chr5,134592365,134592714,134632511,134632665,EH38E2410216,EH38E3662067,134592000,134593000,134632000,134633000,10,-1
5523,chr5,134737728,134738078,134632511,134632665,EH38E2410291,EH38E3662067,134737000,134738000,134632000,134633000,3,-1
5524,chr5,134905361,134905542,134632511,134632665,EH38E3662179,EH38E3662067,134905000,134906000,134632000,134633000,2,-1
5525,chr5,132963990,132964173,134632675,134633025,EH38E2408975,EH38E3662068,132964000,132965000,134632000,134633000,1,-1
5526,chr5,134053760,134054088,134632675,134633025,EH38E3661607,EH38E3662068,134054000,134055000,134632000,134633000,1,-1
5527,chr5,134054175,134054336,134632675,134633025,EH38E2409738,EH38E3662068,134054000,134055000,134632000,134633000,1,-1
5528,chr5,134227237,134227586,134632675,134633025,EH38E3661799,EH38E3662068,134227000,134228000,134632000,134633000,3,-1
5529,chr5,134371880,134372042,134632675,134633025,EH38E3661846,EH38E3662068,134371000,134372000,134632000,134633000,2,-1
5530,chr5,134372046,134372396,134632675,134633025,EH38E3661847,EH38E3662068,134372000,134373000,134632000,134633000,3,-1
5531,chr5,134427738,134428061,134632675,134633025,EH38E2410044,EH38E3662068,134427000,134428000,134632000,134633000,1,-1
5532,chr5,134436747,134437097,134632675,134633025,EH38E3661882,EH38E3662068,134436000,134437000,134632000,134633000,1,-1
5533,chr5,134465616,134465872,134632675,134633025,EH38E3661913,EH38E3662068,134465000,134466000,134632000,134633000,4,-1
5534,chr5,134465900,134466201,134632675,134633025,EH38E2410090,EH38E3662068,134465000,134466000,134632000,134633000,4,-1
5535,chr5,134512271,134512432,134632675,134633025,EH38E3661958,EH38E3662068,134512000,134513000,134632000,134633000,1,-1
5536,chr5,134512598,134512914,134632675,134633025,EH38E3661959,EH38E3662068,134512000,134513000,134632000,134633000,1,-1
5537,chr5,134524109,134524446,134632675,134633025,EH38E3661964,EH38E3662068,134524000,134525000,134632000,134633000,3,-1
5538,chr5,134524459,134524796,134632675,134633025,EH38E3661965,EH38E3662068,134524000,134525000,134632000,134633000,3,-1
5539,chr5,134524973,134525128,134632675,134633025,EH38E3661966,EH38E3662068,134524000,134525000,134632000,134633000,3,-1
5540,chr5,134525146,134525352,134632675,134633025,EH38E3661967,EH38E3662068,134525000,134526000,134632000,134633000,5,-1
5541,chr5,134526863,134527095,134632675,134633025,EH38E3661972,EH38E3662068,134526000,134527000,134632000,134633000,1,-1
5542,chr5,134527124,134527470,134632675,134633025,EH38E3661973,EH38E3662068,134527000,134528000,134632000,134633000,4,-1
5543,chr5,134527481,134527831,134632675,134633025,EH38E3661974,EH38E3662068,134527000,134528000,134632000,134633000,4,-1
5544,chr5,134539780,134540116,134632675,134633025,EH38E2410155,EH38E3662068,134539000,134540000,134632000,134633000,3,-1
5545,chr5,134556003,134556351,134632675,134633025,EH38E3662008,EH38E3662068,134556000,134557000,134632000,134633000,1,-1
5546,chr5,134592082,134592345,134632675,134633025,EH38E3662049,EH38E3662068,134592000,134593000,134632000,134633000,10,-1
5547,chr5,134592365,134592714,134632675,134633025,EH38E2410216,EH38E3662068,134592000,134593000,134632000,134633000,10,-1
5548,chr5,134737728,134738078,134632675,134633025,EH38E2410291,EH38E3662068,134737000,134738000,134632000,134633000,3,-1
5549,chr5,134905361,134905542,134632675,134633025,EH38E3662179,EH38E3662068,134905000,134906000,134632000,134633000,2,-1
5550,chr5,134226498,134226727,134632675,134633025,EH38E3661797,EH38E3662068,134226000,134227000,134633000,134634000,3,-1
5551,chr5,134466222,134466383,134632675,134633025,EH38E3661914,EH38E3662068,134466000,134467000,134633000,134634000,4,-1
5552,chr5,134466402,134466698,134632675,134633025,EH38E3661915,EH38E3662068,134466000,134467000,134633000,134634000,4,-1
5553,chr5,134466765,134466968,134632675,134633025,EH38E3661916,EH38E3662068,134466000,134467000,134633000,134634000,4,-1
5554,chr5,134503369,134503718,134632675,134633025,EH38E3661940,EH38E3662068,134503000,134504000,134633000,134634000,2,-1
5555,chr5,134506220,134506569,134632675,134633025,EH38E3661945,EH38E3662068,134506000,134507000,134633000,134634000,2,-1
5556,chr5,134506645,134506988,134632675,134633025,EH38E2410114,EH38E3662068,134506000,134507000,134633000,134634000,2,-1
5557,chr5,134511047,134511394,134632675,134633025,EH38E3661955,EH38E3662068,134511000,134512000,134633000,134634000,4,-1
5558,chr5,134511910,134512243,134632675,134633025,EH38E3661957,EH38E3662068,134511000,134512000,134633000,134634000,4,-1
5559,chr5,134904576,134904922,134632675,134633025,EH38E3662177,EH38E3662068,134904000,134905000,134633000,134634000,1,-1
5560,chr5,134226498,134226727,134648480,134648830,EH38E3661797,EH38E3662081,134226000,134227000,134648000,134649000,1,-1
5561,chr5,134227237,134227586,134648480,134648830,EH38E3661799,EH38E3662081,134227000,134228000,134648000,134649000,1,-1
5562,chr5,134371880,134372042,134648480,134648830,EH38E3661846,EH38E3662081,134371000,134372000,134648000,134649000,3,-1
5563,chr5,134427738,134428061,134648480,134648830,EH38E2410044,EH38E3662081,134428000,134429000,134648000,134649000,2,-1
5564,chr5,134436747,134437097,134648480,134648830,EH38E3661882,EH38E3662081,134436000,134437000,134648000,134649000,1,-1
5565,chr5,134465616,134465872,134648480,134648830,EH38E3661913,EH38E3662081,134465000,134466000,134648000,134649000,1,-1
5566,chr5,134465900,134466201,134648480,134648830,EH38E2410090,EH38E3662081,134465000,134466000,134648000,134649000,1,-1
5567,chr5,134466222,134466383,134648480,134648830,EH38E3661914,EH38E3662081,134466000,134467000,134648000,134649000,3,-1
5568,chr5,134466402,134466698,134648480,134648830,EH38E3661915,EH38E3662081,134466000,134467000,134648000,134649000,3,-1
5569,chr5,134466765,134466968,134648480,134648830,EH38E3661916,EH38E3662081,134466000,134467000,134648000,134649000,3,-1
5570,chr5,134467018,134467231,134648480,134648830,EH38E3661917,EH38E3662081,134467000,134468000,134648000,134649000,2,-1
5571,chr5,134503369,134503718,134648480,134648830,EH38E3661940,EH38E3662081,134503000,134504000,134648000,134649000,2,-1
5572,chr5,134506220,134506569,134648480,134648830,EH38E3661945,EH38E3662081,134506000,134507000,134648000,134649000,2,-1
5573,chr5,134506645,134506988,134648480,134648830,EH38E2410114,EH38E3662081,134506000,134507000,134648000,134649000,2,-1
5574,chr5,134511047,134511394,134648480,134648830,EH38E3661955,EH38E3662081,134511000,134512000,134648000,134649000,2,-1
5575,chr5,134511910,134512243,134648480,134648830,EH38E3661957,EH38E3662081,134511000,134512000,134648000,134649000,2,-1
5576,chr5,134524109,134524446,134648480,134648830,EH38E3661964,EH38E3662081,134524000,134525000,134648000,134649000,2,-1
5577,chr5,134524459,134524796,134648480,134648830,EH38E3661965,EH38E3662081,134524000,134525000,134648000,134649000,2,-1
5578,chr5,134524973,134525128,134648480,134648830,EH38E3661966,EH38E3662081,134524000,134525000,134648000,134649000,2,-1
5579,chr5,134525146,134525352,134648480,134648830,EH38E3661967,EH38E3662081,134525000,134526000,134648000,134649000,1,-1
5580,chr5,134526863,134527095,134648480,134648830,EH38E3661972,EH38E3662081,134526000,134527000,134648000,134649000,1,-1
5581,chr5,134527124,134527470,134648480,134648830,EH38E3661973,EH38E3662081,134527000,134528000,134648000,134649000,4,-1
5582,chr5,134527481,134527831,134648480,134648830,EH38E3661974,EH38E3662081,134527000,134528000,134648000,134649000,4,-1
5583,chr5,134539780,134540116,134648480,134648830,EH38E2410155,EH38E3662081,134539000,134540000,134648000,134649000,2,-1
5584,chr5,134556003,134556351,134648480,134648830,EH38E3662008,EH38E3662081,134556000,134557000,134648000,134649000,1,-1
5585,chr5,134592082,134592345,134648480,134648830,EH38E3662049,EH38E3662081,134592000,134593000,134648000,134649000,6,-1
5586,chr5,134592365,134592714,134648480,134648830,EH38E2410216,EH38E3662081,134592000,134593000,134648000,134649000,6,-1
5587,chr5,134737728,134738078,134648480,134648830,EH38E2410291,EH38E3662081,134737000,134738000,134648000,134649000,4,-1
5588,chr5,134905361,134905542,134648480,134648830,EH38E3662179,EH38E3662081,134905000,134906000,134648000,134649000,1,-1
5589,chr5,134371880,134372042,134738272,134738620,EH38E3661846,EH38E3662111,134371000,134372000,134738000,134739000,3,-1
5590,chr5,134372046,134372396,134738272,134738620,EH38E3661847,EH38E3662111,134372000,134373000,134738000,134739000,2,-1
5591,chr5,134427738,134428061,134738272,134738620,EH38E2410044,EH38E3662111,134428000,134429000,134738000,134739000,2,-1
5592,chr5,134436747,134437097,134738272,134738620,EH38E3661882,EH38E3662111,134437000,134438000,134738000,134739000,1,-1
5593,chr5,134465616,134465872,134738272,134738620,EH38E3661913,EH38E3662111,134465000,134466000,134738000,134739000,4,-1
5594,chr5,134465900,134466201,134738272,134738620,EH38E2410090,EH38E3662111,134465000,134466000,134738000,134739000,4,-1
5595,chr5,134467018,134467231,134738272,134738620,EH38E3661917,EH38E3662111,134467000,134468000,134738000,134739000,1,-1
5596,chr5,134506220,134506569,134738272,134738620,EH38E3661945,EH38E3662111,134506000,134507000,134738000,134739000,1,-1
5597,chr5,134506645,134506988,134738272,134738620,EH38E2410114,EH38E3662111,134506000,134507000,134738000,134739000,1,-1
5598,chr5,134511047,134511394,134738272,134738620,EH38E3661955,EH38E3662111,134511000,134512000,134738000,134739000,1,-1
5599,chr5,134511910,134512243,134738272,134738620,EH38E3661957,EH38E3662111,134511000,134512000,134738000,134739000,1,-1
5600,chr5,134512271,134512432,134738272,134738620,EH38E3661958,EH38E3662111,134512000,134513000,134738000,134739000,3,-1
5601,chr5,134512598,134512914,134738272,134738620,EH38E3661959,EH38E3662111,134512000,134513000,134738000,134739000,3,-1
5602,chr5,134524109,134524446,134738272,134738620,EH38E3661964,EH38E3662111,134524000,134525000,134738000,134739000,1,-1
5603,chr5,134524459,134524796,134738272,134738620,EH38E3661965,EH38E3662111,134524000,134525000,134738000,134739000,1,-1
5604,chr5,134524973,134525128,134738272,134738620,EH38E3661966,EH38E3662111,134524000,134525000,134738000,134739000,1,-1
5605,chr5,134525146,134525352,134738272,134738620,EH38E3661967,EH38E3662111,134525000,134526000,134738000,134739000,1,-1
5606,chr5,134526863,134527095,134738272,134738620,EH38E3661972,EH38E3662111,134526000,134527000,134738000,134739000,1,-1
5607,chr5,134527124,134527470,134738272,134738620,EH38E3661973,EH38E3662111,134527000,134528000,134738000,134739000,1,-1
5608,chr5,134527481,134527831,134738272,134738620,EH38E3661974,EH38E3662111,134527000,134528000,134738000,134739000,1,-1
5609,chr5,134539780,134540116,134738272,134738620,EH38E2410155,EH38E3662111,134539000,134540000,134738000,134739000,1,-1
5610,chr5,134592082,134592345,134738272,134738620,EH38E3662049,EH38E3662111,134592000,134593000,134738000,134739000,4,-1
5611,chr5,134592365,134592714,134738272,134738620,EH38E2410216,EH38E3662111,134592000,134593000,134738000,134739000,4,-1
5612,chr5,134737728,134738078,134738272,134738620,EH38E2410291,EH38E3662111,134737000,134738000,134738000,134739000,151,-1
5613,chr5,134737728,134738078,134738272,134738620,EH38E2410291,EH38E3662111,134738000,134739000,134738000,134739000,536,-1
5614,chr5,134904576,134904922,134738272,134738620,EH38E3662177,EH38E3662111,134904000,134905000,134738000,134739000,7,-1
5615,chr5,134905361,134905542,134738272,134738620,EH38E3662179,EH38E3662111,134905000,134906000,134738000,134739000,7,-1
5616,chr5,132293452,132293784,134758516,134758865,EH38E3660418,EH38E3662114,132293000,132294000,134758000,134759000,1,-1
5617,chr5,132293804,132293984,134758516,134758865,EH38E2408361,EH38E3662114,132293000,132294000,134758000,134759000,1,-1
5618,chr5,132963990,132964173,134758516,134758865,EH38E2408975,EH38E3662114,132963000,132964000,134758000,134759000,1,-1
5619,chr5,134371880,134372042,134758516,134758865,EH38E3661846,EH38E3662114,134371000,134372000,134758000,134759000,4,-1
5620,chr5,134372046,134372396,134758516,134758865,EH38E3661847,EH38E3662114,134372000,134373000,134758000,134759000,1,-1
5621,chr5,134427738,134428061,134758516,134758865,EH38E2410044,EH38E3662114,134428000,134429000,134758000,134759000,1,-1
5622,chr5,134436747,134437097,134758516,134758865,EH38E3661882,EH38E3662114,134437000,134438000,134758000,134759000,1,-1
5623,chr5,134465616,134465872,134758516,134758865,EH38E3661913,EH38E3662114,134465000,134466000,134758000,134759000,1,-1
5624,chr5,134465900,134466201,134758516,134758865,EH38E2410090,EH38E3662114,134465000,134466000,134758000,134759000,1,-1
5625,chr5,134466222,134466383,134758516,134758865,EH38E3661914,EH38E3662114,134466000,134467000,134758000,134759000,2,-1
5626,chr5,134466402,134466698,134758516,134758865,EH38E3661915,EH38E3662114,134466000,134467000,134758000,134759000,2,-1
5627,chr5,134466765,134466968,134758516,134758865,EH38E3661916,EH38E3662114,134466000,134467000,134758000,134759000,2,-1
5628,chr5,134467018,134467231,134758516,134758865,EH38E3661917,EH38E3662114,134467000,134468000,134758000,134759000,1,-1
5629,chr5,134506220,134506569,134758516,134758865,EH38E3661945,EH38E3662114,134506000,134507000,134758000,134759000,2,-1
5630,chr5,134506645,134506988,134758516,134758865,EH38E2410114,EH38E3662114,134506000,134507000,134758000,134759000,2,-1
5631,chr5,134511910,134512243,134758516,134758865,EH38E3661957,EH38E3662114,134512000,134513000,134758000,134759000,2,-1
5632,chr5,134512271,134512432,134758516,134758865,EH38E3661958,EH38E3662114,134512000,134513000,134758000,134759000,2,-1
5633,chr5,134512598,134512914,134758516,134758865,EH38E3661959,EH38E3662114,134512000,134513000,134758000,134759000,2,-1
5634,chr5,134524109,134524446,134758516,134758865,EH38E3661964,EH38E3662114,134524000,134525000,134758000,134759000,1,-1
5635,chr5,134524459,134524796,134758516,134758865,EH38E3661965,EH38E3662114,134524000,134525000,134758000,134759000,1,-1
5636,chr5,134524973,134525128,134758516,134758865,EH38E3661966,EH38E3662114,134524000,134525000,134758000,134759000,1,-1
5637,chr5,134525146,134525352,134758516,134758865,EH38E3661967,EH38E3662114,134525000,134526000,134758000,134759000,1,-1
5638,chr5,134539780,134540116,134758516,134758865,EH38E2410155,EH38E3662114,134539000,134540000,134758000,134759000,1,-1
5639,chr5,134592082,134592345,134758516,134758865,EH38E3662049,EH38E3662114,134592000,134593000,134758000,134759000,4,-1
5640,chr5,134592365,134592714,134758516,134758865,EH38E2410216,EH38E3662114,134592000,134593000,134758000,134759000,4,-1
5641,chr5,134737728,134738078,134758516,134758865,EH38E2410291,EH38E3662114,134737000,134738000,134758000,134759000,5,-1
5642,chr5,134904576,134904922,134758516,134758865,EH38E3662177,EH38E3662114,134904000,134905000,134758000,134759000,1,-1
5643,chr5,134905361,134905542,134758516,134758865,EH38E3662179,EH38E3662114,134905000,134906000,134758000,134759000,5,-1
5644,chr5,135821472,135821820,134758516,134758865,EH38E3662861,EH38E3662114,135821000,135822000,134758000,134759000,1,-1
5645,chr5,132293452,132293784,134758891,134759092,EH38E3660418,EH38E2410302,132293000,132294000,134758000,134759000,1,-1
5646,chr5,132293804,132293984,134758891,134759092,EH38E2408361,EH38E2410302,132293000,132294000,134758000,134759000,1,-1
5647,chr5,132963990,132964173,134758891,134759092,EH38E2408975,EH38E2410302,132963000,132964000,134758000,134759000,1,-1
5648,chr5,134371880,134372042,134758891,134759092,EH38E3661846,EH38E2410302,134371000,134372000,134758000,134759000,4,-1
5649,chr5,134372046,134372396,134758891,134759092,EH38E3661847,EH38E2410302,134372000,134373000,134758000,134759000,1,-1
5650,chr5,134427738,134428061,134758891,134759092,EH38E2410044,EH38E2410302,134428000,134429000,134758000,134759000,1,-1
5651,chr5,134436747,134437097,134758891,134759092,EH38E3661882,EH38E2410302,134437000,134438000,134758000,134759000,1,-1
5652,chr5,134465616,134465872,134758891,134759092,EH38E3661913,EH38E2410302,134465000,134466000,134758000,134759000,1,-1
5653,chr5,134465900,134466201,134758891,134759092,EH38E2410090,EH38E2410302,134465000,134466000,134758000,134759000,1,-1
5654,chr5,134466222,134466383,134758891,134759092,EH38E3661914,EH38E2410302,134466000,134467000,134758000,134759000,2,-1
5655,chr5,134466402,134466698,134758891,134759092,EH38E3661915,EH38E2410302,134466000,134467000,134758000,134759000,2,-1
5656,chr5,134466765,134466968,134758891,134759092,EH38E3661916,EH38E2410302,134466000,134467000,134758000,134759000,2,-1
5657,chr5,134506220,134506569,134758891,134759092,EH38E3661945,EH38E2410302,134506000,134507000,134758000,134759000,2,-1
5658,chr5,134506645,134506988,134758891,134759092,EH38E2410114,EH38E2410302,134506000,134507000,134758000,134759000,2,-1
5659,chr5,134511910,134512243,134758891,134759092,EH38E3661957,EH38E2410302,134512000,134513000,134758000,134759000,2,-1
5660,chr5,134512271,134512432,134758891,134759092,EH38E3661958,EH38E2410302,134512000,134513000,134758000,134759000,2,-1
5661,chr5,134512598,134512914,134758891,134759092,EH38E3661959,EH38E2410302,134512000,134513000,134758000,134759000,2,-1
5662,chr5,134524109,134524446,134758891,134759092,EH38E3661964,EH38E2410302,134524000,134525000,134758000,134759000,1,-1
5663,chr5,134524459,134524796,134758891,134759092,EH38E3661965,EH38E2410302,134524000,134525000,134758000,134759000,1,-1
5664,chr5,134524973,134525128,134758891,134759092,EH38E3661966,EH38E2410302,134524000,134525000,134758000,134759000,1,-1
5665,chr5,134525146,134525352,134758891,134759092,EH38E3661967,EH38E2410302,134525000,134526000,134758000,134759000,1,-1
5666,chr5,134539780,134540116,134758891,134759092,EH38E2410155,EH38E2410302,134539000,134540000,134758000,134759000,1,-1
5667,chr5,134592082,134592345,134758891,134759092,EH38E3662049,EH38E2410302,134592000,134593000,134758000,134759000,4,-1
5668,chr5,134592365,134592714,134758891,134759092,EH38E2410216,EH38E2410302,134592000,134593000,134758000,134759000,4,-1
5669,chr5,134905361,134905542,134758891,134759092,EH38E3662179,EH38E2410302,134905000,134906000,134758000,134759000,5,-1
5670,chr5,135821472,135821820,134758891,134759092,EH38E3662861,EH38E2410302,135821000,135822000,134758000,134759000,1,-1
5671,chr5,134226498,134226727,134758891,134759092,EH38E3661797,EH38E2410302,134226000,134227000,134759000,134760000,1,-1
5672,chr5,134467018,134467231,134758891,134759092,EH38E3661917,EH38E2410302,134467000,134468000,134759000,134760000,2,-1
5673,chr5,134503369,134503718,134758891,134759092,EH38E3661940,EH38E2410302,134503000,134504000,134759000,134760000,3,-1
5674,chr5,134526863,134527095,134758891,134759092,EH38E3661972,EH38E2410302,134526000,134527000,134759000,134760000,1,-1
5675,chr5,134527124,134527470,134758891,134759092,EH38E3661973,EH38E2410302,134527000,134528000,134759000,134760000,2,-1
5676,chr5,134527481,134527831,134758891,134759092,EH38E3661974,EH38E2410302,134527000,134528000,134759000,134760000,2,-1
5677,chr5,134556003,134556351,134758891,134759092,EH38E3662008,EH38E2410302,134556000,134557000,134759000,134760000,2,-1
5678,chr5,134737728,134738078,134758891,134759092,EH38E2410291,EH38E2410302,134737000,134738000,134759000,134760000,6,-1
5679,chr5,134904576,134904922,134758891,134759092,EH38E3662177,EH38E2410302,134904000,134905000,134759000,134760000,3,-1
5680,chr5,132963990,132964173,134845752,134846102,EH38E2408975,EH38E2410348,132963000,132964000,134845000,134846000,1,-1
5681,chr5,134371880,134372042,134845752,134846102,EH38E3661846,EH38E2410348,134371000,134372000,134845000,134846000,2,-1
5682,chr5,134372046,134372396,134845752,134846102,EH38E3661847,EH38E2410348,134372000,134373000,134845000,134846000,1,-1
5683,chr5,134465616,134465872,134845752,134846102,EH38E3661913,EH38E2410348,134465000,134466000,134845000,134846000,1,-1
5684,chr5,134465900,134466201,134845752,134846102,EH38E2410090,EH38E2410348,134465000,134466000,134845000,134846000,1,-1
5685,chr5,134467018,134467231,134845752,134846102,EH38E3661917,EH38E2410348,134467000,134468000,134845000,134846000,1,-1
5686,chr5,134511910,134512243,134845752,134846102,EH38E3661957,EH38E2410348,134512000,134513000,134845000,134846000,1,-1
5687,chr5,134512271,134512432,134845752,134846102,EH38E3661958,EH38E2410348,134512000,134513000,134845000,134846000,1,-1
5688,chr5,134512598,134512914,134845752,134846102,EH38E3661959,EH38E2410348,134512000,134513000,134845000,134846000,1,-1
5689,chr5,134524109,134524446,134845752,134846102,EH38E3661964,EH38E2410348,134524000,134525000,134845000,134846000,1,-1
5690,chr5,134524459,134524796,134845752,134846102,EH38E3661965,EH38E2410348,134524000,134525000,134845000,134846000,1,-1
5691,chr5,134524973,134525128,134845752,134846102,EH38E3661966,EH38E2410348,134524000,134525000,134845000,134846000,1,-1
5692,chr5,134526863,134527095,134845752,134846102,EH38E3661972,EH38E2410348,134526000,134527000,134845000,134846000,1,-1
5693,chr5,134527124,134527470,134845752,134846102,EH38E3661973,EH38E2410348,134527000,134528000,134845000,134846000,1,-1
5694,chr5,134527481,134527831,134845752,134846102,EH38E3661974,EH38E2410348,134527000,134528000,134845000,134846000,1,-1
5695,chr5,134592082,134592345,134845752,134846102,EH38E3662049,EH38E2410348,134592000,134593000,134845000,134846000,2,-1
5696,chr5,134592365,134592714,134845752,134846102,EH38E2410216,EH38E2410348,134592000,134593000,134845000,134846000,2,-1
5697,chr5,134737728,134738078,134845752,134846102,EH38E2410291,EH38E2410348,134737000,134738000,134845000,134846000,5,-1
5698,chr5,134226498,134226727,134845752,134846102,EH38E3661797,EH38E2410348,134226000,134227000,134846000,134847000,1,-1
5699,chr5,134466222,134466383,134845752,134846102,EH38E3661914,EH38E2410348,134466000,134467000,134846000,134847000,3,-1
5700,chr5,134466402,134466698,134845752,134846102,EH38E3661915,EH38E2410348,134466000,134467000,134846000,134847000,3,-1
5701,chr5,134466765,134466968,134845752,134846102,EH38E3661916,EH38E2410348,134466000,134467000,134846000,134847000,3,-1
5702,chr5,134904576,134904922,134845752,134846102,EH38E3662177,EH38E2410348,134904000,134905000,134846000,134847000,9,-1
5703,chr5,134905361,134905542,134845752,134846102,EH38E3662179,EH38E2410348,134905000,134906000,134846000,134847000,13,-1
5704,chr5,137754602,137754952,134845752,134846102,EH38E3663659,EH38E2410348,137754000,137755000,134846000,134847000,1,-1
5705,chr5,134226498,134226727,134846155,134846386,EH38E3661797,EH38E3662148,134226000,134227000,134846000,134847000,1,-1
5706,chr5,134371880,134372042,134846155,134846386,EH38E3661846,EH38E3662148,134371000,134372000,134846000,134847000,1,-1
5707,chr5,134465900,134466201,134846155,134846386,EH38E2410090,EH38E3662148,134466000,134467000,134846000,134847000,3,-1
5708,chr5,134466222,134466383,134846155,134846386,EH38E3661914,EH38E3662148,134466000,134467000,134846000,134847000,3,-1
5709,chr5,134466402,134466698,134846155,134846386,EH38E3661915,EH38E3662148,134466000,134467000,134846000,134847000,3,-1
5710,chr5,134466765,134466968,134846155,134846386,EH38E3661916,EH38E3662148,134466000,134467000,134846000,134847000,3,-1
5711,chr5,134524109,134524446,134846155,134846386,EH38E3661964,EH38E3662148,134524000,134525000,134846000,134847000,1,-1
5712,chr5,134524459,134524796,134846155,134846386,EH38E3661965,EH38E3662148,134524000,134525000,134846000,134847000,1,-1
5713,chr5,134524973,134525128,134846155,134846386,EH38E3661966,EH38E3662148,134524000,134525000,134846000,134847000,1,-1
5714,chr5,134737728,134738078,134846155,134846386,EH38E2410291,EH38E3662148,134737000,134738000,134846000,134847000,1,-1
5715,chr5,134904576,134904922,134846155,134846386,EH38E3662177,EH38E3662148,134904000,134905000,134846000,134847000,9,-1
5716,chr5,134905361,134905542,134846155,134846386,EH38E3662179,EH38E3662148,134905000,134906000,134846000,134847000,13,-1
5717,chr5,137754602,137754952,134846155,134846386,EH38E3663659,EH38E3662148,137754000,137755000,134846000,134847000,1,-1
5718,chr5,133051214,133051525,134874182,134874528,EH38E2409030,EH38E3662164,133051000,133052000,134874000,134875000,1,-1
5719,chr5,134371880,134372042,134874182,134874528,EH38E3661846,EH38E3662164,134372000,134373000,134874000,134875000,2,-1
5720,chr5,134372046,134372396,134874182,134874528,EH38E3661847,EH38E3662164,134372000,134373000,134874000,134875000,2,-1
5721,chr5,134465616,134465872,134874182,134874528,EH38E3661913,EH38E3662164,134465000,134466000,134874000,134875000,1,-1
5722,chr5,134465900,134466201,134874182,134874528,EH38E2410090,EH38E3662164,134465000,134466000,134874000,134875000,1,-1
5723,chr5,134466222,134466383,134874182,134874528,EH38E3661914,EH38E3662164,134466000,134467000,134874000,134875000,1,-1
5724,chr5,134466402,134466698,134874182,134874528,EH38E3661915,EH38E3662164,134466000,134467000,134874000,134875000,1,-1
5725,chr5,134466765,134466968,134874182,134874528,EH38E3661916,EH38E3662164,134466000,134467000,134874000,134875000,1,-1
5726,chr5,134511047,134511394,134874182,134874528,EH38E3661955,EH38E3662164,134511000,134512000,134874000,134875000,1,-1
5727,chr5,134511910,134512243,134874182,134874528,EH38E3661957,EH38E3662164,134511000,134512000,134874000,134875000,1,-1
5728,chr5,134524109,134524446,134874182,134874528,EH38E3661964,EH38E3662164,134524000,134525000,134874000,134875000,1,-1
5729,chr5,134524459,134524796,134874182,134874528,EH38E3661965,EH38E3662164,134524000,134525000,134874000,134875000,1,-1
5730,chr5,134524973,134525128,134874182,134874528,EH38E3661966,EH38E3662164,134524000,134525000,134874000,134875000,1,-1
5731,chr5,134526863,134527095,134874182,134874528,EH38E3661972,EH38E3662164,134526000,134527000,134874000,134875000,1,-1
5732,chr5,134527124,134527470,134874182,134874528,EH38E3661973,EH38E3662164,134527000,134528000,134874000,134875000,2,-1
5733,chr5,134527481,134527831,134874182,134874528,EH38E3661974,EH38E3662164,134527000,134528000,134874000,134875000,2,-1
5734,chr5,134556003,134556351,134874182,134874528,EH38E3662008,EH38E3662164,134556000,134557000,134874000,134875000,2,-1
5735,chr5,134737728,134738078,134874182,134874528,EH38E2410291,EH38E3662164,134737000,134738000,134874000,134875000,1,-1
5736,chr5,134904576,134904922,134874182,134874528,EH38E3662177,EH38E3662164,134904000,134905000,134874000,134875000,26,-1
5737,chr5,134905361,134905542,134874182,134874528,EH38E3662179,EH38E3662164,134905000,134906000,134874000,134875000,17,-1
5738,chr5,132490435,132490587,134904947,134905259,EH38E3660663,EH38E3662178,132490000,132491000,134904000,134905000,1,-1
5739,chr5,132557118,132557285,134904947,134905259,EH38E2408683,EH38E3662178,132557000,132558000,134904000,134905000,1,-1
5740,chr5,132557482,132557827,134904947,134905259,EH38E3660707,EH38E3662178,132557000,132558000,134904000,134905000,1,-1
5741,chr5,134226498,134226727,134904947,134905259,EH38E3661797,EH38E3662178,134226000,134227000,134904000,134905000,1,-1
5742,chr5,134503369,134503718,134904947,134905259,EH38E3661940,EH38E3662178,134503000,134504000,134904000,134905000,1,-1
5743,chr5,134506220,134506569,134904947,134905259,EH38E3661945,EH38E3662178,134506000,134507000,134904000,134905000,1,-1
5744,chr5,134506645,134506988,134904947,134905259,EH38E2410114,EH38E3662178,134506000,134507000,134904000,134905000,1,-1
5745,chr5,134511047,134511394,134904947,134905259,EH38E3661955,EH38E3662178,134511000,134512000,134904000,134905000,1,-1
5746,chr5,134511910,134512243,134904947,134905259,EH38E3661957,EH38E3662178,134511000,134512000,134904000,134905000,1,-1
5747,chr5,134524109,134524446,134904947,134905259,EH38E3661964,EH38E3662178,134524000,134525000,134904000,134905000,2,-1
5748,chr5,134524459,134524796,134904947,134905259,EH38E3661965,EH38E3662178,134524000,134525000,134904000,134905000,2,-1
5749,chr5,134524973,134525128,134904947,134905259,EH38E3661966,EH38E3662178,134524000,134525000,134904000,134905000,2,-1
5750,chr5,134526863,134527095,134904947,134905259,EH38E3661972,EH38E3662178,134526000,134527000,134904000,134905000,2,-1
5751,chr5,134527124,134527470,134904947,134905259,EH38E3661973,EH38E3662178,134527000,134528000,134904000,134905000,2,-1
5752,chr5,134527481,134527831,134904947,134905259,EH38E3661974,EH38E3662178,134527000,134528000,134904000,134905000,2,-1
5753,chr5,134904576,134904922,134904947,134905259,EH38E3662177,EH38E3662178,134904000,134905000,134904000,134905000,153,-1
5754,chr5,134053760,134054088,134904947,134905259,EH38E3661607,EH38E3662178,134053000,134054000,134905000,134906000,1,-1
5755,chr5,134054175,134054336,134904947,134905259,EH38E2409738,EH38E3662178,134054000,134055000,134905000,134906000,1,-1
5756,chr5,134227237,134227586,134904947,134905259,EH38E3661799,EH38E3662178,134227000,134228000,134905000,134906000,1,-1
5757,chr5,134371880,134372042,134904947,134905259,EH38E3661846,EH38E3662178,134371000,134372000,134905000,134906000,3,-1
5758,chr5,134436747,134437097,134904947,134905259,EH38E3661882,EH38E3662178,134437000,134438000,134905000,134906000,1,-1
5759,chr5,134465616,134465872,134904947,134905259,EH38E3661913,EH38E3662178,134465000,134466000,134905000,134906000,1,-1
5760,chr5,134465900,134466201,134904947,134905259,EH38E2410090,EH38E3662178,134465000,134466000,134905000,134906000,1,-1
5761,chr5,134466222,134466383,134904947,134905259,EH38E3661914,EH38E3662178,134466000,134467000,134905000,134906000,2,-1
5762,chr5,134466402,134466698,134904947,134905259,EH38E3661915,EH38E3662178,134466000,134467000,134905000,134906000,2,-1
5763,chr5,134466765,134466968,134904947,134905259,EH38E3661916,EH38E3662178,134466000,134467000,134905000,134906000,2,-1
5764,chr5,134525146,134525352,134904947,134905259,EH38E3661967,EH38E3662178,134525000,134526000,134905000,134906000,1,-1
5765,chr5,134539780,134540116,134904947,134905259,EH38E2410155,EH38E3662178,134539000,134540000,134905000,134906000,1,-1
5766,chr5,134556003,134556351,134904947,134905259,EH38E3662008,EH38E3662178,134556000,134557000,134905000,134906000,1,-1
5767,chr5,134592082,134592345,134904947,134905259,EH38E3662049,EH38E3662178,134592000,134593000,134905000,134906000,2,-1
5768,chr5,134592365,134592714,134904947,134905259,EH38E2410216,EH38E3662178,134592000,134593000,134905000,134906000,2,-1
5769,chr5,134737728,134738078,134904947,134905259,EH38E2410291,EH38E3662178,134737000,134738000,134905000,134906000,4,-1
5770,chr5,134905361,134905542,134904947,134905259,EH38E3662179,EH38E3662178,134905000,134906000,134905000,134906000,347,-1
5771,chr5,137752975,137753180,134904947,134905259,EH38E3663655,EH38E3662178,137753000,137754000,134905000,134906000,1,-1
5772,chr5,132293452,132293784,135033043,135033329,EH38E3660418,EH38E3662264,132293000,132294000,135033000,135034000,1,-1
5773,chr5,132293804,132293984,135033043,135033329,EH38E2408361,EH38E3662264,132293000,132294000,135033000,135034000,1,-1
5774,chr5,133051214,133051525,135033043,135033329,EH38E2409030,EH38E3662264,133051000,133052000,135033000,135034000,1,-1
5775,chr5,134371880,134372042,135033043,135033329,EH38E3661846,EH38E3662264,134371000,134372000,135033000,135034000,1,-1
5776,chr5,134465616,134465872,135033043,135033329,EH38E3661913,EH38E3662264,134465000,134466000,135033000,135034000,1,-1
5777,chr5,134465900,134466201,135033043,135033329,EH38E2410090,EH38E3662264,134465000,134466000,135033000,135034000,1,-1
5778,chr5,134526863,134527095,135033043,135033329,EH38E3661972,EH38E3662264,134526000,134527000,135033000,135034000,1,-1
5779,chr5,134539780,134540116,135033043,135033329,EH38E2410155,EH38E3662264,134539000,134540000,135033000,135034000,1,-1
5780,chr5,134737728,134738078,135033043,135033329,EH38E2410291,EH38E3662264,134738000,134739000,135033000,135034000,3,-1
5781,chr5,134904576,134904922,135033043,135033329,EH38E3662177,EH38E3662264,134904000,134905000,135033000,135034000,4,-1
5782,chr5,134905361,134905542,135033043,135033329,EH38E3662179,EH38E3662264,134905000,134906000,135033000,135034000,5,-1
5783,chr5,132293452,132293784,135033334,135033494,EH38E3660418,EH38E3662265,132293000,132294000,135033000,135034000,1,-1
5784,chr5,132293804,132293984,135033334,135033494,EH38E2408361,EH38E3662265,132293000,132294000,135033000,135034000,1,-1
5785,chr5,133051214,133051525,135033334,135033494,EH38E2409030,EH38E3662265,133051000,133052000,135033000,135034000,1,-1
5786,chr5,134371880,134372042,135033334,135033494,EH38E3661846,EH38E3662265,134371000,134372000,135033000,135034000,1,-1
5787,chr5,134465616,134465872,135033334,135033494,EH38E3661913,EH38E3662265,134465000,134466000,135033000,135034000,1,-1
5788,chr5,134465900,134466201,135033334,135033494,EH38E2410090,EH38E3662265,134465000,134466000,135033000,135034000,1,-1
5789,chr5,134526863,134527095,135033334,135033494,EH38E3661972,EH38E3662265,134526000,134527000,135033000,135034000,1,-1
5790,chr5,134539780,134540116,135033334,135033494,EH38E2410155,EH38E3662265,134539000,134540000,135033000,135034000,1,-1
5791,chr5,134737728,134738078,135033334,135033494,EH38E2410291,EH38E3662265,134738000,134739000,135033000,135034000,3,-1
5792,chr5,134904576,134904922,135033334,135033494,EH38E3662177,EH38E3662265,134904000,134905000,135033000,135034000,4,-1
5793,chr5,134905361,134905542,135033334,135033494,EH38E3662179,EH38E3662265,134905000,134906000,135033000,135034000,5,-1
5794,chr5,132490435,132490587,135034190,135034539,EH38E3660663,EH38E3662268,132490000,132491000,135034000,135035000,1,-1
5795,chr5,133051214,133051525,135034190,135034539,EH38E2409030,EH38E3662268,133051000,133052000,135034000,135035000,1,-1
5796,chr5,134526863,134527095,135034190,135034539,EH38E3661972,EH38E3662268,134527000,134528000,135034000,135035000,1,-1
5797,chr5,134527124,134527470,135034190,135034539,EH38E3661973,EH38E3662268,134527000,134528000,135034000,135035000,1,-1
5798,chr5,134527481,134527831,135034190,135034539,EH38E3661974,EH38E3662268,134527000,134528000,135034000,135035000,1,-1
5799,chr5,134737728,134738078,135034190,135034539,EH38E2410291,EH38E3662268,134737000,134738000,135034000,135035000,1,-1
5800,chr5,134904576,134904922,135034190,135034539,EH38E3662177,EH38E3662268,134904000,134905000,135034000,135035000,2,-1
5801,chr5,134905361,134905542,135034190,135034539,EH38E3662179,EH38E3662268,134905000,134906000,135034000,135035000,3,-1
5802,chr5,137754602,137754952,135034190,135034539,EH38E3663659,EH38E3662268,137754000,137755000,135034000,135035000,1,-1
5803,chr5,132490435,132490587,135034623,135034774,EH38E3660663,EH38E3662269,132490000,132491000,135034000,135035000,1,-1
5804,chr5,133051214,133051525,135034623,135034774,EH38E2409030,EH38E3662269,133051000,133052000,135034000,135035000,1,-1
5805,chr5,134526863,134527095,135034623,135034774,EH38E3661972,EH38E3662269,134527000,134528000,135034000,135035000,1,-1
5806,chr5,134527124,134527470,135034623,135034774,EH38E3661973,EH38E3662269,134527000,134528000,135034000,135035000,1,-1
5807,chr5,134527481,134527831,135034623,135034774,EH38E3661974,EH38E3662269,134527000,134528000,135034000,135035000,1,-1
5808,chr5,134737728,134738078,135034623,135034774,EH38E2410291,EH38E3662269,134737000,134738000,135034000,135035000,1,-1
5809,chr5,134904576,134904922,135034623,135034774,EH38E3662177,EH38E3662269,134904000,134905000,135034000,135035000,2,-1
5810,chr5,134905361,134905542,135034623,135034774,EH38E3662179,EH38E3662269,134905000,134906000,135034000,135035000,3,-1
5811,chr5,137754602,137754952,135034623,135034774,EH38E3663659,EH38E3662269,137754000,137755000,135034000,135035000,1,-1
5812,chr5,134506220,134506569,135039958,135040184,EH38E3661945,EH38E3662283,134506000,134507000,135039000,135040000,1,-1
5813,chr5,134506645,134506988,135039958,135040184,EH38E2410114,EH38E3662283,134506000,134507000,135039000,135040000,1,-1
5814,chr5,134539780,134540116,135039958,135040184,EH38E2410155,EH38E3662283,134540000,134541000,135039000,135040000,1,-1
5815,chr5,134737728,134738078,135039958,135040184,EH38E2410291,EH38E3662283,134737000,134738000,135039000,135040000,1,-1
5816,chr5,134904576,134904922,135039958,135040184,EH38E3662177,EH38E3662283,134904000,134905000,135039000,135040000,3,-1
5817,chr5,134905361,134905542,135039958,135040184,EH38E3662179,EH38E3662283,134905000,134906000,135039000,135040000,3,-1
5818,chr5,138032218,138032562,135039958,135040184,EH38E3663788,EH38E3662283,138032000,138033000,135039000,135040000,1,-1
5819,chr5,134226498,134226727,135039958,135040184,EH38E3661797,EH38E3662283,134226000,134227000,135040000,135041000,1,-1
5820,chr5,134371880,134372042,135039958,135040184,EH38E3661846,EH38E3662283,134372000,134373000,135040000,135041000,1,-1
5821,chr5,134372046,134372396,135039958,135040184,EH38E3661847,EH38E3662283,134372000,134373000,135040000,135041000,1,-1
5822,chr5,134465616,134465872,135039958,135040184,EH38E3661913,EH38E3662283,134465000,134466000,135040000,135041000,1,-1
5823,chr5,134465900,134466201,135039958,135040184,EH38E2410090,EH38E3662283,134465000,134466000,135040000,135041000,1,-1
5824,chr5,134503369,134503718,135039958,135040184,EH38E3661940,EH38E3662283,134503000,134504000,135040000,135041000,1,-1
5825,chr5,134526863,134527095,135039958,135040184,EH38E3661972,EH38E3662283,134527000,134528000,135040000,135041000,2,-1
5826,chr5,134527124,134527470,135039958,135040184,EH38E3661973,EH38E3662283,134527000,134528000,135040000,135041000,2,-1
5827,chr5,134527481,134527831,135039958,135040184,EH38E3661974,EH38E3662283,134527000,134528000,135040000,135041000,2,-1
5828,chr5,134592082,134592345,135039958,135040184,EH38E3662049,EH38E3662283,134592000,134593000,135040000,135041000,1,-1
5829,chr5,134592365,134592714,135039958,135040184,EH38E2410216,EH38E3662283,134592000,134593000,135040000,135041000,1,-1
5830,chr5,137754602,137754952,135039958,135040184,EH38E3663659,EH38E3662283,137754000,137755000,135040000,135041000,1,-1
5831,chr5,137755007,137755195,135039958,135040184,EH38E3663660,EH38E3662283,137755000,137756000,135040000,135041000,1,-1
5832,chr5,134053760,134054088,135399068,135399417,EH38E3661607,EH38E3662625,134053000,134054000,135399000,135400000,1,-1
5833,chr5,134506220,134506569,135399068,135399417,EH38E3661945,EH38E3662625,134506000,134507000,135399000,135400000,1,-1
5834,chr5,134506645,134506988,135399068,135399417,EH38E2410114,EH38E3662625,134506000,134507000,135399000,135400000,1,-1
5835,chr5,134526863,134527095,135399068,135399417,EH38E3661972,EH38E3662625,134526000,134527000,135399000,135400000,1,-1
5836,chr5,134527124,134527470,135399068,135399417,EH38E3661973,EH38E3662625,134527000,134528000,135399000,135400000,1,-1
5837,chr5,134527481,134527831,135399068,135399417,EH38E3661974,EH38E3662625,134527000,134528000,135399000,135400000,1,-1
5838,chr5,134904576,134904922,135399068,135399417,EH38E3662177,EH38E3662625,134904000,134905000,135399000,135400000,1,-1
5839,chr5,135821472,135821820,135399068,135399417,EH38E3662861,EH38E3662625,135821000,135822000,135399000,135400000,2,-1
5840,chr5,134053760,134054088,135399433,135399617,EH38E3661607,EH38E3662626,134053000,134054000,135399000,135400000,1,-1
5841,chr5,134506220,134506569,135399433,135399617,EH38E3661945,EH38E3662626,134506000,134507000,135399000,135400000,1,-1
5842,chr5,134506645,134506988,135399433,135399617,EH38E2410114,EH38E3662626,134506000,134507000,135399000,135400000,1,-1
5843,chr5,134526863,134527095,135399433,135399617,EH38E3661972,EH38E3662626,134526000,134527000,135399000,135400000,1,-1
5844,chr5,134527124,134527470,135399433,135399617,EH38E3661973,EH38E3662626,134527000,134528000,135399000,135400000,1,-1
5845,chr5,134527481,134527831,135399433,135399617,EH38E3661974,EH38E3662626,134527000,134528000,135399000,135400000,1,-1
5846,chr5,134904576,134904922,135399433,135399617,EH38E3662177,EH38E3662626,134904000,134905000,135399000,135400000,1,-1
5847,chr5,135821472,135821820,135399433,135399617,EH38E3662861,EH38E3662626,135821000,135822000,135399000,135400000,2,-1
5848,chr5,134053760,134054088,135399623,135399811,EH38E3661607,EH38E2410872,134053000,134054000,135399000,135400000,1,-1
5849,chr5,134506220,134506569,135399623,135399811,EH38E3661945,EH38E2410872,134506000,134507000,135399000,135400000,1,-1
5850,chr5,134506645,134506988,135399623,135399811,EH38E2410114,EH38E2410872,134506000,134507000,135399000,135400000,1,-1
5851,chr5,134526863,134527095,135399623,135399811,EH38E3661972,EH38E2410872,134526000,134527000,135399000,135400000,1,-1
5852,chr5,134527124,134527470,135399623,135399811,EH38E3661973,EH38E2410872,134527000,134528000,135399000,135400000,1,-1
5853,chr5,134527481,134527831,135399623,135399811,EH38E3661974,EH38E2410872,134527000,134528000,135399000,135400000,1,-1
5854,chr5,134904576,134904922,135399623,135399811,EH38E3662177,EH38E2410872,134904000,134905000,135399000,135400000,1,-1
5855,chr5,135821472,135821820,135399623,135399811,EH38E3662861,EH38E2410872,135821000,135822000,135399000,135400000,2,-1
5856,chr5,134053760,134054088,135399903,135400234,EH38E3661607,EH38E2410873,134053000,134054000,135399000,135400000,1,-1
5857,chr5,134506220,134506569,135399903,135400234,EH38E3661945,EH38E2410873,134506000,134507000,135399000,135400000,1,-1
5858,chr5,134506645,134506988,135399903,135400234,EH38E2410114,EH38E2410873,134506000,134507000,135399000,135400000,1,-1
5859,chr5,134526863,134527095,135399903,135400234,EH38E3661972,EH38E2410873,134526000,134527000,135399000,135400000,1,-1
5860,chr5,134527124,134527470,135399903,135400234,EH38E3661973,EH38E2410873,134527000,134528000,135399000,135400000,1,-1
5861,chr5,134527481,134527831,135399903,135400234,EH38E3661974,EH38E2410873,134527000,134528000,135399000,135400000,1,-1
5862,chr5,134904576,134904922,135399903,135400234,EH38E3662177,EH38E2410873,134904000,134905000,135399000,135400000,1,-1
5863,chr5,135821472,135821820,135399903,135400234,EH38E3662861,EH38E2410873,135821000,135822000,135399000,135400000,2,-1
5864,chr5,134371880,134372042,135399903,135400234,EH38E3661846,EH38E2410873,134371000,134372000,135400000,135401000,1,-1
5865,chr5,134467018,134467231,135399903,135400234,EH38E3661917,EH38E2410873,134467000,134468000,135400000,135401000,2,-1
5866,chr5,134503369,134503718,135399903,135400234,EH38E3661940,EH38E2410873,134503000,134504000,135400000,135401000,1,-1
5867,chr5,133051214,133051525,135535784,135535934,EH38E2409030,EH38E2410986,133051000,133052000,135535000,135536000,2,-1
5868,chr5,134465900,134466201,135535784,135535934,EH38E2410090,EH38E2410986,134466000,134467000,135535000,135536000,1,-1
5869,chr5,134466222,134466383,135535784,135535934,EH38E3661914,EH38E2410986,134466000,134467000,135535000,135536000,1,-1
5870,chr5,134466402,134466698,135535784,135535934,EH38E3661915,EH38E2410986,134466000,134467000,135535000,135536000,1,-1
5871,chr5,134466765,134466968,135535784,135535934,EH38E3661916,EH38E2410986,134466000,134467000,135535000,135536000,1,-1
5872,chr5,134503369,134503718,135535784,135535934,EH38E3661940,EH38E2410986,134503000,134504000,135535000,135536000,1,-1
5873,chr5,134511910,134512243,135535784,135535934,EH38E3661957,EH38E2410986,134512000,134513000,135535000,135536000,2,-1
5874,chr5,134512271,134512432,135535784,135535934,EH38E3661958,EH38E2410986,134512000,134513000,135535000,135536000,2,-1
5875,chr5,134512598,134512914,135535784,135535934,EH38E3661959,EH38E2410986,134512000,134513000,135535000,135536000,2,-1
5876,chr5,134904576,134904922,135535784,135535934,EH38E3662177,EH38E2410986,134904000,134905000,135535000,135536000,2,-1
5877,chr5,137752975,137753180,135535784,135535934,EH38E3663655,EH38E2410986,137753000,137754000,135535000,135536000,1,-1
5878,chr5,137755007,137755195,135535784,135535934,EH38E3663660,EH38E2410986,137755000,137756000,135535000,135536000,1,-1
5879,chr5,133051214,133051525,135535992,135536329,EH38E2409030,EH38E3662722,133051000,133052000,135535000,135536000,2,-1
5880,chr5,134465900,134466201,135535992,135536329,EH38E2410090,EH38E3662722,134466000,134467000,135535000,135536000,1,-1
5881,chr5,134466222,134466383,135535992,135536329,EH38E3661914,EH38E3662722,134466000,134467000,135535000,135536000,1,-1
5882,chr5,134466402,134466698,135535992,135536329,EH38E3661915,EH38E3662722,134466000,134467000,135535000,135536000,1,-1
5883,chr5,134466765,134466968,135535992,135536329,EH38E3661916,EH38E3662722,134466000,134467000,135535000,135536000,1,-1
5884,chr5,134503369,134503718,135535992,135536329,EH38E3661940,EH38E3662722,134503000,134504000,135535000,135536000,1,-1
5885,chr5,134511910,134512243,135535992,135536329,EH38E3661957,EH38E3662722,134512000,134513000,135535000,135536000,2,-1
5886,chr5,134512271,134512432,135535992,135536329,EH38E3661958,EH38E3662722,134512000,134513000,135535000,135536000,2,-1
5887,chr5,134512598,134512914,135535992,135536329,EH38E3661959,EH38E3662722,134512000,134513000,135535000,135536000,2,-1
5888,chr5,134904576,134904922,135535992,135536329,EH38E3662177,EH38E3662722,134904000,134905000,135535000,135536000,2,-1
5889,chr5,137752975,137753180,135535992,135536329,EH38E3663655,EH38E3662722,137753000,137754000,135535000,135536000,1,-1
5890,chr5,137755007,137755195,135535992,135536329,EH38E3663660,EH38E3662722,137755000,137756000,135535000,135536000,1,-1
5891,chr5,134053760,134054088,135535992,135536329,EH38E3661607,EH38E3662722,134054000,134055000,135536000,135537000,1,-1
5892,chr5,134054175,134054336,135535992,135536329,EH38E2409738,EH38E3662722,134054000,134055000,135536000,135537000,1,-1
5893,chr5,134226498,134226727,135535992,135536329,EH38E3661797,EH38E3662722,134226000,134227000,135536000,135537000,1,-1
5894,chr5,134227237,134227586,135535992,135536329,EH38E3661799,EH38E3662722,134227000,134228000,135536000,135537000,1,-1
5895,chr5,135821472,135821820,135535992,135536329,EH38E3662861,EH38E3662722,135821000,135822000,135536000,135537000,1,-1
5896,chr5,134053760,134054088,135578910,135579258,EH38E3661607,EH38E3662769,134053000,134054000,135578000,135579000,1,-1
5897,chr5,134539780,134540116,135578910,135579258,EH38E2410155,EH38E3662769,134540000,134541000,135578000,135579000,1,-1
5898,chr5,134737728,134738078,135578910,135579258,EH38E2410291,EH38E3662769,134737000,134738000,135578000,135579000,1,-1
5899,chr5,134905361,134905542,135578910,135579258,EH38E3662179,EH38E3662769,134905000,134906000,135578000,135579000,1,-1
5900,chr5,135821472,135821820,135578910,135579258,EH38E3662861,EH38E3662769,135821000,135822000,135578000,135579000,5,-1
5901,chr5,138463808,138463965,135578910,135579258,EH38E3663967,EH38E3662769,138463000,138464000,135578000,135579000,1,-1
5902,chr5,138464007,138464356,135578910,135579258,EH38E2412551,EH38E3662769,138464000,138465000,135578000,135579000,1,-1
5903,chr5,138464399,138464600,135578910,135579258,EH38E2412552,EH38E3662769,138464000,138465000,135578000,135579000,1,-1
5904,chr5,138464708,138464867,135578910,135579258,EH38E3663968,EH38E3662769,138464000,138465000,135578000,135579000,1,-1
5905,chr5,138464869,138465218,135578910,135579258,EH38E2412554,EH38E3662769,138464000,138465000,135578000,135579000,1,-1
5906,chr5,132963990,132964173,135578910,135579258,EH38E2408975,EH38E3662769,132963000,132964000,135579000,135580000,1,-1
5907,chr5,134592082,134592345,135578910,135579258,EH38E3662049,EH38E3662769,134592000,134593000,135579000,135580000,1,-1
5908,chr5,134592365,134592714,135578910,135579258,EH38E2410216,EH38E3662769,134592000,134593000,135579000,135580000,1,-1
5909,chr5,134539780,134540116,135834497,135834840,EH38E2410155,EH38E3662870,134540000,134541000,135834000,135835000,1,-1
5910,chr5,134904576,134904922,135834497,135834840,EH38E3662177,EH38E3662870,134904000,134905000,135834000,135835000,1,-1
5911,chr5,135821472,135821820,135834497,135834840,EH38E3662861,EH38E3662870,135821000,135822000,135834000,135835000,23,-1
5912,chr5,137752975,137753180,135834497,135834840,EH38E3663655,EH38E3662870,137753000,137754000,135834000,135835000,1,-1
5913,chr5,138465821,138466052,135834497,135834840,EH38E3663971,EH38E3662870,138466000,138467000,135834000,135835000,1,-1
5914,chr5,138576087,138576388,135834497,135834840,EH38E3664078,EH38E3662870,138576000,138577000,135834000,135835000,1,-1
5915,chr5,134511047,134511394,135930038,135930380,EH38E3661955,EH38E3662912,134511000,134512000,135930000,135931000,1,-1
5916,chr5,134511910,134512243,135930038,135930380,EH38E3661957,EH38E3662912,134511000,134512000,135930000,135931000,1,-1
5917,chr5,135821472,135821820,135930038,135930380,EH38E3662861,EH38E3662912,135821000,135822000,135930000,135931000,1,-1
5918,chr5,137752975,137753180,135930038,135930380,EH38E3663655,EH38E3662912,137752000,137753000,135930000,135931000,1,-1
5919,chr5,138337648,138337826,135930038,135930380,EH38E3663889,EH38E3662912,138337000,138338000,135930000,135931000,1,-1
5920,chr5,138337834,138338076,135930038,135930380,EH38E2412467,EH38E3662912,138337000,138338000,135930000,135931000,1,-1
5921,chr5,134524109,134524446,136028778,136029128,EH38E3661964,EH38E3662986,134524000,134525000,136028000,136029000,1,-1
5922,chr5,134524459,134524796,136028778,136029128,EH38E3661965,EH38E3662986,134524000,134525000,136028000,136029000,1,-1
5923,chr5,134524973,134525128,136028778,136029128,EH38E3661966,EH38E3662986,134524000,134525000,136028000,136029000,1,-1
5924,chr5,134371880,134372042,136028778,136029128,EH38E3661846,EH38E3662986,134371000,134372000,136029000,136030000,1,-1
5925,chr5,135821472,135821820,136028778,136029128,EH38E3662861,EH38E3662986,135821000,135822000,136029000,136030000,2,-1
5926,chr5,138464007,138464356,136028778,136029128,EH38E2412551,EH38E3662986,138464000,138465000,136029000,136030000,1,-1
5927,chr5,138464399,138464600,136028778,136029128,EH38E2412552,EH38E3662986,138464000,138465000,136029000,136030000,1,-1
5928,chr5,138464708,138464867,136028778,136029128,EH38E3663968,EH38E3662986,138464000,138465000,136029000,136030000,1,-1
5929,chr5,138464869,138465218,136028778,136029128,EH38E2412554,EH38E3662986,138464000,138465000,136029000,136030000,1,-1
5930,chr5,138542873,138543066,136028778,136029128,EH38E3664046,EH38E3662986,138543000,138544000,136029000,136030000,1,-1
5931,chr5,138543621,138543799,136028778,136029128,EH38E3664048,EH38E3662986,138543000,138544000,136029000,136030000,1,-1
5932,chr5,134465900,134466201,136080455,136080805,EH38E2410090,EH38E3663051,134466000,134467000,136080000,136081000,1,-1
5933,chr5,134466222,134466383,136080455,136080805,EH38E3661914,EH38E3663051,134466000,134467000,136080000,136081000,1,-1
5934,chr5,134466402,134466698,136080455,136080805,EH38E3661915,EH38E3663051,134466000,134467000,136080000,136081000,1,-1
5935,chr5,134466765,134466968,136080455,136080805,EH38E3661916,EH38E3663051,134466000,134467000,136080000,136081000,1,-1
5936,chr5,135821472,135821820,136080455,136080805,EH38E3662861,EH38E3663051,135821000,135822000,136080000,136081000,1,-1
5937,chr5,138610591,138610872,136080455,136080805,EH38E3664103,EH38E3663051,138610000,138611000,136080000,136081000,1,-1
5938,chr5,138610939,138611134,136080455,136080805,EH38E2412698,EH38E3663051,138610000,138611000,136080000,136081000,1,-1
5939,chr5,138337648,138337826,136132634,136132981,EH38E3663889,EH38E2411408,138337000,138338000,136132000,136133000,1,-1
5940,chr5,138337834,138338076,136132634,136132981,EH38E2412467,EH38E2411408,138337000,138338000,136132000,136133000,1,-1
5941,chr5,138352905,138353252,136132634,136132981,EH38E3663904,EH38E2411408,138353000,138354000,136132000,136133000,1,-1
5942,chr5,138353301,138353650,136132634,136132981,EH38E3663905,EH38E2411408,138353000,138354000,136132000,136133000,1,-1
5943,chr5,138337648,138337826,136132983,136133199,EH38E3663889,EH38E2411409,138337000,138338000,136132000,136133000,1,-1
5944,chr5,138337834,138338076,136132983,136133199,EH38E2412467,EH38E2411409,138337000,138338000,136132000,136133000,1,-1
5945,chr5,138352905,138353252,136132983,136133199,EH38E3663904,EH38E2411409,138353000,138354000,136132000,136133000,1,-1
5946,chr5,138353301,138353650,136132983,136133199,EH38E3663905,EH38E2411409,138353000,138354000,136132000,136133000,1,-1
5947,chr5,134427738,134428061,136132983,136133199,EH38E2410044,EH38E2411409,134428000,134429000,136133000,136134000,1,-1
5948,chr5,134506220,134506569,136132983,136133199,EH38E3661945,EH38E2411409,134506000,134507000,136133000,136134000,1,-1
5949,chr5,134506645,134506988,136132983,136133199,EH38E2410114,EH38E2411409,134506000,134507000,136133000,136134000,1,-1
5950,chr5,134592082,134592345,136132983,136133199,EH38E3662049,EH38E2411409,134592000,134593000,136133000,136134000,1,-1
5951,chr5,134592365,134592714,136132983,136133199,EH38E2410216,EH38E2411409,134592000,134593000,136133000,136134000,1,-1
5952,chr5,137754602,137754952,136132983,136133199,EH38E3663659,EH38E2411409,137754000,137755000,136133000,136134000,2,-1
5953,chr5,138542873,138543066,136132983,136133199,EH38E3664046,EH38E2411409,138542000,138543000,136133000,136134000,1,-1
5954,chr5,134053760,134054088,136193005,136193355,EH38E3661607,EH38E3663119,134053000,134054000,136193000,136194000,1,-1
5955,chr5,134054175,134054336,136193005,136193355,EH38E2409738,EH38E3663119,134054000,134055000,136193000,136194000,1,-1
5956,chr5,135821472,135821820,136193005,136193355,EH38E3662861,EH38E3663119,135821000,135822000,136193000,136194000,1,-1
5957,chr5,137752975,137753180,136193005,136193355,EH38E3663655,EH38E3663119,137753000,137754000,136193000,136194000,1,-1
5958,chr5,137754602,137754952,136193005,136193355,EH38E3663659,EH38E3663119,137754000,137755000,136193000,136194000,1,-1
5959,chr5,134427738,134428061,136365207,136365498,EH38E2410044,EH38E2411503,134427000,134428000,136365000,136366000,1,-1
5960,chr5,134905361,134905542,137499137,137499480,EH38E3662179,EH38E3663545,134905000,134906000,137499000,137500000,1,-1
5961,chr5,137752975,137753180,137499137,137499480,EH38E3663655,EH38E3663545,137753000,137754000,137499000,137500000,1,-1
5962,chr5,137754602,137754952,137499137,137499480,EH38E3663659,EH38E3663545,137754000,137755000,137499000,137500000,1,-1
5963,chr5,137755007,137755195,137499137,137499480,EH38E3663660,EH38E3663545,137755000,137756000,137499000,137500000,1,-1
5964,chr5,138032218,138032562,137499137,137499480,EH38E3663788,EH38E3663545,138032000,138033000,137499000,137500000,1,-1
5965,chr5,140242160,140242435,137499137,137499480,EH38E3665424,EH38E3663545,140242000,140243000,137499000,137500000,1,-1
5966,chr5,137752975,137753180,137735869,137736215,EH38E3663655,EH38E3663640,137752000,137753000,137735000,137736000,9,-1
5967,chr5,137754602,137754952,137735869,137736215,EH38E3663659,EH38E3663640,137754000,137755000,137735000,137736000,14,-1
5968,chr5,137755007,137755195,137735869,137736215,EH38E3663660,EH38E3663640,137755000,137756000,137735000,137736000,7,-1
5969,chr5,138032218,138032562,137735869,137736215,EH38E3663788,EH38E3663640,138032000,138033000,137735000,137736000,1,-1
5970,chr5,138352905,138353252,137735869,137736215,EH38E3663904,EH38E3663640,138353000,138354000,137735000,137736000,1,-1
5971,chr5,138353301,138353650,137735869,137736215,EH38E3663905,EH38E3663640,138353000,138354000,137735000,137736000,1,-1
5972,chr5,138464869,138465218,137735869,137736215,EH38E2412554,EH38E3663640,138465000,138466000,137735000,137736000,1,-1
5973,chr5,138465638,138465793,137735869,137736215,EH38E3663970,EH38E3663640,138465000,138466000,137735000,137736000,1,-1
5974,chr5,138465821,138466052,137735869,137736215,EH38E3663971,EH38E3663640,138465000,138466000,137735000,137736000,1,-1
5975,chr5,140241355,140241702,137735869,137736215,EH38E3665423,EH38E3663640,140241000,140242000,137735000,137736000,1,-1
5976,chr5,138033263,138033446,137735869,137736215,EH38E3663791,EH38E3663640,138033000,138034000,137736000,137737000,2,-1
5977,chr5,138331436,138331613,137735869,137736215,EH38E3663885,EH38E3663640,138331000,138332000,137736000,137737000,1,-1
5978,chr5,138337834,138338076,137735869,137736215,EH38E2412467,EH38E3663640,138338000,138339000,137736000,137737000,1,-1
5979,chr5,139518277,139518522,137735869,137736215,EH38E2413503,EH38E3663640,139518000,139519000,137736000,137737000,1,-1
5980,chr5,137752975,137753180,137754251,137754589,EH38E3663655,EH38E3663658,137752000,137753000,137754000,137755000,84,-1
5981,chr5,137754602,137754952,137754251,137754589,EH38E3663659,EH38E3663658,137754000,137755000,137754000,137755000,444,-1
5982,chr5,137755007,137755195,137754251,137754589,EH38E3663660,EH38E3663658,137755000,137756000,137754000,137755000,283,-1
5983,chr5,138032218,138032562,137754251,137754589,EH38E3663788,EH38E3663658,138032000,138033000,137754000,137755000,5,-1
5984,chr5,138033263,138033446,137754251,137754589,EH38E3663791,EH38E3663658,138033000,138034000,137754000,137755000,5,-1
5985,chr5,138352905,138353252,137754251,137754589,EH38E3663904,EH38E3663658,138353000,138354000,137754000,137755000,3,-1
5986,chr5,138353301,138353650,137754251,137754589,EH38E3663905,EH38E3663658,138353000,138354000,137754000,137755000,3,-1
5987,chr5,138463808,138463965,137754251,137754589,EH38E3663967,EH38E3663658,138463000,138464000,137754000,137755000,2,-1
5988,chr5,138464869,138465218,137754251,137754589,EH38E2412554,EH38E3663658,138465000,138466000,137754000,137755000,1,-1
5989,chr5,138465638,138465793,137754251,137754589,EH38E3663970,EH38E3663658,138465000,138466000,137754000,137755000,1,-1
5990,chr5,138465821,138466052,137754251,137754589,EH38E3663971,EH38E3663658,138465000,138466000,137754000,137755000,1,-1
5991,chr5,138576087,138576388,137754251,137754589,EH38E3664078,EH38E3663658,138576000,138577000,137754000,137755000,1,-1
5992,chr5,138610939,138611134,137754251,137754589,EH38E2412698,EH38E3663658,138611000,138612000,137754000,137755000,1,-1
5993,chr5,138611293,138611640,137754251,137754589,EH38E2412699,EH38E3663658,138611000,138612000,137754000,137755000,1,-1
5994,chr5,138754172,138754518,137754251,137754589,EH38E2412816,EH38E3663658,138754000,138755000,137754000,137755000,1,-1
5995,chr5,139404293,139404482,137754251,137754589,EH38E3664654,EH38E3663658,139404000,139405000,137754000,137755000,1,-1
5996,chr5,139543783,139544119,137754251,137754589,EH38E3664772,EH38E3663658,139543000,139544000,137754000,137755000,1,-1
5997,chr5,137752975,137753180,138032581,138032902,EH38E3663655,EH38E3663789,137752000,137753000,138032000,138033000,1,-1
5998,chr5,137754602,137754952,138032581,138032902,EH38E3663659,EH38E3663789,137754000,137755000,138032000,138033000,5,-1
5999,chr5,137755007,137755195,138032581,138032902,EH38E3663660,EH38E3663789,137755000,137756000,138032000,138033000,2,-1
6000,chr5,138032218,138032562,138032581,138032902,EH38E3663788,EH38E3663789,138032000,138033000,138032000,138033000,480,-1
6001,chr5,138033263,138033446,138032581,138032902,EH38E3663791,EH38E3663789,138033000,138034000,138032000,138033000,293,-1
6002,chr5,138337648,138337826,138032581,138032902,EH38E3663889,EH38E3663789,138337000,138338000,138032000,138033000,1,-1
6003,chr5,138337834,138338076,138032581,138032902,EH38E2412467,EH38E3663789,138337000,138338000,138032000,138033000,1,-1
6004,chr5,138352905,138353252,138032581,138032902,EH38E3663904,EH38E3663789,138353000,138354000,138032000,138033000,2,-1
6005,chr5,138353301,138353650,138032581,138032902,EH38E3663905,EH38E3663789,138353000,138354000,138032000,138033000,2,-1
6006,chr5,138463808,138463965,138032581,138032902,EH38E3663967,EH38E3663789,138463000,138464000,138032000,138033000,2,-1
6007,chr5,138464007,138464356,138032581,138032902,EH38E2412551,EH38E3663789,138464000,138465000,138032000,138033000,1,-1
6008,chr5,138464399,138464600,138032581,138032902,EH38E2412552,EH38E3663789,138464000,138465000,138032000,138033000,1,-1
6009,chr5,138464708,138464867,138032581,138032902,EH38E3663968,EH38E3663789,138464000,138465000,138032000,138033000,1,-1
6010,chr5,138464869,138465218,138032581,138032902,EH38E2412554,EH38E3663789,138464000,138465000,138032000,138033000,1,-1
6011,chr5,138465638,138465793,138032581,138032902,EH38E3663970,EH38E3663789,138465000,138466000,138032000,138033000,1,-1
6012,chr5,138465821,138466052,138032581,138032902,EH38E3663971,EH38E3663789,138465000,138466000,138032000,138033000,1,-1
6013,chr5,138542873,138543066,138032581,138032902,EH38E3664046,EH38E3663789,138542000,138543000,138032000,138033000,1,-1
6014,chr5,138543621,138543799,138032581,138032902,EH38E3664048,EH38E3663789,138543000,138544000,138032000,138033000,1,-1
6015,chr5,138575610,138575960,138032581,138032902,EH38E3664077,EH38E3663789,138575000,138576000,138032000,138033000,2,-1
6016,chr5,138610591,138610872,138032581,138032902,EH38E3664103,EH38E3663789,138610000,138611000,138032000,138033000,1,-1
6017,chr5,138610939,138611134,138032581,138032902,EH38E2412698,EH38E3663789,138610000,138611000,138032000,138033000,1,-1
6018,chr5,138724986,138725143,138032581,138032902,EH38E3664182,EH38E3663789,138725000,138726000,138032000,138033000,1,-1
6019,chr5,138725231,138725581,138032581,138032902,EH38E2412792,EH38E3663789,138725000,138726000,138032000,138033000,1,-1
6020,chr5,140400741,140400995,138032581,138032902,EH38E3665546,EH38E3663789,140400000,140401000,138032000,138033000,1,-1
6021,chr5,137752975,137753180,138032905,138033233,EH38E3663655,EH38E3663790,137752000,137753000,138032000,138033000,1,-1
6022,chr5,137754602,137754952,138032905,138033233,EH38E3663659,EH38E3663790,137754000,137755000,138032000,138033000,5,-1
6023,chr5,138032218,138032562,138032905,138033233,EH38E3663788,EH38E3663790,138032000,138033000,138032000,138033000,480,-1
6024,chr5,138337648,138337826,138032905,138033233,EH38E3663889,EH38E3663790,138337000,138338000,138032000,138033000,1,-1
6025,chr5,138337834,138338076,138032905,138033233,EH38E2412467,EH38E3663790,138337000,138338000,138032000,138033000,1,-1
6026,chr5,138352905,138353252,138032905,138033233,EH38E3663904,EH38E3663790,138353000,138354000,138032000,138033000,2,-1
6027,chr5,138353301,138353650,138032905,138033233,EH38E3663905,EH38E3663790,138353000,138354000,138032000,138033000,2,-1
6028,chr5,138463808,138463965,138032905,138033233,EH38E3663967,EH38E3663790,138463000,138464000,138032000,138033000,2,-1
6029,chr5,138542873,138543066,138032905,138033233,EH38E3664046,EH38E3663790,138542000,138543000,138032000,138033000,1,-1
6030,chr5,138543621,138543799,138032905,138033233,EH38E3664048,EH38E3663790,138543000,138544000,138032000,138033000,1,-1
6031,chr5,138575610,138575960,138032905,138033233,EH38E3664077,EH38E3663790,138575000,138576000,138032000,138033000,2,-1
6032,chr5,138610591,138610872,138032905,138033233,EH38E3664103,EH38E3663790,138610000,138611000,138032000,138033000,1,-1
6033,chr5,138610939,138611134,138032905,138033233,EH38E2412698,EH38E3663790,138610000,138611000,138032000,138033000,1,-1
6034,chr5,138724986,138725143,138032905,138033233,EH38E3664182,EH38E3663790,138725000,138726000,138032000,138033000,1,-1
6035,chr5,138725231,138725581,138032905,138033233,EH38E2412792,EH38E3663790,138725000,138726000,138032000,138033000,1,-1
6036,chr5,140400741,140400995,138032905,138033233,EH38E3665546,EH38E3663790,140400000,140401000,138032000,138033000,1,-1
6037,chr5,137755007,137755195,138032905,138033233,EH38E3663660,EH38E3663790,137755000,137756000,138033000,138034000,3,-1
6038,chr5,138033263,138033446,138032905,138033233,EH38E3663791,EH38E3663790,138033000,138034000,138033000,138034000,421,-1
6039,chr5,138331436,138331613,138032905,138033233,EH38E3663885,EH38E3663790,138331000,138332000,138033000,138034000,1,-1
6040,chr5,138464007,138464356,138032905,138033233,EH38E2412551,EH38E3663790,138464000,138465000,138033000,138034000,2,-1
6041,chr5,138464399,138464600,138032905,138033233,EH38E2412552,EH38E3663790,138464000,138465000,138033000,138034000,2,-1
6042,chr5,138464708,138464867,138032905,138033233,EH38E3663968,EH38E3663790,138464000,138465000,138033000,138034000,2,-1
6043,chr5,138464869,138465218,138032905,138033233,EH38E2412554,EH38E3663790,138464000,138465000,138033000,138034000,2,-1
6044,chr5,138465638,138465793,138032905,138033233,EH38E3663970,EH38E3663790,138465000,138466000,138033000,138034000,2,-1
6045,chr5,138465821,138466052,138032905,138033233,EH38E3663971,EH38E3663790,138465000,138466000,138033000,138034000,2,-1
6046,chr5,139404293,139404482,138032905,138033233,EH38E3664654,EH38E3663790,139404000,139405000,138033000,138034000,1,-1
6047,chr5,139560771,139560979,138032905,138033233,EH38E3664785,EH38E3663790,139560000,139561000,138033000,138034000,1,-1
6048,chr5,140242160,140242435,138032905,138033233,EH38E3665424,EH38E3663790,140242000,140243000,138033000,138034000,1,-1
6049,chr5,137752975,137753180,138139267,138139612,EH38E3663655,EH38E2412388,137752000,137753000,138139000,138140000,1,-1
6050,chr5,137754602,137754952,138139267,138139612,EH38E3663659,EH38E2412388,137754000,137755000,138139000,138140000,1,-1
6051,chr5,138032218,138032562,138139267,138139612,EH38E3663788,EH38E2412388,138032000,138033000,138139000,138140000,5,-1
6052,chr5,138033263,138033446,138139267,138139612,EH38E3663791,EH38E2412388,138033000,138034000,138139000,138140000,12,-1
6053,chr5,138331436,138331613,138139267,138139612,EH38E3663885,EH38E2412388,138331000,138332000,138139000,138140000,3,-1
6054,chr5,138337648,138337826,138139267,138139612,EH38E3663889,EH38E2412388,138337000,138338000,138139000,138140000,1,-1
6055,chr5,138337834,138338076,138139267,138139612,EH38E2412467,EH38E2412388,138337000,138338000,138139000,138140000,1,-1
6056,chr5,138352905,138353252,138139267,138139612,EH38E3663904,EH38E2412388,138352000,138353000,138139000,138140000,3,-1
6057,chr5,138353301,138353650,138139267,138139612,EH38E3663905,EH38E2412388,138353000,138354000,138139000,138140000,4,-1
6058,chr5,138465821,138466052,138139267,138139612,EH38E3663971,EH38E2412388,138466000,138467000,138139000,138140000,1,-1
6059,chr5,138945843,138946013,138139267,138139612,EH38E3664319,EH38E2412388,138946000,138947000,138139000,138140000,1,-1
6060,chr5,139294318,139294613,138139267,138139612,EH38E3664547,EH38E2412388,139294000,139295000,138139000,138140000,1,-1
6061,chr5,138032218,138032562,138178593,138178850,EH38E3663788,EH38E2412403,138032000,138033000,138178000,138179000,4,-1
6062,chr5,138033263,138033446,138178593,138178850,EH38E3663791,EH38E2412403,138033000,138034000,138178000,138179000,3,-1
6063,chr5,138331436,138331613,138178593,138178850,EH38E3663885,EH38E2412403,138331000,138332000,138178000,138179000,2,-1
6064,chr5,138337648,138337826,138178593,138178850,EH38E3663889,EH38E2412403,138337000,138338000,138178000,138179000,6,-1
6065,chr5,138337834,138338076,138178593,138178850,EH38E2412467,EH38E2412403,138337000,138338000,138178000,138179000,6,-1
6066,chr5,138352905,138353252,138178593,138178850,EH38E3663904,EH38E2412403,138352000,138353000,138178000,138179000,1,-1
6067,chr5,138353301,138353650,138178593,138178850,EH38E3663905,EH38E2412403,138353000,138354000,138178000,138179000,7,-1
6068,chr5,138463808,138463965,138178593,138178850,EH38E3663967,EH38E2412403,138463000,138464000,138178000,138179000,2,-1
6069,chr5,138464007,138464356,138178593,138178850,EH38E2412551,EH38E2412403,138464000,138465000,138178000,138179000,1,-1
6070,chr5,138464399,138464600,138178593,138178850,EH38E2412552,EH38E2412403,138464000,138465000,138178000,138179000,1,-1
6071,chr5,138464708,138464867,138178593,138178850,EH38E3663968,EH38E2412403,138464000,138465000,138178000,138179000,1,-1
6072,chr5,138464869,138465218,138178593,138178850,EH38E2412554,EH38E2412403,138464000,138465000,138178000,138179000,1,-1
6073,chr5,138465638,138465793,138178593,138178850,EH38E3663970,EH38E2412403,138465000,138466000,138178000,138179000,3,-1
6074,chr5,138465821,138466052,138178593,138178850,EH38E3663971,EH38E2412403,138465000,138466000,138178000,138179000,3,-1
6075,chr5,138542873,138543066,138178593,138178850,EH38E3664046,EH38E2412403,138543000,138544000,138178000,138179000,3,-1
6076,chr5,138543621,138543799,138178593,138178850,EH38E3664048,EH38E2412403,138543000,138544000,138178000,138179000,3,-1
6077,chr5,138575610,138575960,138178593,138178850,EH38E3664077,EH38E2412403,138575000,138576000,138178000,138179000,3,-1
6078,chr5,138754172,138754518,138178593,138178850,EH38E2412816,EH38E2412403,138754000,138755000,138178000,138179000,1,-1
6079,chr5,138032218,138032562,138178880,138179230,EH38E3663788,EH38E3663840,138032000,138033000,138178000,138179000,4,-1
6080,chr5,138337648,138337826,138178880,138179230,EH38E3663889,EH38E3663840,138337000,138338000,138178000,138179000,6,-1
6081,chr5,138337834,138338076,138178880,138179230,EH38E2412467,EH38E3663840,138337000,138338000,138178000,138179000,6,-1
6082,chr5,138353301,138353650,138178880,138179230,EH38E3663905,EH38E3663840,138353000,138354000,138178000,138179000,7,-1
6083,chr5,138463808,138463965,138178880,138179230,EH38E3663967,EH38E3663840,138463000,138464000,138178000,138179000,2,-1
6084,chr5,138464007,138464356,138178880,138179230,EH38E2412551,EH38E3663840,138464000,138465000,138178000,138179000,1,-1
6085,chr5,138464399,138464600,138178880,138179230,EH38E2412552,EH38E3663840,138464000,138465000,138178000,138179000,1,-1
6086,chr5,138464708,138464867,138178880,138179230,EH38E3663968,EH38E3663840,138464000,138465000,138178000,138179000,1,-1
6087,chr5,138464869,138465218,138178880,138179230,EH38E2412554,EH38E3663840,138464000,138465000,138178000,138179000,1,-1
6088,chr5,138575610,138575960,138178880,138179230,EH38E3664077,EH38E3663840,138575000,138576000,138178000,138179000,3,-1
6089,chr5,138754172,138754518,138178880,138179230,EH38E2412816,EH38E3663840,138754000,138755000,138178000,138179000,1,-1
6090,chr5,137752975,137753180,138178880,138179230,EH38E3663655,EH38E3663840,137753000,137754000,138179000,138180000,1,-1
6091,chr5,138033263,138033446,138178880,138179230,EH38E3663791,EH38E3663840,138033000,138034000,138179000,138180000,4,-1
6092,chr5,138331436,138331613,138178880,138179230,EH38E3663885,EH38E3663840,138331000,138332000,138179000,138180000,6,-1
6093,chr5,138352905,138353252,138178880,138179230,EH38E3663904,EH38E3663840,138352000,138353000,138179000,138180000,5,-1
6094,chr5,138465638,138465793,138178880,138179230,EH38E3663970,EH38E3663840,138465000,138466000,138179000,138180000,4,-1
6095,chr5,138465821,138466052,138178880,138179230,EH38E3663971,EH38E3663840,138465000,138466000,138179000,138180000,4,-1
6096,chr5,138542873,138543066,138178880,138179230,EH38E3664046,EH38E3663840,138543000,138544000,138179000,138180000,5,-1
6097,chr5,138543621,138543799,138178880,138179230,EH38E3664048,EH38E3663840,138543000,138544000,138179000,138180000,5,-1
6098,chr5,138752362,138752541,138178880,138179230,EH38E3664198,EH38E3663840,138752000,138753000,138179000,138180000,1,-1
6099,chr5,138752994,138753174,138178880,138179230,EH38E3664200,EH38E3663840,138752000,138753000,138179000,138180000,1,-1
6100,chr5,139696927,139697274,138178880,138179230,EH38E3664981,EH38E3663840,139697000,139698000,138179000,138180000,1,-1
6101,chr5,139697299,139697552,138178880,138179230,EH38E3664982,EH38E3663840,139697000,139698000,138179000,138180000,1,-1
6102,chr5,139697586,139697793,138178880,138179230,EH38E3664983,EH38E3663840,139697000,139698000,138179000,138180000,1,-1
6103,chr5,138033263,138033446,138213224,138213574,EH38E3663791,EH38E3663849,138033000,138034000,138213000,138214000,1,-1
6104,chr5,138331436,138331613,138213224,138213574,EH38E3663885,EH38E3663849,138331000,138332000,138213000,138214000,2,-1
6105,chr5,138337648,138337826,138213224,138213574,EH38E3663889,EH38E3663849,138337000,138338000,138213000,138214000,1,-1
6106,chr5,138337834,138338076,138213224,138213574,EH38E2412467,EH38E3663849,138337000,138338000,138213000,138214000,1,-1
6107,chr5,138352905,138353252,138213224,138213574,EH38E3663904,EH38E3663849,138352000,138353000,138213000,138214000,3,-1
6108,chr5,138353301,138353650,138213224,138213574,EH38E3663905,EH38E3663849,138353000,138354000,138213000,138214000,3,-1
6109,chr5,138463808,138463965,138213224,138213574,EH38E3663967,EH38E3663849,138463000,138464000,138213000,138214000,1,-1
6110,chr5,138464007,138464356,138213224,138213574,EH38E2412551,EH38E3663849,138464000,138465000,138213000,138214000,3,-1
6111,chr5,138464399,138464600,138213224,138213574,EH38E2412552,EH38E3663849,138464000,138465000,138213000,138214000,3,-1
6112,chr5,138464708,138464867,138213224,138213574,EH38E3663968,EH38E3663849,138464000,138465000,138213000,138214000,3,-1
6113,chr5,138464869,138465218,138213224,138213574,EH38E2412554,EH38E3663849,138464000,138465000,138213000,138214000,3,-1
6114,chr5,138465638,138465793,138213224,138213574,EH38E3663970,EH38E3663849,138465000,138466000,138213000,138214000,1,-1
6115,chr5,138465821,138466052,138213224,138213574,EH38E3663971,EH38E3663849,138465000,138466000,138213000,138214000,1,-1
6116,chr5,138542873,138543066,138213224,138213574,EH38E3664046,EH38E3663849,138542000,138543000,138213000,138214000,1,-1
6117,chr5,138543621,138543799,138213224,138213574,EH38E3664048,EH38E3663849,138543000,138544000,138213000,138214000,1,-1
6118,chr5,138610591,138610872,138213224,138213574,EH38E3664103,EH38E3663849,138610000,138611000,138213000,138214000,1,-1
6119,chr5,138610939,138611134,138213224,138213574,EH38E2412698,EH38E3663849,138610000,138611000,138213000,138214000,1,-1
6120,chr5,138611293,138611640,138213224,138213574,EH38E2412699,EH38E3663849,138611000,138612000,138213000,138214000,1,-1
6121,chr5,135821472,135821820,138331812,138332161,EH38E3662861,EH38E3663886,135821000,135822000,138331000,138332000,1,-1
6122,chr5,138033263,138033446,138331812,138332161,EH38E3663791,EH38E3663886,138033000,138034000,138331000,138332000,1,-1
6123,chr5,138331436,138331613,138331812,138332161,EH38E3663885,EH38E3663886,138331000,138332000,138331000,138332000,498,-1
6124,chr5,138352905,138353252,138331812,138332161,EH38E3663904,EH38E3663886,138352000,138353000,138331000,138332000,4,-1
6125,chr5,138353301,138353650,138331812,138332161,EH38E3663905,EH38E3663886,138353000,138354000,138331000,138332000,13,-1
6126,chr5,138464869,138465218,138331812,138332161,EH38E2412554,EH38E3663886,138465000,138466000,138331000,138332000,2,-1
6127,chr5,138465638,138465793,138331812,138332161,EH38E3663970,EH38E3663886,138465000,138466000,138331000,138332000,2,-1
6128,chr5,138465821,138466052,138331812,138332161,EH38E3663971,EH38E3663886,138465000,138466000,138331000,138332000,2,-1
6129,chr5,138752362,138752541,138331812,138332161,EH38E3664198,EH38E3663886,138752000,138753000,138331000,138332000,2,-1
6130,chr5,138752994,138753174,138331812,138332161,EH38E3664200,EH38E3663886,138752000,138753000,138331000,138332000,2,-1
6131,chr5,138753550,138753873,138331812,138332161,EH38E3664202,EH38E3663886,138753000,138754000,138331000,138332000,1,-1
6132,chr5,138754172,138754518,138331812,138332161,EH38E2412816,EH38E3663886,138754000,138755000,138331000,138332000,1,-1
6133,chr5,139696764,139696915,138331812,138332161,EH38E3664980,EH38E3663886,139696000,139697000,138331000,138332000,1,-1
6134,chr5,139696927,139697274,138331812,138332161,EH38E3664981,EH38E3663886,139696000,139697000,138331000,138332000,1,-1
6135,chr5,138337648,138337826,138331812,138332161,EH38E3663889,EH38E3663886,138337000,138338000,138332000,138333000,75,-1
6136,chr5,138337834,138338076,138331812,138332161,EH38E2412467,EH38E3663886,138337000,138338000,138332000,138333000,75,-1
6137,chr5,138463808,138463965,138331812,138332161,EH38E3663967,EH38E3663886,138463000,138464000,138332000,138333000,2,-1
6138,chr5,138464007,138464356,138331812,138332161,EH38E2412551,EH38E3663886,138464000,138465000,138332000,138333000,1,-1
6139,chr5,138464399,138464600,138331812,138332161,EH38E2412552,EH38E3663886,138464000,138465000,138332000,138333000,1,-1
6140,chr5,138464708,138464867,138331812,138332161,EH38E3663968,EH38E3663886,138464000,138465000,138332000,138333000,1,-1
6141,chr5,138542873,138543066,138331812,138332161,EH38E3664046,EH38E3663886,138542000,138543000,138332000,138333000,1,-1
6142,chr5,138724986,138725143,138331812,138332161,EH38E3664182,EH38E3663886,138725000,138726000,138332000,138333000,1,-1
6143,chr5,138725231,138725581,138331812,138332161,EH38E2412792,EH38E3663886,138725000,138726000,138332000,138333000,1,-1
6144,chr5,138945843,138946013,138331812,138332161,EH38E3664319,EH38E3663886,138946000,138947000,138332000,138333000,1,-1
6145,chr5,139543783,139544119,138331812,138332161,EH38E3664772,EH38E3663886,139543000,139544000,138332000,138333000,1,-1
6146,chr5,139638264,139638611,138331812,138332161,EH38E3664855,EH38E3663886,139638000,139639000,138332000,138333000,1,-1
6147,chr5,140175576,140175920,138331812,138332161,EH38E3665367,EH38E3663886,140175000,140176000,138332000,138333000,1,-1
6148,chr5,140401001,140401315,138331812,138332161,EH38E3665547,EH38E3663886,140401000,140402000,138332000,138333000,1,-1
6149,chr5,138032218,138032562,138337460,138337619,EH38E3663788,EH38E3663888,138032000,138033000,138337000,138338000,1,-1
6150,chr5,138033263,138033446,138337460,138337619,EH38E3663791,EH38E3663888,138033000,138034000,138337000,138338000,1,-1
6151,chr5,138331436,138331613,138337460,138337619,EH38E3663885,EH38E3663888,138331000,138332000,138337000,138338000,24,-1
6152,chr5,138337648,138337826,138337460,138337619,EH38E3663889,EH38E3663888,138337000,138338000,138337000,138338000,401,-1
6153,chr5,138337834,138338076,138337460,138337619,EH38E2412467,EH38E3663888,138337000,138338000,138337000,138338000,401,-1
6154,chr5,138352905,138353252,138337460,138337619,EH38E3663904,EH38E3663888,138352000,138353000,138337000,138338000,12,-1
6155,chr5,138353301,138353650,138337460,138337619,EH38E3663905,EH38E3663888,138353000,138354000,138337000,138338000,17,-1
6156,chr5,138464007,138464356,138337460,138337619,EH38E2412551,EH38E3663888,138464000,138465000,138337000,138338000,2,-1
6157,chr5,138464399,138464600,138337460,138337619,EH38E2412552,EH38E3663888,138464000,138465000,138337000,138338000,2,-1
6158,chr5,138464708,138464867,138337460,138337619,EH38E3663968,EH38E3663888,138464000,138465000,138337000,138338000,2,-1
6159,chr5,138464869,138465218,138337460,138337619,EH38E2412554,EH38E3663888,138464000,138465000,138337000,138338000,2,-1
6160,chr5,138465638,138465793,138337460,138337619,EH38E3663970,EH38E3663888,138465000,138466000,138337000,138338000,1,-1
6161,chr5,138465821,138466052,138337460,138337619,EH38E3663971,EH38E3663888,138465000,138466000,138337000,138338000,1,-1
6162,chr5,138542873,138543066,138337460,138337619,EH38E3664046,EH38E3663888,138542000,138543000,138337000,138338000,1,-1
6163,chr5,138543621,138543799,138337460,138337619,EH38E3664048,EH38E3663888,138543000,138544000,138337000,138338000,2,-1
6164,chr5,138575610,138575960,138337460,138337619,EH38E3664077,EH38E3663888,138575000,138576000,138337000,138338000,3,-1
6165,chr5,138576087,138576388,138337460,138337619,EH38E3664078,EH38E3663888,138576000,138577000,138337000,138338000,1,-1
6166,chr5,138724986,138725143,138337460,138337619,EH38E3664182,EH38E3663888,138725000,138726000,138337000,138338000,2,-1
6167,chr5,138725231,138725581,138337460,138337619,EH38E2412792,EH38E3663888,138725000,138726000,138337000,138338000,2,-1
6168,chr5,138752994,138753174,138337460,138337619,EH38E3664200,EH38E3663888,138753000,138754000,138337000,138338000,1,-1
6169,chr5,138753550,138753873,138337460,138337619,EH38E3664202,EH38E3663888,138753000,138754000,138337000,138338000,1,-1
6170,chr5,138754172,138754518,138337460,138337619,EH38E2412816,EH38E3663888,138754000,138755000,138337000,138338000,1,-1
6171,chr5,139473193,139473455,138337460,138337619,EH38E2413463,EH38E3663888,139473000,139474000,138337000,138338000,1,-1
6172,chr5,139543783,139544119,138337460,138337619,EH38E3664772,EH38E3663888,139544000,139545000,138337000,138338000,1,-1
6173,chr5,139637492,139637829,138337460,138337619,EH38E2413597,EH38E3663888,139637000,139638000,138337000,138338000,1,-1
6174,chr5,139649054,139649235,138337460,138337619,EH38E3664882,EH38E3663888,139649000,139650000,138337000,138338000,2,-1
6175,chr5,140174554,140174773,138337460,138337619,EH38E2414069,EH38E3663888,140174000,140175000,138337000,138338000,1,-1
6176,chr5,137755007,137755195,138338078,138338414,EH38E3663660,EH38E2412468,137755000,137756000,138338000,138339000,1,-1
6177,chr5,138032218,138032562,138338078,138338414,EH38E3663788,EH38E2412468,138032000,138033000,138338000,138339000,2,-1
6178,chr5,138033263,138033446,138338078,138338414,EH38E3663791,EH38E2412468,138033000,138034000,138338000,138339000,2,-1
6179,chr5,138331436,138331613,138338078,138338414,EH38E3663885,EH38E2412468,138331000,138332000,138338000,138339000,34,-1
6180,chr5,138337648,138337826,138338078,138338414,EH38E3663889,EH38E2412468,138337000,138338000,138338000,138339000,525,-1
6181,chr5,138337834,138338076,138338078,138338414,EH38E2412467,EH38E2412468,138337000,138338000,138338000,138339000,525,-1
6182,chr5,138337834,138338076,138338078,138338414,EH38E2412467,EH38E2412468,138338000,138339000,138338000,138339000,870,-1
6183,chr5,138352905,138353252,138338078,138338414,EH38E3663904,EH38E2412468,138352000,138353000,138338000,138339000,24,-1
6184,chr5,138353301,138353650,138338078,138338414,EH38E3663905,EH38E2412468,138353000,138354000,138338000,138339000,22,-1
6185,chr5,138463808,138463965,138338078,138338414,EH38E3663967,EH38E2412468,138463000,138464000,138338000,138339000,4,-1
6186,chr5,138464007,138464356,138338078,138338414,EH38E2412551,EH38E2412468,138464000,138465000,138338000,138339000,3,-1
6187,chr5,138464399,138464600,138338078,138338414,EH38E2412552,EH38E2412468,138464000,138465000,138338000,138339000,3,-1
6188,chr5,138464708,138464867,138338078,138338414,EH38E3663968,EH38E2412468,138464000,138465000,138338000,138339000,3,-1
6189,chr5,138464869,138465218,138338078,138338414,EH38E2412554,EH38E2412468,138464000,138465000,138338000,138339000,3,-1
6190,chr5,138465638,138465793,138338078,138338414,EH38E3663970,EH38E2412468,138465000,138466000,138338000,138339000,3,-1
6191,chr5,138465821,138466052,138338078,138338414,EH38E3663971,EH38E2412468,138465000,138466000,138338000,138339000,3,-1
6192,chr5,138542873,138543066,138338078,138338414,EH38E3664046,EH38E2412468,138542000,138543000,138338000,138339000,2,-1
6193,chr5,138543621,138543799,138338078,138338414,EH38E3664048,EH38E2412468,138543000,138544000,138338000,138339000,2,-1
6194,chr5,138575610,138575960,138338078,138338414,EH38E3664077,EH38E2412468,138575000,138576000,138338000,138339000,1,-1
6195,chr5,138576087,138576388,138338078,138338414,EH38E3664078,EH38E2412468,138576000,138577000,138338000,138339000,1,-1
6196,chr5,138610591,138610872,138338078,138338414,EH38E3664103,EH38E2412468,138610000,138611000,138338000,138339000,2,-1
6197,chr5,138610939,138611134,138338078,138338414,EH38E2412698,EH38E2412468,138610000,138611000,138338000,138339000,2,-1
6198,chr5,138724986,138725143,138338078,138338414,EH38E3664182,EH38E2412468,138725000,138726000,138338000,138339000,1,-1
6199,chr5,138725231,138725581,138338078,138338414,EH38E2412792,EH38E2412468,138725000,138726000,138338000,138339000,1,-1
6200,chr5,138752362,138752541,138338078,138338414,EH38E3664198,EH38E2412468,138752000,138753000,138338000,138339000,2,-1
6201,chr5,138752994,138753174,138338078,138338414,EH38E3664200,EH38E2412468,138752000,138753000,138338000,138339000,2,-1
6202,chr5,139294318,139294613,138338078,138338414,EH38E3664547,EH38E2412468,139294000,139295000,138338000,138339000,1,-1
6203,chr5,139518277,139518522,138338078,138338414,EH38E2413503,EH38E2412468,139518000,139519000,138338000,138339000,1,-1
6204,chr5,139696764,139696915,138338078,138338414,EH38E3664980,EH38E2412468,139696000,139697000,138338000,138339000,1,-1
6205,chr5,139696927,139697274,138338078,138338414,EH38E3664981,EH38E2412468,139696000,139697000,138338000,138339000,1,-1
6206,chr5,141001505,141001850,138338078,138338414,EH38E3665814,EH38E2412468,141001000,141002000,138338000,138339000,1,-1
6207,chr5,141135498,141135791,138338078,138338414,EH38E3665844,EH38E2412468,141135000,141136000,138338000,138339000,1,-1
6208,chr5,138033263,138033446,138352415,138352762,EH38E3663791,EH38E2412482,138033000,138034000,138352000,138353000,1,-1
6209,chr5,138331436,138331613,138352415,138352762,EH38E3663885,EH38E2412482,138331000,138332000,138352000,138353000,4,-1
6210,chr5,138337648,138337826,138352415,138352762,EH38E3663889,EH38E2412482,138337000,138338000,138352000,138353000,12,-1
6211,chr5,138337834,138338076,138352415,138352762,EH38E2412467,EH38E2412482,138337000,138338000,138352000,138353000,12,-1
6212,chr5,138352905,138353252,138352415,138352762,EH38E3663904,EH38E2412482,138352000,138353000,138352000,138353000,144,-1
6213,chr5,138353301,138353650,138352415,138352762,EH38E3663905,EH38E2412482,138353000,138354000,138352000,138353000,182,-1
6214,chr5,138463808,138463965,138352415,138352762,EH38E3663967,EH38E2412482,138463000,138464000,138352000,138353000,1,-1
6215,chr5,138464007,138464356,138352415,138352762,EH38E2412551,EH38E2412482,138464000,138465000,138352000,138353000,2,-1
6216,chr5,138464399,138464600,138352415,138352762,EH38E2412552,EH38E2412482,138464000,138465000,138352000,138353000,2,-1
6217,chr5,138464708,138464867,138352415,138352762,EH38E3663968,EH38E2412482,138464000,138465000,138352000,138353000,2,-1
6218,chr5,138464869,138465218,138352415,138352762,EH38E2412554,EH38E2412482,138464000,138465000,138352000,138353000,2,-1
6219,chr5,138465638,138465793,138352415,138352762,EH38E3663970,EH38E2412482,138465000,138466000,138352000,138353000,1,-1
6220,chr5,138465821,138466052,138352415,138352762,EH38E3663971,EH38E2412482,138465000,138466000,138352000,138353000,1,-1
6221,chr5,138542873,138543066,138352415,138352762,EH38E3664046,EH38E2412482,138542000,138543000,138352000,138353000,6,-1
6222,chr5,138543621,138543799,138352415,138352762,EH38E3664048,EH38E2412482,138543000,138544000,138352000,138353000,2,-1
6223,chr5,138575610,138575960,138352415,138352762,EH38E3664077,EH38E2412482,138575000,138576000,138352000,138353000,1,-1
6224,chr5,138884157,138884395,138352415,138352762,EH38E2412928,EH38E2412482,138884000,138885000,138352000,138353000,1,-1
6225,chr5,138884639,138884789,138352415,138352762,EH38E2412929,EH38E2412482,138884000,138885000,138352000,138353000,1,-1
6226,chr5,139473193,139473455,138352415,138352762,EH38E2413463,EH38E2412482,139473000,139474000,138352000,138353000,1,-1
6227,chr5,137754602,137754952,138438870,138439217,EH38E3663659,EH38E2412525,137754000,137755000,138438000,138439000,1,-1
6228,chr5,138331436,138331613,138438870,138439217,EH38E3663885,EH38E2412525,138331000,138332000,138438000,138439000,2,-1
6229,chr5,138337648,138337826,138438870,138439217,EH38E3663889,EH38E2412525,138337000,138338000,138438000,138439000,4,-1
6230,chr5,138337834,138338076,138438870,138439217,EH38E2412467,EH38E2412525,138337000,138338000,138438000,138439000,4,-1
6231,chr5,138352905,138353252,138438870,138439217,EH38E3663904,EH38E2412525,138352000,138353000,138438000,138439000,5,-1
6232,chr5,138353301,138353650,138438870,138439217,EH38E3663905,EH38E2412525,138353000,138354000,138438000,138439000,4,-1
6233,chr5,138576087,138576388,138438870,138439217,EH38E3664078,EH38E2412525,138576000,138577000,138438000,138439000,2,-1
6234,chr5,138610939,138611134,138438870,138439217,EH38E2412698,EH38E2412525,138611000,138612000,138438000,138439000,1,-1
6235,chr5,138611293,138611640,138438870,138439217,EH38E2412699,EH38E2412525,138611000,138612000,138438000,138439000,1,-1
6236,chr5,138945843,138946013,138438870,138439217,EH38E3664319,EH38E2412525,138945000,138946000,138438000,138439000,1,-1
6237,chr5,139518277,139518522,138438870,138439217,EH38E2413503,EH38E2412525,139518000,139519000,138438000,138439000,1,-1
6238,chr5,140402383,140402732,138438870,138439217,EH38E3665550,EH38E2412525,140402000,140403000,138438000,138439000,1,-1
6239,chr5,140402779,140402961,138438870,138439217,EH38E2414286,EH38E2412525,140402000,140403000,138438000,138439000,1,-1
6240,chr5,140548006,140548354,138438870,138439217,EH38E3665576,EH38E2412525,140548000,140549000,138438000,138439000,1,-1
6241,chr5,138032218,138032562,138438870,138439217,EH38E3663788,EH38E2412525,138032000,138033000,138439000,138440000,2,-1
6242,chr5,138463808,138463965,138438870,138439217,EH38E3663967,EH38E2412525,138463000,138464000,138439000,138440000,18,-1
6243,chr5,138464007,138464356,138438870,138439217,EH38E2412551,EH38E2412525,138464000,138465000,138439000,138440000,18,-1
6244,chr5,138464399,138464600,138438870,138439217,EH38E2412552,EH38E2412525,138464000,138465000,138439000,138440000,18,-1
6245,chr5,138464708,138464867,138438870,138439217,EH38E3663968,EH38E2412525,138464000,138465000,138439000,138440000,18,-1
6246,chr5,138464869,138465218,138438870,138439217,EH38E2412554,EH38E2412525,138464000,138465000,138439000,138440000,18,-1
6247,chr5,138465638,138465793,138438870,138439217,EH38E3663970,EH38E2412525,138465000,138466000,138439000,138440000,10,-1
6248,chr5,138465821,138466052,138438870,138439217,EH38E3663971,EH38E2412525,138465000,138466000,138439000,138440000,10,-1
6249,chr5,138542873,138543066,138438870,138439217,EH38E3664046,EH38E2412525,138542000,138543000,138439000,138440000,6,-1
6250,chr5,138543621,138543799,138438870,138439217,EH38E3664048,EH38E2412525,138543000,138544000,138439000,138440000,6,-1
6251,chr5,138575610,138575960,138438870,138439217,EH38E3664077,EH38E2412525,138575000,138576000,138439000,138440000,5,-1
6252,chr5,138610591,138610872,138438870,138439217,EH38E3664103,EH38E2412525,138610000,138611000,138439000,138440000,1,-1
6253,chr5,138752362,138752541,138438870,138439217,EH38E3664198,EH38E2412525,138752000,138753000,138439000,138440000,2,-1
6254,chr5,138752994,138753174,138438870,138439217,EH38E3664200,EH38E2412525,138752000,138753000,138439000,138440000,2,-1
6255,chr5,137754602,137754952,138465271,138465587,EH38E3663659,EH38E3663969,137754000,137755000,138465000,138466000,1,-1
6256,chr5,138032218,138032562,138465271,138465587,EH38E3663788,EH38E3663969,138032000,138033000,138465000,138466000,1,-1
6257,chr5,138033263,138033446,138465271,138465587,EH38E3663791,EH38E3663969,138033000,138034000,138465000,138466000,2,-1
6258,chr5,138331436,138331613,138465271,138465587,EH38E3663885,EH38E3663969,138331000,138332000,138465000,138466000,2,-1
6259,chr5,138337648,138337826,138465271,138465587,EH38E3663889,EH38E3663969,138337000,138338000,138465000,138466000,1,-1
6260,chr5,138337834,138338076,138465271,138465587,EH38E2412467,EH38E3663969,138337000,138338000,138465000,138466000,1,-1
6261,chr5,138352905,138353252,138465271,138465587,EH38E3663904,EH38E3663969,138352000,138353000,138465000,138466000,1,-1
6262,chr5,138353301,138353650,138465271,138465587,EH38E3663905,EH38E3663969,138353000,138354000,138465000,138466000,2,-1
6263,chr5,138463808,138463965,138465271,138465587,EH38E3663967,EH38E3663969,138463000,138464000,138465000,138466000,73,-1
6264,chr5,138464007,138464356,138465271,138465587,EH38E2412551,EH38E3663969,138464000,138465000,138465000,138466000,266,-1
6265,chr5,138464399,138464600,138465271,138465587,EH38E2412552,EH38E3663969,138464000,138465000,138465000,138466000,266,-1
6266,chr5,138464708,138464867,138465271,138465587,EH38E3663968,EH38E3663969,138464000,138465000,138465000,138466000,266,-1
6267,chr5,138464869,138465218,138465271,138465587,EH38E2412554,EH38E3663969,138464000,138465000,138465000,138466000,266,-1
6268,chr5,138464869,138465218,138465271,138465587,EH38E2412554,EH38E3663969,138465000,138466000,138465000,138466000,368,-1
6269,chr5,138465638,138465793,138465271,138465587,EH38E3663970,EH38E3663969,138465000,138466000,138465000,138466000,368,-1
6270,chr5,138465821,138466052,138465271,138465587,EH38E3663971,EH38E3663969,138465000,138466000,138465000,138466000,368,-1
6271,chr5,138542873,138543066,138465271,138465587,EH38E3664046,EH38E3663969,138542000,138543000,138465000,138466000,9,-1
6272,chr5,138543621,138543799,138465271,138465587,EH38E3664048,EH38E3663969,138543000,138544000,138465000,138466000,8,-1
6273,chr5,138575610,138575960,138465271,138465587,EH38E3664077,EH38E3663969,138575000,138576000,138465000,138466000,4,-1
6274,chr5,138576087,138576388,138465271,138465587,EH38E3664078,EH38E3663969,138576000,138577000,138465000,138466000,2,-1
6275,chr5,138610591,138610872,138465271,138465587,EH38E3664103,EH38E3663969,138610000,138611000,138465000,138466000,2,-1
6276,chr5,138610939,138611134,138465271,138465587,EH38E2412698,EH38E3663969,138610000,138611000,138465000,138466000,2,-1
6277,chr5,138611293,138611640,138465271,138465587,EH38E2412699,EH38E3663969,138611000,138612000,138465000,138466000,2,-1
6278,chr5,138724986,138725143,138465271,138465587,EH38E3664182,EH38E3663969,138725000,138726000,138465000,138466000,1,-1
6279,chr5,138725231,138725581,138465271,138465587,EH38E2412792,EH38E3663969,138725000,138726000,138465000,138466000,1,-1
6280,chr5,139197576,139197735,138465271,138465587,EH38E2413206,EH38E3663969,139197000,139198000,138465000,138466000,2,-1
6281,chr5,139404293,139404482,138465271,138465587,EH38E3664654,EH38E3663969,139404000,139405000,138465000,138466000,1,-1
6282,chr5,139438833,139439002,138465271,138465587,EH38E3664681,EH38E3663969,139439000,139440000,138465000,138466000,2,-1
6283,chr5,139439004,139439354,138465271,138465587,EH38E3664682,EH38E3663969,139439000,139440000,138465000,138466000,2,-1
6284,chr5,139638264,139638611,138465271,138465587,EH38E3664855,EH38E3663969,139638000,139639000,138465000,138466000,1,-1
6285,chr5,139709009,139709183,138465271,138465587,EH38E3664999,EH38E3663969,139709000,139710000,138465000,138466000,1,-1
6286,chr5,139709183,139709533,138465271,138465587,EH38E2413737,EH38E3663969,139709000,139710000,138465000,138466000,1,-1
6287,chr5,139709641,139709990,138465271,138465587,EH38E3665000,EH38E3663969,139709000,139710000,138465000,138466000,1,-1
6288,chr5,139710049,139710250,138465271,138465587,EH38E3665001,EH38E3663969,139710000,139711000,138465000,138466000,1,-1
6289,chr5,139710275,139710623,138465271,138465587,EH38E2413740,EH38E3663969,139710000,139711000,138465000,138466000,1,-1
6290,chr5,137755007,137755195,138543152,138543502,EH38E3663660,EH38E3664047,137755000,137756000,138543000,138544000,1,-1
6291,chr5,138032218,138032562,138543152,138543502,EH38E3663788,EH38E3664047,138032000,138033000,138543000,138544000,1,-1
6292,chr5,138337648,138337826,138543152,138543502,EH38E3663889,EH38E3664047,138337000,138338000,138543000,138544000,2,-1
6293,chr5,138337834,138338076,138543152,138543502,EH38E2412467,EH38E3664047,138337000,138338000,138543000,138544000,2,-1
6294,chr5,138352905,138353252,138543152,138543502,EH38E3663904,EH38E3664047,138352000,138353000,138543000,138544000,2,-1
6295,chr5,138353301,138353650,138543152,138543502,EH38E3663905,EH38E3664047,138353000,138354000,138543000,138544000,1,-1
6296,chr5,138463808,138463965,138543152,138543502,EH38E3663967,EH38E3664047,138463000,138464000,138543000,138544000,10,-1
6297,chr5,138464007,138464356,138543152,138543502,EH38E2412551,EH38E3664047,138464000,138465000,138543000,138544000,13,-1
6298,chr5,138464399,138464600,138543152,138543502,EH38E2412552,EH38E3664047,138464000,138465000,138543000,138544000,13,-1
6299,chr5,138464708,138464867,138543152,138543502,EH38E3663968,EH38E3664047,138464000,138465000,138543000,138544000,13,-1
6300,chr5,138464869,138465218,138543152,138543502,EH38E2412554,EH38E3664047,138464000,138465000,138543000,138544000,13,-1
6301,chr5,138465638,138465793,138543152,138543502,EH38E3663970,EH38E3664047,138465000,138466000,138543000,138544000,8,-1
6302,chr5,138465821,138466052,138543152,138543502,EH38E3663971,EH38E3664047,138465000,138466000,138543000,138544000,8,-1
6303,chr5,138542873,138543066,138543152,138543502,EH38E3664046,EH38E3664047,138542000,138543000,138543000,138544000,457,-1
6304,chr5,138542873,138543066,138543152,138543502,EH38E3664046,EH38E3664047,138543000,138544000,138543000,138544000,356,-1
6305,chr5,138543621,138543799,138543152,138543502,EH38E3664048,EH38E3664047,138543000,138544000,138543000,138544000,356,-1
6306,chr5,138575610,138575960,138543152,138543502,EH38E3664077,EH38E3664047,138575000,138576000,138543000,138544000,20,-1
6307,chr5,138576087,138576388,138543152,138543502,EH38E3664078,EH38E3664047,138576000,138577000,138543000,138544000,6,-1
6308,chr5,138610591,138610872,138543152,138543502,EH38E3664103,EH38E3664047,138610000,138611000,138543000,138544000,4,-1
6309,chr5,138610939,138611134,138543152,138543502,EH38E2412698,EH38E3664047,138610000,138611000,138543000,138544000,4,-1
6310,chr5,138611293,138611640,138543152,138543502,EH38E2412699,EH38E3664047,138611000,138612000,138543000,138544000,1,-1
6311,chr5,138752994,138753174,138543152,138543502,EH38E3664200,EH38E3664047,138753000,138754000,138543000,138544000,2,-1
6312,chr5,138753550,138753873,138543152,138543502,EH38E3664202,EH38E3664047,138753000,138754000,138543000,138544000,2,-1
6313,chr5,138754172,138754518,138543152,138543502,EH38E2412816,EH38E3664047,138754000,138755000,138543000,138544000,1,-1
6314,chr5,138945843,138946013,138543152,138543502,EH38E3664319,EH38E3664047,138945000,138946000,138543000,138544000,2,-1
6315,chr5,139294318,139294613,138543152,138543502,EH38E3664547,EH38E3664047,139294000,139295000,138543000,138544000,3,-1
6316,chr5,139404293,139404482,138543152,138543502,EH38E3664654,EH38E3664047,139404000,139405000,138543000,138544000,1,-1
6317,chr5,139638264,139638611,138543152,138543502,EH38E3664855,EH38E3664047,139638000,139639000,138543000,138544000,3,-1
6318,chr5,137752975,137753180,138575289,138575567,EH38E3663655,EH38E3664076,137753000,137754000,138575000,138576000,1,-1
6319,chr5,138032218,138032562,138575289,138575567,EH38E3663788,EH38E3664076,138032000,138033000,138575000,138576000,2,-1
6320,chr5,138337648,138337826,138575289,138575567,EH38E3663889,EH38E3664076,138337000,138338000,138575000,138576000,3,-1
6321,chr5,138337834,138338076,138575289,138575567,EH38E2412467,EH38E3664076,138337000,138338000,138575000,138576000,3,-1
6322,chr5,138352905,138353252,138575289,138575567,EH38E3663904,EH38E3664076,138352000,138353000,138575000,138576000,1,-1
6323,chr5,138463808,138463965,138575289,138575567,EH38E3663967,EH38E3664076,138463000,138464000,138575000,138576000,10,-1
6324,chr5,138464007,138464356,138575289,138575567,EH38E2412551,EH38E3664076,138464000,138465000,138575000,138576000,8,-1
6325,chr5,138464399,138464600,138575289,138575567,EH38E2412552,EH38E3664076,138464000,138465000,138575000,138576000,8,-1
6326,chr5,138464708,138464867,138575289,138575567,EH38E3663968,EH38E3664076,138464000,138465000,138575000,138576000,8,-1
6327,chr5,138464869,138465218,138575289,138575567,EH38E2412554,EH38E3664076,138464000,138465000,138575000,138576000,8,-1
6328,chr5,138465638,138465793,138575289,138575567,EH38E3663970,EH38E3664076,138465000,138466000,138575000,138576000,4,-1
6329,chr5,138465821,138466052,138575289,138575567,EH38E3663971,EH38E3664076,138465000,138466000,138575000,138576000,4,-1
6330,chr5,138542873,138543066,138575289,138575567,EH38E3664046,EH38E3664076,138542000,138543000,138575000,138576000,13,-1
6331,chr5,138543621,138543799,138575289,138575567,EH38E3664048,EH38E3664076,138543000,138544000,138575000,138576000,20,-1
6332,chr5,138575610,138575960,138575289,138575567,EH38E3664077,EH38E3664076,138575000,138576000,138575000,138576000,539,-1
6333,chr5,138576087,138576388,138575289,138575567,EH38E3664078,EH38E3664076,138576000,138577000,138575000,138576000,195,-1
6334,chr5,138610591,138610872,138575289,138575567,EH38E3664103,EH38E3664076,138610000,138611000,138575000,138576000,9,-1
6335,chr5,138610939,138611134,138575289,138575567,EH38E2412698,EH38E3664076,138610000,138611000,138575000,138576000,9,-1
6336,chr5,138611293,138611640,138575289,138575567,EH38E2412699,EH38E3664076,138611000,138612000,138575000,138576000,17,-1
6337,chr5,138724986,138725143,138575289,138575567,EH38E3664182,EH38E3664076,138724000,138725000,138575000,138576000,3,-1
6338,chr5,138725231,138725581,138575289,138575567,EH38E2412792,EH38E3664076,138725000,138726000,138575000,138576000,1,-1
6339,chr5,138752362,138752541,138575289,138575567,EH38E3664198,EH38E3664076,138752000,138753000,138575000,138576000,4,-1
6340,chr5,138752994,138753174,138575289,138575567,EH38E3664200,EH38E3664076,138752000,138753000,138575000,138576000,4,-1
6341,chr5,138753550,138753873,138575289,138575567,EH38E3664202,EH38E3664076,138753000,138754000,138575000,138576000,7,-1
6342,chr5,138754172,138754518,138575289,138575567,EH38E2412816,EH38E3664076,138754000,138755000,138575000,138576000,3,-1
6343,chr5,138884157,138884395,138575289,138575567,EH38E2412928,EH38E3664076,138884000,138885000,138575000,138576000,2,-1
6344,chr5,138884639,138884789,138575289,138575567,EH38E2412929,EH38E3664076,138884000,138885000,138575000,138576000,2,-1
6345,chr5,138945843,138946013,138575289,138575567,EH38E3664319,EH38E3664076,138945000,138946000,138575000,138576000,3,-1
6346,chr5,139294318,139294613,138575289,138575567,EH38E3664547,EH38E3664076,139294000,139295000,138575000,138576000,2,-1
6347,chr5,139404293,139404482,138575289,138575567,EH38E3664654,EH38E3664076,139404000,139405000,138575000,138576000,1,-1
6348,chr5,139438833,139439002,138575289,138575567,EH38E3664681,EH38E3664076,139438000,139439000,138575000,138576000,1,-1
6349,chr5,139518277,139518522,138575289,138575567,EH38E2413503,EH38E3664076,139518000,139519000,138575000,138576000,2,-1
6350,chr5,139668281,139668629,138575289,138575567,EH38E2413661,EH38E3664076,139668000,139669000,138575000,138576000,1,-1
6351,chr5,140175576,140175920,138575289,138575567,EH38E3665367,EH38E3664076,140175000,140176000,138575000,138576000,1,-1
6352,chr5,138331436,138331613,138753198,138753516,EH38E3663885,EH38E3664201,138331000,138332000,138753000,138754000,1,-1
6353,chr5,138337648,138337826,138753198,138753516,EH38E3663889,EH38E3664201,138337000,138338000,138753000,138754000,1,-1
6354,chr5,138337834,138338076,138753198,138753516,EH38E2412467,EH38E3664201,138337000,138338000,138753000,138754000,1,-1
6355,chr5,138463808,138463965,138753198,138753516,EH38E3663967,EH38E3664201,138463000,138464000,138753000,138754000,1,-1
6356,chr5,138465821,138466052,138753198,138753516,EH38E3663971,EH38E3664201,138466000,138467000,138753000,138754000,2,-1
6357,chr5,138542873,138543066,138753198,138753516,EH38E3664046,EH38E3664201,138542000,138543000,138753000,138754000,2,-1
6358,chr5,138543621,138543799,138753198,138753516,EH38E3664048,EH38E3664201,138543000,138544000,138753000,138754000,2,-1
6359,chr5,138575610,138575960,138753198,138753516,EH38E3664077,EH38E3664201,138575000,138576000,138753000,138754000,7,-1
6360,chr5,138576087,138576388,138753198,138753516,EH38E3664078,EH38E3664201,138576000,138577000,138753000,138754000,2,-1
6361,chr5,138610591,138610872,138753198,138753516,EH38E3664103,EH38E3664201,138610000,138611000,138753000,138754000,4,-1
6362,chr5,138610939,138611134,138753198,138753516,EH38E2412698,EH38E3664201,138610000,138611000,138753000,138754000,4,-1
6363,chr5,138611293,138611640,138753198,138753516,EH38E2412699,EH38E3664201,138611000,138612000,138753000,138754000,4,-1
6364,chr5,138724986,138725143,138753198,138753516,EH38E3664182,EH38E3664201,138724000,138725000,138753000,138754000,7,-1
6365,chr5,138725231,138725581,138753198,138753516,EH38E2412792,EH38E3664201,138725000,138726000,138753000,138754000,11,-1
6366,chr5,138752362,138752541,138753198,138753516,EH38E3664198,EH38E3664201,138752000,138753000,138753000,138754000,391,-1
6367,chr5,138752994,138753174,138753198,138753516,EH38E3664200,EH38E3664201,138752000,138753000,138753000,138754000,391,-1
6368,chr5,138752994,138753174,138753198,138753516,EH38E3664200,EH38E3664201,138753000,138754000,138753000,138754000,206,-1
6369,chr5,138753550,138753873,138753198,138753516,EH38E3664202,EH38E3664201,138753000,138754000,138753000,138754000,206,-1
6370,chr5,138754172,138754518,138753198,138753516,EH38E2412816,EH38E3664201,138754000,138755000,138753000,138754000,232,-1
6371,chr5,138945843,138946013,138753198,138753516,EH38E3664319,EH38E3664201,138945000,138946000,138753000,138754000,3,-1
6372,chr5,139197576,139197735,138753198,138753516,EH38E2413206,EH38E3664201,139197000,139198000,138753000,138754000,1,-1
6373,chr5,139294318,139294613,138753198,138753516,EH38E3664547,EH38E3664201,139294000,139295000,138753000,138754000,1,-1
6374,chr5,139438833,139439002,138753198,138753516,EH38E3664681,EH38E3664201,139439000,139440000,138753000,138754000,1,-1
6375,chr5,139439004,139439354,138753198,138753516,EH38E3664682,EH38E3664201,139439000,139440000,138753000,138754000,1,-1
6376,chr5,139473193,139473455,138753198,138753516,EH38E2413463,EH38E3664201,139473000,139474000,138753000,138754000,1,-1
6377,chr5,139543783,139544119,138753198,138753516,EH38E3664772,EH38E3664201,139543000,139544000,138753000,138754000,2,-1
6378,chr5,139696927,139697274,138753198,138753516,EH38E3664981,EH38E3664201,139697000,139698000,138753000,138754000,1,-1
6379,chr5,139697299,139697552,138753198,138753516,EH38E3664982,EH38E3664201,139697000,139698000,138753000,138754000,1,-1
6380,chr5,139697586,139697793,138753198,138753516,EH38E3664983,EH38E3664201,139697000,139698000,138753000,138754000,1,-1
6381,chr5,139709009,139709183,138753198,138753516,EH38E3664999,EH38E3664201,139709000,139710000,138753000,138754000,1,-1
6382,chr5,139709183,139709533,138753198,138753516,EH38E2413737,EH38E3664201,139709000,139710000,138753000,138754000,1,-1
6383,chr5,139709641,139709990,138753198,138753516,EH38E3665000,EH38E3664201,139709000,139710000,138753000,138754000,1,-1
6384,chr5,140303313,140303516,138753198,138753516,EH38E3665485,EH38E3664201,140303000,140304000,138753000,138754000,1,-1
6385,chr5,138463808,138463965,139198252,139198601,EH38E3663967,EH38E3664494,138463000,138464000,139198000,139199000,2,-1
6386,chr5,138464007,138464356,139198252,139198601,EH38E2412551,EH38E3664494,138464000,138465000,139198000,139199000,1,-1
6387,chr5,138464399,138464600,139198252,139198601,EH38E2412552,EH38E3664494,138464000,138465000,139198000,139199000,1,-1
6388,chr5,138464708,138464867,139198252,139198601,EH38E3663968,EH38E3664494,138464000,138465000,139198000,139199000,1,-1
6389,chr5,138464869,138465218,139198252,139198601,EH38E2412554,EH38E3664494,138464000,138465000,139198000,139199000,1,-1
6390,chr5,138575610,138575960,139198252,139198601,EH38E3664077,EH38E3664494,138575000,138576000,139198000,139199000,1,-1
6391,chr5,138610591,138610872,139198252,139198601,EH38E3664103,EH38E3664494,138610000,138611000,139198000,139199000,1,-1
6392,chr5,138610939,138611134,139198252,139198601,EH38E2412698,EH38E3664494,138610000,138611000,139198000,139199000,1,-1
6393,chr5,138754172,138754518,139198252,139198601,EH38E2412816,EH38E3664494,138754000,138755000,139198000,139199000,1,-1
6394,chr5,138945843,138946013,139198252,139198601,EH38E3664319,EH38E3664494,138945000,138946000,139198000,139199000,1,-1
6395,chr5,139197576,139197735,139198252,139198601,EH38E2413206,EH38E3664494,139197000,139198000,139198000,139199000,304,-1
6396,chr5,139294318,139294613,139198252,139198601,EH38E3664547,EH38E3664494,139294000,139295000,139198000,139199000,2,-1
6397,chr5,139404293,139404482,139198252,139198601,EH38E3664654,EH38E3664494,139404000,139405000,139198000,139199000,2,-1
6398,chr5,139668281,139668629,139198252,139198601,EH38E2413661,EH38E3664494,139668000,139669000,139198000,139199000,1,-1
6399,chr5,140174554,140174773,139198252,139198601,EH38E2414069,EH38E3664494,140174000,140175000,139198000,139199000,1,-1
6400,chr5,140400741,140400995,139198252,139198601,EH38E3665546,EH38E3664494,140400000,140401000,139198000,139199000,1,-1
6401,chr5,141040092,141040442,139198252,139198601,EH38E2414570,EH38E3664494,141040000,141041000,139198000,139199000,1,-1
6402,chr5,141040503,141040704,139198252,139198601,EH38E2414571,EH38E3664494,141040000,141041000,139198000,139199000,1,-1
6403,chr5,141040857,141041033,139198252,139198601,EH38E2414572,EH38E3664494,141040000,141041000,139198000,139199000,1,-1
6404,chr5,141843192,141843533,139198252,139198601,EH38E3666335,EH38E3664494,141843000,141844000,139198000,139199000,1,-1
6405,chr5,138337834,138338076,139273649,139273900,EH38E2412467,EH38E3664529,138338000,138339000,139273000,139274000,3,-1
6406,chr5,138464869,138465218,139273649,139273900,EH38E2412554,EH38E3664529,138465000,138466000,139273000,139274000,1,-1
6407,chr5,138465638,138465793,139273649,139273900,EH38E3663970,EH38E3664529,138465000,138466000,139273000,139274000,1,-1
6408,chr5,138465821,138466052,139273649,139273900,EH38E3663971,EH38E3664529,138465000,138466000,139273000,139274000,1,-1
6409,chr5,138542873,138543066,139273649,139273900,EH38E3664046,EH38E3664529,138542000,138543000,139273000,139274000,2,-1
6410,chr5,138543621,138543799,139273649,139273900,EH38E3664048,EH38E3664529,138543000,138544000,139273000,139274000,1,-1
6411,chr5,138575610,138575960,139273649,139273900,EH38E3664077,EH38E3664529,138575000,138576000,139273000,139274000,5,-1
6412,chr5,138610591,138610872,139273649,139273900,EH38E3664103,EH38E3664529,138610000,138611000,139273000,139274000,3,-1
6413,chr5,138610939,138611134,139273649,139273900,EH38E2412698,EH38E3664529,138610000,138611000,139273000,139274000,3,-1
6414,chr5,138611293,138611640,139273649,139273900,EH38E2412699,EH38E3664529,138611000,138612000,139273000,139274000,2,-1
6415,chr5,138724986,138725143,139273649,139273900,EH38E3664182,EH38E3664529,138724000,138725000,139273000,139274000,1,-1
6416,chr5,138725231,138725581,139273649,139273900,EH38E2412792,EH38E3664529,138725000,138726000,139273000,139274000,2,-1
6417,chr5,138752362,138752541,139273649,139273900,EH38E3664198,EH38E3664529,138752000,138753000,139273000,139274000,1,-1
6418,chr5,138752994,138753174,139273649,139273900,EH38E3664200,EH38E3664529,138752000,138753000,139273000,139274000,1,-1
6419,chr5,138753550,138753873,139273649,139273900,EH38E3664202,EH38E3664529,138753000,138754000,139273000,139274000,2,-1
6420,chr5,138884157,138884395,139273649,139273900,EH38E2412928,EH38E3664529,138884000,138885000,139273000,139274000,2,-1
6421,chr5,138884639,138884789,139273649,139273900,EH38E2412929,EH38E3664529,138884000,138885000,139273000,139274000,2,-1
6422,chr5,138945843,138946013,139273649,139273900,EH38E3664319,EH38E3664529,138945000,138946000,139273000,139274000,4,-1
6423,chr5,139197576,139197735,139273649,139273900,EH38E2413206,EH38E3664529,139197000,139198000,139273000,139274000,3,-1
6424,chr5,139294318,139294613,139273649,139273900,EH38E3664547,EH38E3664529,139294000,139295000,139273000,139274000,11,-1
6425,chr5,139404293,139404482,139273649,139273900,EH38E3664654,EH38E3664529,139404000,139405000,139273000,139274000,3,-1
6426,chr5,139438833,139439002,139273649,139273900,EH38E3664681,EH38E3664529,139439000,139440000,139273000,139274000,1,-1
6427,chr5,139439004,139439354,139273649,139273900,EH38E3664682,EH38E3664529,139439000,139440000,139273000,139274000,1,-1
6428,chr5,139518277,139518522,139273649,139273900,EH38E2413503,EH38E3664529,139518000,139519000,139273000,139274000,4,-1
6429,chr5,139637492,139637829,139273649,139273900,EH38E2413597,EH38E3664529,139637000,139638000,139273000,139274000,1,-1
6430,chr5,139649054,139649235,139273649,139273900,EH38E3664882,EH38E3664529,139649000,139650000,139273000,139274000,1,-1
6431,chr5,139709009,139709183,139273649,139273900,EH38E3664999,EH38E3664529,139709000,139710000,139273000,139274000,1,-1
6432,chr5,139709183,139709533,139273649,139273900,EH38E2413737,EH38E3664529,139709000,139710000,139273000,139274000,1,-1
6433,chr5,139709641,139709990,139273649,139273900,EH38E3665000,EH38E3664529,139709000,139710000,139273000,139274000,1,-1
6434,chr5,139710049,139710250,139273649,139273900,EH38E3665001,EH38E3664529,139710000,139711000,139273000,139274000,1,-1
6435,chr5,139710275,139710623,139273649,139273900,EH38E2413740,EH38E3664529,139710000,139711000,139273000,139274000,1,-1
6436,chr5,138337834,138338076,139273903,139274243,EH38E2412467,EH38E2413257,138338000,138339000,139273000,139274000,3,-1
6437,chr5,138464869,138465218,139273903,139274243,EH38E2412554,EH38E2413257,138465000,138466000,139273000,139274000,1,-1
6438,chr5,138465638,138465793,139273903,139274243,EH38E3663970,EH38E2413257,138465000,138466000,139273000,139274000,1,-1
6439,chr5,138465821,138466052,139273903,139274243,EH38E3663971,EH38E2413257,138465000,138466000,139273000,139274000,1,-1
6440,chr5,138543621,138543799,139273903,139274243,EH38E3664048,EH38E2413257,138543000,138544000,139273000,139274000,1,-1
6441,chr5,138575610,138575960,139273903,139274243,EH38E3664077,EH38E2413257,138575000,138576000,139273000,139274000,5,-1
6442,chr5,138610591,138610872,139273903,139274243,EH38E3664103,EH38E2413257,138610000,138611000,139273000,139274000,3,-1
6443,chr5,138610939,138611134,139273903,139274243,EH38E2412698,EH38E2413257,138610000,138611000,139273000,139274000,3,-1
6444,chr5,138611293,138611640,139273903,139274243,EH38E2412699,EH38E2413257,138611000,138612000,139273000,139274000,2,-1
6445,chr5,138725231,138725581,139273903,139274243,EH38E2412792,EH38E2413257,138725000,138726000,139273000,139274000,2,-1
6446,chr5,138753550,138753873,139273903,139274243,EH38E3664202,EH38E2413257,138753000,138754000,139273000,139274000,2,-1
6447,chr5,138884157,138884395,139273903,139274243,EH38E2412928,EH38E2413257,138884000,138885000,139273000,139274000,2,-1
6448,chr5,138884639,138884789,139273903,139274243,EH38E2412929,EH38E2413257,138884000,138885000,139273000,139274000,2,-1
6449,chr5,138945843,138946013,139273903,139274243,EH38E3664319,EH38E2413257,138945000,138946000,139273000,139274000,4,-1
6450,chr5,139294318,139294613,139273903,139274243,EH38E3664547,EH38E2413257,139294000,139295000,139273000,139274000,11,-1
6451,chr5,139404293,139404482,139273903,139274243,EH38E3664654,EH38E2413257,139404000,139405000,139273000,139274000,3,-1
6452,chr5,139438833,139439002,139273903,139274243,EH38E3664681,EH38E2413257,139439000,139440000,139273000,139274000,1,-1
6453,chr5,139439004,139439354,139273903,139274243,EH38E3664682,EH38E2413257,139439000,139440000,139273000,139274000,1,-1
6454,chr5,139518277,139518522,139273903,139274243,EH38E2413503,EH38E2413257,139518000,139519000,139273000,139274000,4,-1
6455,chr5,139637492,139637829,139273903,139274243,EH38E2413597,EH38E2413257,139637000,139638000,139273000,139274000,1,-1
6456,chr5,139649054,139649235,139273903,139274243,EH38E3664882,EH38E2413257,139649000,139650000,139273000,139274000,1,-1
6457,chr5,139710049,139710250,139273903,139274243,EH38E3665001,EH38E2413257,139710000,139711000,139273000,139274000,1,-1
6458,chr5,139710275,139710623,139273903,139274243,EH38E2413740,EH38E2413257,139710000,139711000,139273000,139274000,1,-1
6459,chr5,138032218,138032562,139273903,139274243,EH38E3663788,EH38E2413257,138032000,138033000,139274000,139275000,1,-1
6460,chr5,138463808,138463965,139273903,139274243,EH38E3663967,EH38E2413257,138463000,138464000,139274000,139275000,2,-1
6461,chr5,138542873,138543066,139273903,139274243,EH38E3664046,EH38E2413257,138542000,138543000,139274000,139275000,3,-1
6462,chr5,138576087,138576388,139273903,139274243,EH38E3664078,EH38E2413257,138576000,138577000,139274000,139275000,1,-1
6463,chr5,138724986,138725143,139273903,139274243,EH38E3664182,EH38E2413257,138724000,138725000,139274000,139275000,4,-1
6464,chr5,138752362,138752541,139273903,139274243,EH38E3664198,EH38E2413257,138752000,138753000,139274000,139275000,5,-1
6465,chr5,138752994,138753174,139273903,139274243,EH38E3664200,EH38E2413257,138752000,138753000,139274000,139275000,5,-1
6466,chr5,138754172,138754518,139273903,139274243,EH38E2412816,EH38E2413257,138754000,138755000,139274000,139275000,2,-1
6467,chr5,139197576,139197735,139273903,139274243,EH38E2413206,EH38E2413257,139197000,139198000,139274000,139275000,4,-1
6468,chr5,139473193,139473455,139273903,139274243,EH38E2413463,EH38E2413257,139473000,139474000,139274000,139275000,1,-1
6469,chr5,139543783,139544119,139273903,139274243,EH38E3664772,EH38E2413257,139543000,139544000,139274000,139275000,2,-1
6470,chr5,139638264,139638611,139273903,139274243,EH38E3664855,EH38E2413257,139638000,139639000,139274000,139275000,1,-1
6471,chr5,139696764,139696915,139273903,139274243,EH38E3664980,EH38E2413257,139696000,139697000,139274000,139275000,1,-1
6472,chr5,139696927,139697274,139273903,139274243,EH38E3664981,EH38E2413257,139696000,139697000,139274000,139275000,1,-1
6473,chr5,139709009,139709183,139273903,139274243,EH38E3664999,EH38E2413257,139709000,139710000,139274000,139275000,2,-1
6474,chr5,139709183,139709533,139273903,139274243,EH38E2413737,EH38E2413257,139709000,139710000,139274000,139275000,2,-1
6475,chr5,139709641,139709990,139273903,139274243,EH38E3665000,EH38E2413257,139709000,139710000,139274000,139275000,2,-1
6476,chr5,140241355,140241702,139273903,139274243,EH38E3665423,EH38E2413257,140241000,140242000,139274000,139275000,1,-1
6477,chr5,140557131,140557288,139273903,139274243,EH38E3665585,EH38E2413257,140557000,140558000,139274000,139275000,1,-1
6478,chr5,140557295,140557636,139273903,139274243,EH38E3665586,EH38E2413257,140557000,140558000,139274000,139275000,1,-1
6479,chr5,140557649,140557851,139273903,139274243,EH38E3665587,EH38E2413257,140557000,140558000,139274000,139275000,1,-1
6480,chr5,140639663,140639843,139273903,139274243,EH38E3665656,EH38E2413257,140639000,140640000,139274000,139275000,1,-1
6481,chr5,141845616,141845768,139273903,139274243,EH38E2415097,EH38E2413257,141845000,141846000,139274000,139275000,1,-1
6482,chr5,137752975,137753180,139293449,139293799,EH38E3663655,EH38E2413284,137752000,137753000,139293000,139294000,1,-1
6483,chr5,138331436,138331613,139293449,139293799,EH38E3663885,EH38E2413284,138331000,138332000,139293000,139294000,1,-1
6484,chr5,138352905,138353252,139293449,139293799,EH38E3663904,EH38E2413284,138352000,138353000,139293000,139294000,1,-1
6485,chr5,138463808,138463965,139293449,139293799,EH38E3663967,EH38E2413284,138463000,138464000,139293000,139294000,1,-1
6486,chr5,138542873,138543066,139293449,139293799,EH38E3664046,EH38E2413284,138543000,138544000,139293000,139294000,3,-1
6487,chr5,138543621,138543799,139293449,139293799,EH38E3664048,EH38E2413284,138543000,138544000,139293000,139294000,3,-1
6488,chr5,138575610,138575960,139293449,139293799,EH38E3664077,EH38E2413284,138575000,138576000,139293000,139294000,1,-1
6489,chr5,138610591,138610872,139293449,139293799,EH38E3664103,EH38E2413284,138610000,138611000,139293000,139294000,3,-1
6490,chr5,138610939,138611134,139293449,139293799,EH38E2412698,EH38E2413284,138610000,138611000,139293000,139294000,3,-1
6491,chr5,138611293,138611640,139293449,139293799,EH38E2412699,EH38E2413284,138611000,138612000,139293000,139294000,1,-1
6492,chr5,138724986,138725143,139293449,139293799,EH38E3664182,EH38E2413284,138725000,138726000,139293000,139294000,2,-1
6493,chr5,138725231,138725581,139293449,139293799,EH38E2412792,EH38E2413284,138725000,138726000,139293000,139294000,2,-1
6494,chr5,138752362,138752541,139293449,139293799,EH38E3664198,EH38E2413284,138752000,138753000,139293000,139294000,2,-1
6495,chr5,138752994,138753174,139293449,139293799,EH38E3664200,EH38E2413284,138752000,138753000,139293000,139294000,2,-1
6496,chr5,138753550,138753873,139293449,139293799,EH38E3664202,EH38E2413284,138753000,138754000,139293000,139294000,1,-1
6497,chr5,138945843,138946013,139293449,139293799,EH38E3664319,EH38E2413284,138945000,138946000,139293000,139294000,1,-1
6498,chr5,139294318,139294613,139293449,139293799,EH38E3664547,EH38E2413284,139294000,139295000,139293000,139294000,682,-1
6499,chr5,139404293,139404482,139293449,139293799,EH38E3664654,EH38E2413284,139404000,139405000,139293000,139294000,2,-1
6500,chr5,139438833,139439002,139293449,139293799,EH38E3664681,EH38E2413284,139439000,139440000,139293000,139294000,1,-1
6501,chr5,139439004,139439354,139293449,139293799,EH38E3664682,EH38E2413284,139439000,139440000,139293000,139294000,1,-1
6502,chr5,139473193,139473455,139293449,139293799,EH38E2413463,EH38E2413284,139473000,139474000,139293000,139294000,1,-1
6503,chr5,139518277,139518522,139293449,139293799,EH38E2413503,EH38E2413284,139518000,139519000,139293000,139294000,2,-1
6504,chr5,139543783,139544119,139293449,139293799,EH38E3664772,EH38E2413284,139543000,139544000,139293000,139294000,2,-1
6505,chr5,139560771,139560979,139293449,139293799,EH38E3664785,EH38E2413284,139560000,139561000,139293000,139294000,1,-1
6506,chr5,139637492,139637829,139293449,139293799,EH38E2413597,EH38E2413284,139637000,139638000,139293000,139294000,1,-1
6507,chr5,139709009,139709183,139293449,139293799,EH38E3664999,EH38E2413284,139709000,139710000,139293000,139294000,1,-1
6508,chr5,139709183,139709533,139293449,139293799,EH38E2413737,EH38E2413284,139709000,139710000,139293000,139294000,1,-1
6509,chr5,139709641,139709990,139293449,139293799,EH38E3665000,EH38E2413284,139709000,139710000,139293000,139294000,1,-1
6510,chr5,139710049,139710250,139293449,139293799,EH38E3665001,EH38E2413284,139710000,139711000,139293000,139294000,1,-1
6511,chr5,139710275,139710623,139293449,139293799,EH38E2413740,EH38E2413284,139710000,139711000,139293000,139294000,1,-1
6512,chr5,137752975,137753180,139293818,139293987,EH38E3663655,EH38E2413285,137752000,137753000,139293000,139294000,1,-1
6513,chr5,138331436,138331613,139293818,139293987,EH38E3663885,EH38E2413285,138331000,138332000,139293000,139294000,1,-1
6514,chr5,138352905,138353252,139293818,139293987,EH38E3663904,EH38E2413285,138352000,138353000,139293000,139294000,1,-1
6515,chr5,138463808,138463965,139293818,139293987,EH38E3663967,EH38E2413285,138463000,138464000,139293000,139294000,1,-1
6516,chr5,138542873,138543066,139293818,139293987,EH38E3664046,EH38E2413285,138543000,138544000,139293000,139294000,3,-1
6517,chr5,138543621,138543799,139293818,139293987,EH38E3664048,EH38E2413285,138543000,138544000,139293000,139294000,3,-1
6518,chr5,138575610,138575960,139293818,139293987,EH38E3664077,EH38E2413285,138575000,138576000,139293000,139294000,1,-1
6519,chr5,138610591,138610872,139293818,139293987,EH38E3664103,EH38E2413285,138610000,138611000,139293000,139294000,3,-1
6520,chr5,138610939,138611134,139293818,139293987,EH38E2412698,EH38E2413285,138610000,138611000,139293000,139294000,3,-1
6521,chr5,138611293,138611640,139293818,139293987,EH38E2412699,EH38E2413285,138611000,138612000,139293000,139294000,1,-1
6522,chr5,138724986,138725143,139293818,139293987,EH38E3664182,EH38E2413285,138725000,138726000,139293000,139294000,2,-1
6523,chr5,138725231,138725581,139293818,139293987,EH38E2412792,EH38E2413285,138725000,138726000,139293000,139294000,2,-1
6524,chr5,138752362,138752541,139293818,139293987,EH38E3664198,EH38E2413285,138752000,138753000,139293000,139294000,2,-1
6525,chr5,138752994,138753174,139293818,139293987,EH38E3664200,EH38E2413285,138752000,138753000,139293000,139294000,2,-1
6526,chr5,138753550,138753873,139293818,139293987,EH38E3664202,EH38E2413285,138753000,138754000,139293000,139294000,1,-1
6527,chr5,138945843,138946013,139293818,139293987,EH38E3664319,EH38E2413285,138945000,138946000,139293000,139294000,1,-1
6528,chr5,139294318,139294613,139293818,139293987,EH38E3664547,EH38E2413285,139294000,139295000,139293000,139294000,682,-1
6529,chr5,139404293,139404482,139293818,139293987,EH38E3664654,EH38E2413285,139404000,139405000,139293000,139294000,2,-1
6530,chr5,139438833,139439002,139293818,139293987,EH38E3664681,EH38E2413285,139439000,139440000,139293000,139294000,1,-1
6531,chr5,139439004,139439354,139293818,139293987,EH38E3664682,EH38E2413285,139439000,139440000,139293000,139294000,1,-1
6532,chr5,139473193,139473455,139293818,139293987,EH38E2413463,EH38E2413285,139473000,139474000,139293000,139294000,1,-1
6533,chr5,139518277,139518522,139293818,139293987,EH38E2413503,EH38E2413285,139518000,139519000,139293000,139294000,2,-1
6534,chr5,139543783,139544119,139293818,139293987,EH38E3664772,EH38E2413285,139543000,139544000,139293000,139294000,2,-1
6535,chr5,139560771,139560979,139293818,139293987,EH38E3664785,EH38E2413285,139560000,139561000,139293000,139294000,1,-1
6536,chr5,139637492,139637829,139293818,139293987,EH38E2413597,EH38E2413285,139637000,139638000,139293000,139294000,1,-1
6537,chr5,139709009,139709183,139293818,139293987,EH38E3664999,EH38E2413285,139709000,139710000,139293000,139294000,1,-1
6538,chr5,139709183,139709533,139293818,139293987,EH38E2413737,EH38E2413285,139709000,139710000,139293000,139294000,1,-1
6539,chr5,139709641,139709990,139293818,139293987,EH38E3665000,EH38E2413285,139709000,139710000,139293000,139294000,1,-1
6540,chr5,139710049,139710250,139293818,139293987,EH38E3665001,EH38E2413285,139710000,139711000,139293000,139294000,1,-1
6541,chr5,139710275,139710623,139293818,139293987,EH38E2413740,EH38E2413285,139710000,139711000,139293000,139294000,1,-1
6542,chr5,138337648,138337826,139341626,139341976,EH38E3663889,EH38E3664577,138337000,138338000,139341000,139342000,1,-1
6543,chr5,138337834,138338076,139341626,139341976,EH38E2412467,EH38E3664577,138337000,138338000,139341000,139342000,1,-1
6544,chr5,138464869,138465218,139341626,139341976,EH38E2412554,EH38E3664577,138465000,138466000,139341000,139342000,2,-1
6545,chr5,138465638,138465793,139341626,139341976,EH38E3663970,EH38E3664577,138465000,138466000,139341000,139342000,2,-1
6546,chr5,138465821,138466052,139341626,139341976,EH38E3663971,EH38E3664577,138465000,138466000,139341000,139342000,2,-1
6547,chr5,138575610,138575960,139341626,139341976,EH38E3664077,EH38E3664577,138575000,138576000,139341000,139342000,1,-1
6548,chr5,138610591,138610872,139341626,139341976,EH38E3664103,EH38E3664577,138610000,138611000,139341000,139342000,1,-1
6549,chr5,138610939,138611134,139341626,139341976,EH38E2412698,EH38E3664577,138610000,138611000,139341000,139342000,1,-1
6550,chr5,138611293,138611640,139341626,139341976,EH38E2412699,EH38E3664577,138611000,138612000,139341000,139342000,1,-1
6551,chr5,138884157,138884395,139341626,139341976,EH38E2412928,EH38E3664577,138884000,138885000,139341000,139342000,1,-1
6552,chr5,138884639,138884789,139341626,139341976,EH38E2412929,EH38E3664577,138884000,138885000,139341000,139342000,1,-1
6553,chr5,139294318,139294613,139341626,139341976,EH38E3664547,EH38E3664577,139294000,139295000,139341000,139342000,3,-1
6554,chr5,139404293,139404482,139341626,139341976,EH38E3664654,EH38E3664577,139404000,139405000,139341000,139342000,1,-1
6555,chr5,139438833,139439002,139341626,139341976,EH38E3664681,EH38E3664577,139438000,139439000,139341000,139342000,1,-1
6556,chr5,139439004,139439354,139341626,139341976,EH38E3664682,EH38E3664577,139439000,139440000,139341000,139342000,1,-1
6557,chr5,139473193,139473455,139341626,139341976,EH38E2413463,EH38E3664577,139473000,139474000,139341000,139342000,1,-1
6558,chr5,139518277,139518522,139341626,139341976,EH38E2413503,EH38E3664577,139518000,139519000,139341000,139342000,2,-1
6559,chr5,139560771,139560979,139341626,139341976,EH38E3664785,EH38E3664577,139560000,139561000,139341000,139342000,1,-1
6560,chr5,139638264,139638611,139341626,139341976,EH38E3664855,EH38E3664577,139638000,139639000,139341000,139342000,1,-1
6561,chr5,139668281,139668629,139341626,139341976,EH38E2413661,EH38E3664577,139668000,139669000,139341000,139342000,1,-1
6562,chr5,139709009,139709183,139341626,139341976,EH38E3664999,EH38E3664577,139709000,139710000,139341000,139342000,1,-1
6563,chr5,139709183,139709533,139341626,139341976,EH38E2413737,EH38E3664577,139709000,139710000,139341000,139342000,1,-1
6564,chr5,139709641,139709990,139341626,139341976,EH38E3665000,EH38E3664577,139709000,139710000,139341000,139342000,1,-1
6565,chr5,140242160,140242435,139341626,139341976,EH38E3665424,EH38E3664577,140242000,140243000,139341000,139342000,1,-1
6566,chr5,138032218,138032562,139342163,139342512,EH38E3663788,EH38E3664578,138032000,138033000,139342000,139343000,1,-1
6567,chr5,138463808,138463965,139342163,139342512,EH38E3663967,EH38E3664578,138463000,138464000,139342000,139343000,2,-1
6568,chr5,138464007,138464356,139342163,139342512,EH38E2412551,EH38E3664578,138464000,138465000,139342000,139343000,1,-1
6569,chr5,138464399,138464600,139342163,139342512,EH38E2412552,EH38E3664578,138464000,138465000,139342000,139343000,1,-1
6570,chr5,138464708,138464867,139342163,139342512,EH38E3663968,EH38E3664578,138464000,138465000,139342000,139343000,1,-1
6571,chr5,138464869,138465218,139342163,139342512,EH38E2412554,EH38E3664578,138464000,138465000,139342000,139343000,1,-1
6572,chr5,138575610,138575960,139342163,139342512,EH38E3664077,EH38E3664578,138575000,138576000,139342000,139343000,6,-1
6573,chr5,138576087,138576388,139342163,139342512,EH38E3664078,EH38E3664578,138576000,138577000,139342000,139343000,1,-1
6574,chr5,138610591,138610872,139342163,139342512,EH38E3664103,EH38E3664578,138610000,138611000,139342000,139343000,1,-1
6575,chr5,138610939,138611134,139342163,139342512,EH38E2412698,EH38E3664578,138610000,138611000,139342000,139343000,1,-1
6576,chr5,138724986,138725143,139342163,139342512,EH38E3664182,EH38E3664578,138725000,138726000,139342000,139343000,2,-1
6577,chr5,138725231,138725581,139342163,139342512,EH38E2412792,EH38E3664578,138725000,138726000,139342000,139343000,2,-1
6578,chr5,138945843,138946013,139342163,139342512,EH38E3664319,EH38E3664578,138946000,138947000,139342000,139343000,2,-1
6579,chr5,139294318,139294613,139342163,139342512,EH38E3664547,EH38E3664578,139294000,139295000,139342000,139343000,4,-1
6580,chr5,139404293,139404482,139342163,139342512,EH38E3664654,EH38E3664578,139404000,139405000,139342000,139343000,3,-1
6581,chr5,139560771,139560979,139342163,139342512,EH38E3664785,EH38E3664578,139560000,139561000,139342000,139343000,2,-1
6582,chr5,139696927,139697274,139342163,139342512,EH38E3664981,EH38E3664578,139697000,139698000,139342000,139343000,1,-1
6583,chr5,139697299,139697552,139342163,139342512,EH38E3664982,EH38E3664578,139697000,139698000,139342000,139343000,1,-1
6584,chr5,139697586,139697793,139342163,139342512,EH38E3664983,EH38E3664578,139697000,139698000,139342000,139343000,1,-1
6585,chr5,139709009,139709183,139342163,139342512,EH38E3664999,EH38E3664578,139709000,139710000,139342000,139343000,1,-1
6586,chr5,139709183,139709533,139342163,139342512,EH38E2413737,EH38E3664578,139709000,139710000,139342000,139343000,1,-1
6587,chr5,139709641,139709990,139342163,139342512,EH38E3665000,EH38E3664578,139709000,139710000,139342000,139343000,1,-1
6588,chr5,139710049,139710250,139342163,139342512,EH38E3665001,EH38E3664578,139710000,139711000,139342000,139343000,2,-1
6589,chr5,139710275,139710623,139342163,139342512,EH38E2413740,EH38E3664578,139710000,139711000,139342000,139343000,2,-1
6590,chr5,141839000,141839345,139342163,139342512,EH38E2415085,EH38E3664578,141839000,141840000,139342000,139343000,1,-1
6591,chr5,141839350,141839520,139342163,139342512,EH38E3666328,EH38E3664578,141839000,141840000,139342000,139343000,1,-1
6592,chr5,141876834,141877123,139342163,139342512,EH38E3666404,EH38E3664578,141877000,141878000,139342000,139343000,1,-1
6593,chr5,141877835,141878036,139342163,139342512,EH38E3666407,EH38E3664578,141877000,141878000,139342000,139343000,1,-1
6594,chr5,138032218,138032562,139403807,139403975,EH38E3663788,EH38E3664652,138032000,138033000,139403000,139404000,1,-1
6595,chr5,138337834,138338076,139403807,139403975,EH38E2412467,EH38E3664652,138338000,138339000,139403000,139404000,1,-1
6596,chr5,138463808,138463965,139403807,139403975,EH38E3663967,EH38E3664652,138463000,138464000,139403000,139404000,2,-1
6597,chr5,138464869,138465218,139403807,139403975,EH38E2412554,EH38E3664652,138465000,138466000,139403000,139404000,1,-1
6598,chr5,138465638,138465793,139403807,139403975,EH38E3663970,EH38E3664652,138465000,138466000,139403000,139404000,1,-1
6599,chr5,138465821,138466052,139403807,139403975,EH38E3663971,EH38E3664652,138465000,138466000,139403000,139404000,1,-1
6600,chr5,138542873,138543066,139403807,139403975,EH38E3664046,EH38E3664652,138542000,138543000,139403000,139404000,1,-1
6601,chr5,138576087,138576388,139403807,139403975,EH38E3664078,EH38E3664652,138576000,138577000,139403000,139404000,1,-1
6602,chr5,138610591,138610872,139403807,139403975,EH38E3664103,EH38E3664652,138610000,138611000,139403000,139404000,2,-1
6603,chr5,138610939,138611134,139403807,139403975,EH38E2412698,EH38E3664652,138610000,138611000,139403000,139404000,2,-1
6604,chr5,138611293,138611640,139403807,139403975,EH38E2412699,EH38E3664652,138611000,138612000,139403000,139404000,1,-1
6605,chr5,138752362,138752541,139403807,139403975,EH38E3664198,EH38E3664652,138752000,138753000,139403000,139404000,1,-1
6606,chr5,138752994,138753174,139403807,139403975,EH38E3664200,EH38E3664652,138752000,138753000,139403000,139404000,1,-1
6607,chr5,138753550,138753873,139403807,139403975,EH38E3664202,EH38E3664652,138753000,138754000,139403000,139404000,1,-1
6608,chr5,138754172,138754518,139403807,139403975,EH38E2412816,EH38E3664652,138754000,138755000,139403000,139404000,1,-1
6609,chr5,138945843,138946013,139403807,139403975,EH38E3664319,EH38E3664652,138946000,138947000,139403000,139404000,1,-1
6610,chr5,139294318,139294613,139403807,139403975,EH38E3664547,EH38E3664652,139294000,139295000,139403000,139404000,1,-1
6611,chr5,139404293,139404482,139403807,139403975,EH38E3664654,EH38E3664652,139404000,139405000,139403000,139404000,120,-1
6612,chr5,139438833,139439002,139403807,139403975,EH38E3664681,EH38E3664652,139438000,139439000,139403000,139404000,3,-1
6613,chr5,139439004,139439354,139403807,139403975,EH38E3664682,EH38E3664652,139439000,139440000,139403000,139404000,5,-1
6614,chr5,139473193,139473455,139403807,139403975,EH38E2413463,EH38E3664652,139473000,139474000,139403000,139404000,5,-1
6615,chr5,139518277,139518522,139403807,139403975,EH38E2413503,EH38E3664652,139518000,139519000,139403000,139404000,5,-1
6616,chr5,139543783,139544119,139403807,139403975,EH38E3664772,EH38E3664652,139543000,139544000,139403000,139404000,3,-1
6617,chr5,139560771,139560979,139403807,139403975,EH38E3664785,EH38E3664652,139560000,139561000,139403000,139404000,1,-1
6618,chr5,139637492,139637829,139403807,139403975,EH38E2413597,EH38E3664652,139637000,139638000,139403000,139404000,4,-1
6619,chr5,139638264,139638611,139403807,139403975,EH38E3664855,EH38E3664652,139638000,139639000,139403000,139404000,3,-1
6620,chr5,139649054,139649235,139403807,139403975,EH38E3664882,EH38E3664652,139649000,139650000,139403000,139404000,1,-1
6621,chr5,139696927,139697274,139403807,139403975,EH38E3664981,EH38E3664652,139697000,139698000,139403000,139404000,3,-1
6622,chr5,139697299,139697552,139403807,139403975,EH38E3664982,EH38E3664652,139697000,139698000,139403000,139404000,3,-1
6623,chr5,139697586,139697793,139403807,139403975,EH38E3664983,EH38E3664652,139697000,139698000,139403000,139404000,3,-1
6624,chr5,139710049,139710250,139403807,139403975,EH38E3665001,EH38E3664652,139710000,139711000,139403000,139404000,1,-1
6625,chr5,139710275,139710623,139403807,139403975,EH38E2413740,EH38E3664652,139710000,139711000,139403000,139404000,1,-1
6626,chr5,140175576,140175920,139403807,139403975,EH38E3665367,EH38E3664652,140175000,140176000,139403000,139404000,2,-1
6627,chr5,140241355,140241702,139403807,139403975,EH38E3665423,EH38E3664652,140241000,140242000,139403000,139404000,1,-1
6628,chr5,140242160,140242435,139403807,139403975,EH38E3665424,EH38E3664652,140242000,140243000,139403000,139404000,1,-1
6629,chr5,140401001,140401315,139403807,139403975,EH38E3665547,EH38E3664652,140401000,140402000,139403000,139404000,2,-1
6630,chr5,140557131,140557288,139403807,139403975,EH38E3665585,EH38E3664652,140557000,140558000,139403000,139404000,1,-1
6631,chr5,140557295,140557636,139403807,139403975,EH38E3665586,EH38E3664652,140557000,140558000,139403000,139404000,1,-1
6632,chr5,140557649,140557851,139403807,139403975,EH38E3665587,EH38E3664652,140557000,140558000,139403000,139404000,1,-1
6633,chr5,141816311,141816489,139403807,139403975,EH38E3666305,EH38E3664652,141816000,141817000,139403000,139404000,2,-1
6634,chr5,141816658,141816996,139403807,139403975,EH38E2415059,EH38E3664652,141816000,141817000,139403000,139404000,2,-1
6635,chr5,141872906,141873253,139403807,139403975,EH38E3666394,EH38E3664652,141872000,141873000,139403000,139404000,1,-1
6636,chr5,142360779,142361128,139403807,139403975,EH38E3666745,EH38E3664652,142361000,142362000,139403000,139404000,1,-1
6637,chr5,138032218,138032562,139403978,139404265,EH38E3663788,EH38E3664653,138032000,138033000,139403000,139404000,1,-1
6638,chr5,138337834,138338076,139403978,139404265,EH38E2412467,EH38E3664653,138338000,138339000,139403000,139404000,1,-1
6639,chr5,138463808,138463965,139403978,139404265,EH38E3663967,EH38E3664653,138463000,138464000,139403000,139404000,2,-1
6640,chr5,138464869,138465218,139403978,139404265,EH38E2412554,EH38E3664653,138465000,138466000,139403000,139404000,1,-1
6641,chr5,138465638,138465793,139403978,139404265,EH38E3663970,EH38E3664653,138465000,138466000,139403000,139404000,1,-1
6642,chr5,138465821,138466052,139403978,139404265,EH38E3663971,EH38E3664653,138465000,138466000,139403000,139404000,1,-1
6643,chr5,138576087,138576388,139403978,139404265,EH38E3664078,EH38E3664653,138576000,138577000,139403000,139404000,1,-1
6644,chr5,138610591,138610872,139403978,139404265,EH38E3664103,EH38E3664653,138610000,138611000,139403000,139404000,2,-1
6645,chr5,138610939,138611134,139403978,139404265,EH38E2412698,EH38E3664653,138610000,138611000,139403000,139404000,2,-1
6646,chr5,138611293,138611640,139403978,139404265,EH38E2412699,EH38E3664653,138611000,138612000,139403000,139404000,1,-1
6647,chr5,138752362,138752541,139403978,139404265,EH38E3664198,EH38E3664653,138752000,138753000,139403000,139404000,1,-1
6648,chr5,138752994,138753174,139403978,139404265,EH38E3664200,EH38E3664653,138752000,138753000,139403000,139404000,1,-1
6649,chr5,138753550,138753873,139403978,139404265,EH38E3664202,EH38E3664653,138753000,138754000,139403000,139404000,1,-1
6650,chr5,138754172,138754518,139403978,139404265,EH38E2412816,EH38E3664653,138754000,138755000,139403000,139404000,1,-1
6651,chr5,139439004,139439354,139403978,139404265,EH38E3664682,EH38E3664653,139439000,139440000,139403000,139404000,5,-1
6652,chr5,139473193,139473455,139403978,139404265,EH38E2413463,EH38E3664653,139473000,139474000,139403000,139404000,5,-1
6653,chr5,139543783,139544119,139403978,139404265,EH38E3664772,EH38E3664653,139543000,139544000,139403000,139404000,3,-1
6654,chr5,139560771,139560979,139403978,139404265,EH38E3664785,EH38E3664653,139560000,139561000,139403000,139404000,1,-1
6655,chr5,139637492,139637829,139403978,139404265,EH38E2413597,EH38E3664653,139637000,139638000,139403000,139404000,4,-1
6656,chr5,139696927,139697274,139403978,139404265,EH38E3664981,EH38E3664653,139697000,139698000,139403000,139404000,3,-1
6657,chr5,139697299,139697552,139403978,139404265,EH38E3664982,EH38E3664653,139697000,139698000,139403000,139404000,3,-1
6658,chr5,139697586,139697793,139403978,139404265,EH38E3664983,EH38E3664653,139697000,139698000,139403000,139404000,3,-1
6659,chr5,140175576,140175920,139403978,139404265,EH38E3665367,EH38E3664653,140175000,140176000,139403000,139404000,2,-1
6660,chr5,140241355,140241702,139403978,139404265,EH38E3665423,EH38E3664653,140241000,140242000,139403000,139404000,1,-1
6661,chr5,140242160,140242435,139403978,139404265,EH38E3665424,EH38E3664653,140242000,140243000,139403000,139404000,1,-1
6662,chr5,140401001,140401315,139403978,139404265,EH38E3665547,EH38E3664653,140401000,140402000,139403000,139404000,2,-1
6663,chr5,140557131,140557288,139403978,139404265,EH38E3665585,EH38E3664653,140557000,140558000,139403000,139404000,1,-1
6664,chr5,140557295,140557636,139403978,139404265,EH38E3665586,EH38E3664653,140557000,140558000,139403000,139404000,1,-1
6665,chr5,140557649,140557851,139403978,139404265,EH38E3665587,EH38E3664653,140557000,140558000,139403000,139404000,1,-1
6666,chr5,141816311,141816489,139403978,139404265,EH38E3666305,EH38E3664653,141816000,141817000,139403000,139404000,2,-1
6667,chr5,141816658,141816996,139403978,139404265,EH38E2415059,EH38E3664653,141816000,141817000,139403000,139404000,2,-1
6668,chr5,141872906,141873253,139403978,139404265,EH38E3666394,EH38E3664653,141872000,141873000,139403000,139404000,1,-1
6669,chr5,142360779,142361128,139403978,139404265,EH38E3666745,EH38E3664653,142361000,142362000,139403000,139404000,1,-1
6670,chr5,137754602,137754952,139403978,139404265,EH38E3663659,EH38E3664653,137754000,137755000,139404000,139405000,1,-1
6671,chr5,138033263,138033446,139403978,139404265,EH38E3663791,EH38E3664653,138033000,138034000,139404000,139405000,1,-1
6672,chr5,138542873,138543066,139403978,139404265,EH38E3664046,EH38E3664653,138542000,138543000,139404000,139405000,2,-1
6673,chr5,138543621,138543799,139403978,139404265,EH38E3664048,EH38E3664653,138543000,138544000,139404000,139405000,1,-1
6674,chr5,138575610,138575960,139403978,139404265,EH38E3664077,EH38E3664653,138575000,138576000,139404000,139405000,1,-1
6675,chr5,138945843,138946013,139403978,139404265,EH38E3664319,EH38E3664653,138945000,138946000,139404000,139405000,1,-1
6676,chr5,139197576,139197735,139403978,139404265,EH38E2413206,EH38E3664653,139197000,139198000,139404000,139405000,1,-1
6677,chr5,139294318,139294613,139403978,139404265,EH38E3664547,EH38E3664653,139294000,139295000,139404000,139405000,2,-1
6678,chr5,139404293,139404482,139403978,139404265,EH38E3664654,EH38E3664653,139404000,139405000,139404000,139405000,349,-1
6679,chr5,139438833,139439002,139403978,139404265,EH38E3664681,EH38E3664653,139438000,139439000,139404000,139405000,6,-1
6680,chr5,139518277,139518522,139403978,139404265,EH38E2413503,EH38E3664653,139518000,139519000,139404000,139405000,8,-1
6681,chr5,139638264,139638611,139403978,139404265,EH38E3664855,EH38E3664653,139638000,139639000,139404000,139405000,7,-1
6682,chr5,139649054,139649235,139403978,139404265,EH38E3664882,EH38E3664653,139649000,139650000,139404000,139405000,5,-1
6683,chr5,139668281,139668629,139403978,139404265,EH38E2413661,EH38E3664653,139668000,139669000,139404000,139405000,1,-1
6684,chr5,139710049,139710250,139403978,139404265,EH38E3665001,EH38E3664653,139710000,139711000,139404000,139405000,3,-1
6685,chr5,139710275,139710623,139403978,139404265,EH38E2413740,EH38E3664653,139710000,139711000,139404000,139405000,3,-1
6686,chr5,138464869,138465218,139439385,139439720,EH38E2412554,EH38E3664683,138465000,138466000,139439000,139440000,2,-1
6687,chr5,138465638,138465793,139439385,139439720,EH38E3663970,EH38E3664683,138465000,138466000,139439000,139440000,2,-1
6688,chr5,138465821,138466052,139439385,139439720,EH38E3663971,EH38E3664683,138465000,138466000,139439000,139440000,2,-1
6689,chr5,138724986,138725143,139439385,139439720,EH38E3664182,EH38E3664683,138725000,138726000,139439000,139440000,1,-1
6690,chr5,138725231,138725581,139439385,139439720,EH38E2412792,EH38E3664683,138725000,138726000,139439000,139440000,1,-1
6691,chr5,138752994,138753174,139439385,139439720,EH38E3664200,EH38E3664683,138753000,138754000,139439000,139440000,1,-1
6692,chr5,138753550,138753873,139439385,139439720,EH38E3664202,EH38E3664683,138753000,138754000,139439000,139440000,1,-1
6693,chr5,138945843,138946013,139439385,139439720,EH38E3664319,EH38E3664683,138946000,138947000,139439000,139440000,1,-1
6694,chr5,139197576,139197735,139439385,139439720,EH38E2413206,EH38E3664683,139197000,139198000,139439000,139440000,1,-1
6695,chr5,139294318,139294613,139439385,139439720,EH38E3664547,EH38E3664683,139294000,139295000,139439000,139440000,1,-1
6696,chr5,139404293,139404482,139439385,139439720,EH38E3664654,EH38E3664683,139404000,139405000,139439000,139440000,5,-1
6697,chr5,139438833,139439002,139439385,139439720,EH38E3664681,EH38E3664683,139438000,139439000,139439000,139440000,177,-1
6698,chr5,139438833,139439002,139439385,139439720,EH38E3664681,EH38E3664683,139439000,139440000,139439000,139440000,337,-1
6699,chr5,139439004,139439354,139439385,139439720,EH38E3664682,EH38E3664683,139439000,139440000,139439000,139440000,337,-1
6700,chr5,139473193,139473455,139439385,139439720,EH38E2413463,EH38E3664683,139473000,139474000,139439000,139440000,13,-1
6701,chr5,139518277,139518522,139439385,139439720,EH38E2413503,EH38E3664683,139518000,139519000,139439000,139440000,4,-1
6702,chr5,139543783,139544119,139439385,139439720,EH38E3664772,EH38E3664683,139543000,139544000,139439000,139440000,3,-1
6703,chr5,139560771,139560979,139439385,139439720,EH38E3664785,EH38E3664683,139560000,139561000,139439000,139440000,4,-1
6704,chr5,139637492,139637829,139439385,139439720,EH38E2413597,EH38E3664683,139637000,139638000,139439000,139440000,2,-1
6705,chr5,139638264,139638611,139439385,139439720,EH38E3664855,EH38E3664683,139638000,139639000,139439000,139440000,2,-1
6706,chr5,139668281,139668629,139439385,139439720,EH38E2413661,EH38E3664683,139668000,139669000,139439000,139440000,1,-1
6707,chr5,139696764,139696915,139439385,139439720,EH38E3664980,EH38E3664683,139696000,139697000,139439000,139440000,1,-1
6708,chr5,139696927,139697274,139439385,139439720,EH38E3664981,EH38E3664683,139696000,139697000,139439000,139440000,1,-1
6709,chr5,139697299,139697552,139439385,139439720,EH38E3664982,EH38E3664683,139697000,139698000,139439000,139440000,2,-1
6710,chr5,139697586,139697793,139439385,139439720,EH38E3664983,EH38E3664683,139697000,139698000,139439000,139440000,2,-1
6711,chr5,139709009,139709183,139439385,139439720,EH38E3664999,EH38E3664683,139709000,139710000,139439000,139440000,3,-1
6712,chr5,139709183,139709533,139439385,139439720,EH38E2413737,EH38E3664683,139709000,139710000,139439000,139440000,3,-1
6713,chr5,139709641,139709990,139439385,139439720,EH38E3665000,EH38E3664683,139709000,139710000,139439000,139440000,3,-1
6714,chr5,139710049,139710250,139439385,139439720,EH38E3665001,EH38E3664683,139710000,139711000,139439000,139440000,5,-1
6715,chr5,139710275,139710623,139439385,139439720,EH38E2413740,EH38E3664683,139710000,139711000,139439000,139440000,5,-1
6716,chr5,140175576,140175920,139439385,139439720,EH38E3665367,EH38E3664683,140175000,140176000,139439000,139440000,1,-1
6717,chr5,140400741,140400995,139439385,139439720,EH38E3665546,EH38E3664683,140400000,140401000,139439000,139440000,1,-1
6718,chr5,140548006,140548354,139439385,139439720,EH38E3665576,EH38E3664683,140548000,140549000,139439000,139440000,1,-1
6719,chr5,141003904,141004108,139439385,139439720,EH38E3665817,EH38E3664683,141004000,141005000,139439000,139440000,1,-1
6720,chr5,141004141,141004489,139439385,139439720,EH38E2414560,EH38E3664683,141004000,141005000,139439000,139440000,1,-1
6721,chr5,141560773,141561107,139439385,139439720,EH38E2414813,EH38E3664683,141560000,141561000,139439000,139440000,1,-1
6722,chr5,142360779,142361128,139439385,139439720,EH38E3666745,EH38E3664683,142360000,142361000,139439000,139440000,1,-1
6723,chr5,138575610,138575960,139561061,139561410,EH38E3664077,EH38E3664786,138575000,138576000,139561000,139562000,2,-1
6724,chr5,138610591,138610872,139561061,139561410,EH38E3664103,EH38E3664786,138610000,138611000,139561000,139562000,2,-1
6725,chr5,138610939,138611134,139561061,139561410,EH38E2412698,EH38E3664786,138610000,138611000,139561000,139562000,2,-1
6726,chr5,138724986,138725143,139561061,139561410,EH38E3664182,EH38E3664786,138725000,138726000,139561000,139562000,1,-1
6727,chr5,138725231,138725581,139561061,139561410,EH38E2412792,EH38E3664786,138725000,138726000,139561000,139562000,1,-1
6728,chr5,139294318,139294613,139561061,139561410,EH38E3664547,EH38E3664786,139294000,139295000,139561000,139562000,2,-1
6729,chr5,139404293,139404482,139561061,139561410,EH38E3664654,EH38E3664786,139404000,139405000,139561000,139562000,4,-1
6730,chr5,139438833,139439002,139561061,139561410,EH38E3664681,EH38E3664786,139438000,139439000,139561000,139562000,4,-1
6731,chr5,139439004,139439354,139561061,139561410,EH38E3664682,EH38E3664786,139439000,139440000,139561000,139562000,8,-1
6732,chr5,139473193,139473455,139561061,139561410,EH38E2413463,EH38E3664786,139473000,139474000,139561000,139562000,4,-1
6733,chr5,139518277,139518522,139561061,139561410,EH38E2413503,EH38E3664786,139518000,139519000,139561000,139562000,35,-1
6734,chr5,139543783,139544119,139561061,139561410,EH38E3664772,EH38E3664786,139543000,139544000,139561000,139562000,7,-1
6735,chr5,139560771,139560979,139561061,139561410,EH38E3664785,EH38E3664786,139560000,139561000,139561000,139562000,249,-1
6736,chr5,139637492,139637829,139561061,139561410,EH38E2413597,EH38E3664786,139637000,139638000,139561000,139562000,8,-1
6737,chr5,139638264,139638611,139561061,139561410,EH38E3664855,EH38E3664786,139638000,139639000,139561000,139562000,3,-1
6738,chr5,139649054,139649235,139561061,139561410,EH38E3664882,EH38E3664786,139649000,139650000,139561000,139562000,5,-1
6739,chr5,139668281,139668629,139561061,139561410,EH38E2413661,EH38E3664786,139668000,139669000,139561000,139562000,3,-1
6740,chr5,139696764,139696915,139561061,139561410,EH38E3664980,EH38E3664786,139696000,139697000,139561000,139562000,2,-1
6741,chr5,139696927,139697274,139561061,139561410,EH38E3664981,EH38E3664786,139696000,139697000,139561000,139562000,2,-1
6742,chr5,139697299,139697552,139561061,139561410,EH38E3664982,EH38E3664786,139697000,139698000,139561000,139562000,6,-1
6743,chr5,139697586,139697793,139561061,139561410,EH38E3664983,EH38E3664786,139697000,139698000,139561000,139562000,6,-1
6744,chr5,139709009,139709183,139561061,139561410,EH38E3664999,EH38E3664786,139709000,139710000,139561000,139562000,5,-1
6745,chr5,139709183,139709533,139561061,139561410,EH38E2413737,EH38E3664786,139709000,139710000,139561000,139562000,5,-1
6746,chr5,139709641,139709990,139561061,139561410,EH38E3665000,EH38E3664786,139709000,139710000,139561000,139562000,5,-1
6747,chr5,139710049,139710250,139561061,139561410,EH38E3665001,EH38E3664786,139710000,139711000,139561000,139562000,5,-1
6748,chr5,139710275,139710623,139561061,139561410,EH38E2413740,EH38E3664786,139710000,139711000,139561000,139562000,5,-1
6749,chr5,140175576,140175920,139561061,139561410,EH38E3665367,EH38E3664786,140175000,140176000,139561000,139562000,1,-1
6750,chr5,140302789,140302948,139561061,139561410,EH38E3665483,EH38E3664786,140302000,140303000,139561000,139562000,1,-1
6751,chr5,140402383,140402732,139561061,139561410,EH38E3665550,EH38E3664786,140402000,140403000,139561000,139562000,1,-1
6752,chr5,140402779,140402961,139561061,139561410,EH38E2414286,EH38E3664786,140402000,140403000,139561000,139562000,1,-1
6753,chr5,141843192,141843533,139561061,139561410,EH38E3666335,EH38E3664786,141843000,141844000,139561000,139562000,1,-1
6754,chr5,138575610,138575960,139561414,139561565,EH38E3664077,EH38E3664787,138575000,138576000,139561000,139562000,2,-1
6755,chr5,138610591,138610872,139561414,139561565,EH38E3664103,EH38E3664787,138610000,138611000,139561000,139562000,2,-1
6756,chr5,138610939,138611134,139561414,139561565,EH38E2412698,EH38E3664787,138610000,138611000,139561000,139562000,2,-1
6757,chr5,138724986,138725143,139561414,139561565,EH38E3664182,EH38E3664787,138725000,138726000,139561000,139562000,1,-1
6758,chr5,138725231,138725581,139561414,139561565,EH38E2412792,EH38E3664787,138725000,138726000,139561000,139562000,1,-1
6759,chr5,139294318,139294613,139561414,139561565,EH38E3664547,EH38E3664787,139294000,139295000,139561000,139562000,2,-1
6760,chr5,139404293,139404482,139561414,139561565,EH38E3664654,EH38E3664787,139404000,139405000,139561000,139562000,4,-1
6761,chr5,139438833,139439002,139561414,139561565,EH38E3664681,EH38E3664787,139438000,139439000,139561000,139562000,4,-1
6762,chr5,139439004,139439354,139561414,139561565,EH38E3664682,EH38E3664787,139439000,139440000,139561000,139562000,8,-1
6763,chr5,139473193,139473455,139561414,139561565,EH38E2413463,EH38E3664787,139473000,139474000,139561000,139562000,4,-1
6764,chr5,139518277,139518522,139561414,139561565,EH38E2413503,EH38E3664787,139518000,139519000,139561000,139562000,35,-1
6765,chr5,139543783,139544119,139561414,139561565,EH38E3664772,EH38E3664787,139543000,139544000,139561000,139562000,7,-1
6766,chr5,139560771,139560979,139561414,139561565,EH38E3664785,EH38E3664787,139560000,139561000,139561000,139562000,249,-1
6767,chr5,139637492,139637829,139561414,139561565,EH38E2413597,EH38E3664787,139637000,139638000,139561000,139562000,8,-1
6768,chr5,139638264,139638611,139561414,139561565,EH38E3664855,EH38E3664787,139638000,139639000,139561000,139562000,3,-1
6769,chr5,139649054,139649235,139561414,139561565,EH38E3664882,EH38E3664787,139649000,139650000,139561000,139562000,5,-1
6770,chr5,139668281,139668629,139561414,139561565,EH38E2413661,EH38E3664787,139668000,139669000,139561000,139562000,3,-1
6771,chr5,139696764,139696915,139561414,139561565,EH38E3664980,EH38E3664787,139696000,139697000,139561000,139562000,2,-1
6772,chr5,139696927,139697274,139561414,139561565,EH38E3664981,EH38E3664787,139696000,139697000,139561000,139562000,2,-1
6773,chr5,139697299,139697552,139561414,139561565,EH38E3664982,EH38E3664787,139697000,139698000,139561000,139562000,6,-1
6774,chr5,139697586,139697793,139561414,139561565,EH38E3664983,EH38E3664787,139697000,139698000,139561000,139562000,6,-1
6775,chr5,139709009,139709183,139561414,139561565,EH38E3664999,EH38E3664787,139709000,139710000,139561000,139562000,5,-1
6776,chr5,139709183,139709533,139561414,139561565,EH38E2413737,EH38E3664787,139709000,139710000,139561000,139562000,5,-1
6777,chr5,139709641,139709990,139561414,139561565,EH38E3665000,EH38E3664787,139709000,139710000,139561000,139562000,5,-1
6778,chr5,139710049,139710250,139561414,139561565,EH38E3665001,EH38E3664787,139710000,139711000,139561000,139562000,5,-1
6779,chr5,139710275,139710623,139561414,139561565,EH38E2413740,EH38E3664787,139710000,139711000,139561000,139562000,5,-1
6780,chr5,140175576,140175920,139561414,139561565,EH38E3665367,EH38E3664787,140175000,140176000,139561000,139562000,1,-1
6781,chr5,140302789,140302948,139561414,139561565,EH38E3665483,EH38E3664787,140302000,140303000,139561000,139562000,1,-1
6782,chr5,140402383,140402732,139561414,139561565,EH38E3665550,EH38E3664787,140402000,140403000,139561000,139562000,1,-1
6783,chr5,140402779,140402961,139561414,139561565,EH38E2414286,EH38E3664787,140402000,140403000,139561000,139562000,1,-1
6784,chr5,141843192,141843533,139561414,139561565,EH38E3666335,EH38E3664787,141843000,141844000,139561000,139562000,1,-1
6785,chr5,138464869,138465218,139648135,139648473,EH38E2412554,EH38E3664880,138465000,138466000,139648000,139649000,1,-1
6786,chr5,138465638,138465793,139648135,139648473,EH38E3663970,EH38E3664880,138465000,138466000,139648000,139649000,1,-1
6787,chr5,138465821,138466052,139648135,139648473,EH38E3663971,EH38E3664880,138465000,138466000,139648000,139649000,1,-1
6788,chr5,138610591,138610872,139648135,139648473,EH38E3664103,EH38E3664880,138610000,138611000,139648000,139649000,1,-1
6789,chr5,138610939,138611134,139648135,139648473,EH38E2412698,EH38E3664880,138610000,138611000,139648000,139649000,1,-1
6790,chr5,138752362,138752541,139648135,139648473,EH38E3664198,EH38E3664880,138752000,138753000,139648000,139649000,2,-1
6791,chr5,138752994,138753174,139648135,139648473,EH38E3664200,EH38E3664880,138752000,138753000,139648000,139649000,2,-1
6792,chr5,138884157,138884395,139648135,139648473,EH38E2412928,EH38E3664880,138884000,138885000,139648000,139649000,1,-1
6793,chr5,138884639,138884789,139648135,139648473,EH38E2412929,EH38E3664880,138884000,138885000,139648000,139649000,1,-1
6794,chr5,139404293,139404482,139648135,139648473,EH38E3664654,EH38E3664880,139404000,139405000,139648000,139649000,3,-1
6795,chr5,139438833,139439002,139648135,139648473,EH38E3664681,EH38E3664880,139439000,139440000,139648000,139649000,3,-1
6796,chr5,139439004,139439354,139648135,139648473,EH38E3664682,EH38E3664880,139439000,139440000,139648000,139649000,3,-1
6797,chr5,139473193,139473455,139648135,139648473,EH38E2413463,EH38E3664880,139473000,139474000,139648000,139649000,7,-1
6798,chr5,139518277,139518522,139648135,139648473,EH38E2413503,EH38E3664880,139518000,139519000,139648000,139649000,4,-1
6799,chr5,139543783,139544119,139648135,139648473,EH38E3664772,EH38E3664880,139543000,139544000,139648000,139649000,2,-1
6800,chr5,139560771,139560979,139648135,139648473,EH38E3664785,EH38E3664880,139560000,139561000,139648000,139649000,1,-1
6801,chr5,139637492,139637829,139648135,139648473,EH38E2413597,EH38E3664880,139637000,139638000,139648000,139649000,133,-1
6802,chr5,139638264,139638611,139648135,139648473,EH38E3664855,EH38E3664880,139638000,139639000,139648000,139649000,127,-1
6803,chr5,139649054,139649235,139648135,139648473,EH38E3664882,EH38E3664880,139649000,139650000,139648000,139649000,731,-1
6804,chr5,139668281,139668629,139648135,139648473,EH38E2413661,EH38E3664880,139668000,139669000,139648000,139649000,19,-1
6805,chr5,139696764,139696915,139648135,139648473,EH38E3664980,EH38E3664880,139696000,139697000,139648000,139649000,15,-1
6806,chr5,139696927,139697274,139648135,139648473,EH38E3664981,EH38E3664880,139696000,139697000,139648000,139649000,15,-1
6807,chr5,139697299,139697552,139648135,139648473,EH38E3664982,EH38E3664880,139697000,139698000,139648000,139649000,34,-1
6808,chr5,139697586,139697793,139648135,139648473,EH38E3664983,EH38E3664880,139697000,139698000,139648000,139649000,34,-1
6809,chr5,139709009,139709183,139648135,139648473,EH38E3664999,EH38E3664880,139709000,139710000,139648000,139649000,69,-1
6810,chr5,139709183,139709533,139648135,139648473,EH38E2413737,EH38E3664880,139709000,139710000,139648000,139649000,69,-1
6811,chr5,139709641,139709990,139648135,139648473,EH38E3665000,EH38E3664880,139709000,139710000,139648000,139649000,69,-1
6812,chr5,139710049,139710250,139648135,139648473,EH38E3665001,EH38E3664880,139710000,139711000,139648000,139649000,26,-1
6813,chr5,139710275,139710623,139648135,139648473,EH38E2413740,EH38E3664880,139710000,139711000,139648000,139649000,26,-1
6814,chr5,140639663,140639843,139648135,139648473,EH38E3665656,EH38E3664880,140639000,140640000,139648000,139649000,1,-1
6815,chr5,141680849,141681199,139648135,139648473,EH38E2414910,EH38E3664880,141681000,141682000,139648000,139649000,1,-1
6816,chr5,141681740,141682084,139648135,139648473,EH38E3666188,EH38E3664880,141681000,141682000,139648000,139649000,1,-1
6817,chr5,142108926,142109085,139648135,139648473,EH38E3666564,EH38E3664880,142109000,142110000,139648000,139649000,1,-1
6818,chr5,138464869,138465218,139648646,139648994,EH38E2412554,EH38E3664881,138465000,138466000,139648000,139649000,1,-1
6819,chr5,138465638,138465793,139648646,139648994,EH38E3663970,EH38E3664881,138465000,138466000,139648000,139649000,1,-1
6820,chr5,138465821,138466052,139648646,139648994,EH38E3663971,EH38E3664881,138465000,138466000,139648000,139649000,1,-1
6821,chr5,138610591,138610872,139648646,139648994,EH38E3664103,EH38E3664881,138610000,138611000,139648000,139649000,1,-1
6822,chr5,138610939,138611134,139648646,139648994,EH38E2412698,EH38E3664881,138610000,138611000,139648000,139649000,1,-1
6823,chr5,138752362,138752541,139648646,139648994,EH38E3664198,EH38E3664881,138752000,138753000,139648000,139649000,2,-1
6824,chr5,138752994,138753174,139648646,139648994,EH38E3664200,EH38E3664881,138752000,138753000,139648000,139649000,2,-1
6825,chr5,138884157,138884395,139648646,139648994,EH38E2412928,EH38E3664881,138884000,138885000,139648000,139649000,1,-1
6826,chr5,138884639,138884789,139648646,139648994,EH38E2412929,EH38E3664881,138884000,138885000,139648000,139649000,1,-1
6827,chr5,139404293,139404482,139648646,139648994,EH38E3664654,EH38E3664881,139404000,139405000,139648000,139649000,3,-1
6828,chr5,139438833,139439002,139648646,139648994,EH38E3664681,EH38E3664881,139439000,139440000,139648000,139649000,3,-1
6829,chr5,139439004,139439354,139648646,139648994,EH38E3664682,EH38E3664881,139439000,139440000,139648000,139649000,3,-1
6830,chr5,139473193,139473455,139648646,139648994,EH38E2413463,EH38E3664881,139473000,139474000,139648000,139649000,7,-1
6831,chr5,139518277,139518522,139648646,139648994,EH38E2413503,EH38E3664881,139518000,139519000,139648000,139649000,4,-1
6832,chr5,139543783,139544119,139648646,139648994,EH38E3664772,EH38E3664881,139543000,139544000,139648000,139649000,2,-1
6833,chr5,139560771,139560979,139648646,139648994,EH38E3664785,EH38E3664881,139560000,139561000,139648000,139649000,1,-1
6834,chr5,139637492,139637829,139648646,139648994,EH38E2413597,EH38E3664881,139637000,139638000,139648000,139649000,133,-1
6835,chr5,139638264,139638611,139648646,139648994,EH38E3664855,EH38E3664881,139638000,139639000,139648000,139649000,127,-1
6836,chr5,139649054,139649235,139648646,139648994,EH38E3664882,EH38E3664881,139649000,139650000,139648000,139649000,731,-1
6837,chr5,139668281,139668629,139648646,139648994,EH38E2413661,EH38E3664881,139668000,139669000,139648000,139649000,19,-1
6838,chr5,139696764,139696915,139648646,139648994,EH38E3664980,EH38E3664881,139696000,139697000,139648000,139649000,15,-1
6839,chr5,139696927,139697274,139648646,139648994,EH38E3664981,EH38E3664881,139696000,139697000,139648000,139649000,15,-1
6840,chr5,139697299,139697552,139648646,139648994,EH38E3664982,EH38E3664881,139697000,139698000,139648000,139649000,34,-1
6841,chr5,139697586,139697793,139648646,139648994,EH38E3664983,EH38E3664881,139697000,139698000,139648000,139649000,34,-1
6842,chr5,139709009,139709183,139648646,139648994,EH38E3664999,EH38E3664881,139709000,139710000,139648000,139649000,69,-1
6843,chr5,139709183,139709533,139648646,139648994,EH38E2413737,EH38E3664881,139709000,139710000,139648000,139649000,69,-1
6844,chr5,139709641,139709990,139648646,139648994,EH38E3665000,EH38E3664881,139709000,139710000,139648000,139649000,69,-1
6845,chr5,139710049,139710250,139648646,139648994,EH38E3665001,EH38E3664881,139710000,139711000,139648000,139649000,26,-1
6846,chr5,139710275,139710623,139648646,139648994,EH38E2413740,EH38E3664881,139710000,139711000,139648000,139649000,26,-1
6847,chr5,140639663,140639843,139648646,139648994,EH38E3665656,EH38E3664881,140639000,140640000,139648000,139649000,1,-1
6848,chr5,141680849,141681199,139648646,139648994,EH38E2414910,EH38E3664881,141681000,141682000,139648000,139649000,1,-1
6849,chr5,141681740,141682084,139648646,139648994,EH38E3666188,EH38E3664881,141681000,141682000,139648000,139649000,1,-1
6850,chr5,142108926,142109085,139648646,139648994,EH38E3666564,EH38E3664881,142109000,142110000,139648000,139649000,1,-1
6851,chr5,137752975,137753180,139649764,139649962,EH38E3663655,EH38E3664884,137753000,137754000,139649000,139650000,1,-1
6852,chr5,138337648,138337826,139649764,139649962,EH38E3663889,EH38E3664884,138337000,138338000,139649000,139650000,2,-1
6853,chr5,138337834,138338076,139649764,139649962,EH38E2412467,EH38E3664884,138337000,138338000,139649000,139650000,2,-1
6854,chr5,138576087,138576388,139649764,139649962,EH38E3664078,EH38E3664884,138576000,138577000,139649000,139650000,1,-1
6855,chr5,139294318,139294613,139649764,139649962,EH38E3664547,EH38E3664884,139294000,139295000,139649000,139650000,1,-1
6856,chr5,139404293,139404482,139649764,139649962,EH38E3664654,EH38E3664884,139404000,139405000,139649000,139650000,5,-1
6857,chr5,139438833,139439002,139649764,139649962,EH38E3664681,EH38E3664884,139438000,139439000,139649000,139650000,1,-1
6858,chr5,139473193,139473455,139649764,139649962,EH38E2413463,EH38E3664884,139473000,139474000,139649000,139650000,2,-1
6859,chr5,139518277,139518522,139649764,139649962,EH38E2413503,EH38E3664884,139518000,139519000,139649000,139650000,6,-1
6860,chr5,139543783,139544119,139649764,139649962,EH38E3664772,EH38E3664884,139543000,139544000,139649000,139650000,2,-1
6861,chr5,139560771,139560979,139649764,139649962,EH38E3664785,EH38E3664884,139560000,139561000,139649000,139650000,2,-1
6862,chr5,139637492,139637829,139649764,139649962,EH38E2413597,EH38E3664884,139637000,139638000,139649000,139650000,98,-1
6863,chr5,139638264,139638611,139649764,139649962,EH38E3664855,EH38E3664884,139638000,139639000,139649000,139650000,75,-1
6864,chr5,139649054,139649235,139649764,139649962,EH38E3664882,EH38E3664884,139649000,139650000,139649000,139650000,1173,-1
6865,chr5,139668281,139668629,139649764,139649962,EH38E2413661,EH38E3664884,139668000,139669000,139649000,139650000,26,-1
6866,chr5,139696764,139696915,139649764,139649962,EH38E3664980,EH38E3664884,139696000,139697000,139649000,139650000,21,-1
6867,chr5,139696927,139697274,139649764,139649962,EH38E3664981,EH38E3664884,139696000,139697000,139649000,139650000,21,-1
6868,chr5,139697299,139697552,139649764,139649962,EH38E3664982,EH38E3664884,139697000,139698000,139649000,139650000,38,-1
6869,chr5,139697586,139697793,139649764,139649962,EH38E3664983,EH38E3664884,139697000,139698000,139649000,139650000,38,-1
6870,chr5,139709009,139709183,139649764,139649962,EH38E3664999,EH38E3664884,139709000,139710000,139649000,139650000,69,-1
6871,chr5,139709183,139709533,139649764,139649962,EH38E2413737,EH38E3664884,139709000,139710000,139649000,139650000,69,-1
6872,chr5,139709641,139709990,139649764,139649962,EH38E3665000,EH38E3664884,139709000,139710000,139649000,139650000,69,-1
6873,chr5,139710049,139710250,139649764,139649962,EH38E3665001,EH38E3664884,139710000,139711000,139649000,139650000,29,-1
6874,chr5,139710275,139710623,139649764,139649962,EH38E2413740,EH38E3664884,139710000,139711000,139649000,139650000,29,-1
6875,chr5,140242160,140242435,139649764,139649962,EH38E3665424,EH38E3664884,140242000,140243000,139649000,139650000,1,-1
6876,chr5,140302789,140302948,139649764,139649962,EH38E3665483,EH38E3664884,140302000,140303000,139649000,139650000,2,-1
6877,chr5,140400741,140400995,139649764,139649962,EH38E3665546,EH38E3664884,140400000,140401000,139649000,139650000,1,-1
6878,chr5,140402383,140402732,139649764,139649962,EH38E3665550,EH38E3664884,140402000,140403000,139649000,139650000,1,-1
6879,chr5,140402779,140402961,139649764,139649962,EH38E2414286,EH38E3664884,140402000,140403000,139649000,139650000,1,-1
6880,chr5,141636472,141636648,139649764,139649962,EH38E2414875,EH38E3664884,141636000,141637000,139649000,139650000,1,-1
6881,chr5,141816311,141816489,139649764,139649962,EH38E3666305,EH38E3664884,141816000,141817000,139649000,139650000,1,-1
6882,chr5,141816658,141816996,139649764,139649962,EH38E2415059,EH38E3664884,141816000,141817000,139649000,139650000,1,-1
6883,chr5,141849015,141849305,139649764,139649962,EH38E3666347,EH38E3664884,141849000,141850000,139649000,139650000,1,-1
6884,chr5,141849357,141849546,139649764,139649962,EH38E2415104,EH38E3664884,141849000,141850000,139649000,139650000,1,-1
6885,chr5,141849598,141849945,139649764,139649962,EH38E3666348,EH38E3664884,141849000,141850000,139649000,139650000,1,-1
6886,chr5,141850776,141851102,139649764,139649962,EH38E3666351,EH38E3664884,141851000,141852000,139649000,139650000,1,-1
6887,chr5,141851169,141851373,139649764,139649962,EH38E3666352,EH38E3664884,141851000,141852000,139649000,139650000,1,-1
6888,chr5,142108926,142109085,139649764,139649962,EH38E3666564,EH38E3664884,142108000,142109000,139649000,139650000,1,-1
6889,chr5,138331436,138331613,139745990,139746153,EH38E3663885,EH38E2413772,138331000,138332000,139745000,139746000,1,-1
6890,chr5,138464007,138464356,139745990,139746153,EH38E2412551,EH38E2413772,138464000,138465000,139745000,139746000,1,-1
6891,chr5,138464399,138464600,139745990,139746153,EH38E2412552,EH38E2413772,138464000,138465000,139745000,139746000,1,-1
6892,chr5,138464708,138464867,139745990,139746153,EH38E3663968,EH38E2413772,138464000,138465000,139745000,139746000,1,-1
6893,chr5,138464869,138465218,139745990,139746153,EH38E2412554,EH38E2413772,138464000,138465000,139745000,139746000,1,-1
6894,chr5,138575610,138575960,139745990,139746153,EH38E3664077,EH38E2413772,138575000,138576000,139745000,139746000,1,-1
6895,chr5,138724986,138725143,139745990,139746153,EH38E3664182,EH38E2413772,138725000,138726000,139745000,139746000,1,-1
6896,chr5,138725231,138725581,139745990,139746153,EH38E2412792,EH38E2413772,138725000,138726000,139745000,139746000,1,-1
6897,chr5,138752362,138752541,139745990,139746153,EH38E3664198,EH38E2413772,138752000,138753000,139745000,139746000,2,-1
6898,chr5,138752994,138753174,139745990,139746153,EH38E3664200,EH38E2413772,138752000,138753000,139745000,139746000,2,-1
6899,chr5,139404293,139404482,139745990,139746153,EH38E3664654,EH38E2413772,139404000,139405000,139745000,139746000,2,-1
6900,chr5,139439004,139439354,139745990,139746153,EH38E3664682,EH38E2413772,139439000,139440000,139745000,139746000,2,-1
6901,chr5,139560771,139560979,139745990,139746153,EH38E3664785,EH38E2413772,139560000,139561000,139745000,139746000,1,-1
6902,chr5,139668281,139668629,139745990,139746153,EH38E2413661,EH38E2413772,139668000,139669000,139745000,139746000,13,-1
6903,chr5,139696764,139696915,139745990,139746153,EH38E3664980,EH38E2413772,139696000,139697000,139745000,139746000,16,-1
6904,chr5,139696927,139697274,139745990,139746153,EH38E3664981,EH38E2413772,139696000,139697000,139745000,139746000,16,-1
6905,chr5,140174554,140174773,139745990,139746153,EH38E2414069,EH38E2413772,140174000,140175000,139745000,139746000,2,-1
6906,chr5,140175576,140175920,139745990,139746153,EH38E3665367,EH38E2413772,140175000,140176000,139745000,139746000,1,-1
6907,chr5,140400741,140400995,139745990,139746153,EH38E3665546,EH38E2413772,140400000,140401000,139745000,139746000,1,-1
6908,chr5,141680849,141681199,139745990,139746153,EH38E2414910,EH38E2413772,141681000,141682000,139745000,139746000,1,-1
6909,chr5,141681740,141682084,139745990,139746153,EH38E3666188,EH38E2413772,141681000,141682000,139745000,139746000,1,-1
6910,chr5,142235945,142236216,139745990,139746153,EH38E3666643,EH38E2413772,142236000,142237000,139745000,139746000,1,-1
6911,chr5,138033263,138033446,139745990,139746153,EH38E3663791,EH38E2413772,138033000,138034000,139746000,139747000,2,-1
6912,chr5,138337648,138337826,139745990,139746153,EH38E3663889,EH38E2413772,138337000,138338000,139746000,139747000,1,-1
6913,chr5,138337834,138338076,139745990,139746153,EH38E2412467,EH38E2413772,138337000,138338000,139746000,139747000,1,-1
6914,chr5,138465821,138466052,139745990,139746153,EH38E3663971,EH38E2413772,138466000,138467000,139746000,139747000,1,-1
6915,chr5,138542873,138543066,139745990,139746153,EH38E3664046,EH38E2413772,138543000,138544000,139746000,139747000,1,-1
6916,chr5,138543621,138543799,139745990,139746153,EH38E3664048,EH38E2413772,138543000,138544000,139746000,139747000,1,-1
6917,chr5,138610591,138610872,139745990,139746153,EH38E3664103,EH38E2413772,138610000,138611000,139746000,139747000,1,-1
6918,chr5,138610939,138611134,139745990,139746153,EH38E2412698,EH38E2413772,138610000,138611000,139746000,139747000,1,-1
6919,chr5,138753550,138753873,139745990,139746153,EH38E3664202,EH38E2413772,138753000,138754000,139746000,139747000,1,-1
6920,chr5,138754172,138754518,139745990,139746153,EH38E2412816,EH38E2413772,138754000,138755000,139746000,139747000,1,-1
6921,chr5,139197576,139197735,139745990,139746153,EH38E2413206,EH38E2413772,139197000,139198000,139746000,139747000,1,-1
6922,chr5,139438833,139439002,139745990,139746153,EH38E3664681,EH38E2413772,139438000,139439000,139746000,139747000,2,-1
6923,chr5,139473193,139473455,139745990,139746153,EH38E2413463,EH38E2413772,139473000,139474000,139746000,139747000,3,-1
6924,chr5,139518277,139518522,139745990,139746153,EH38E2413503,EH38E2413772,139518000,139519000,139746000,139747000,9,-1
6925,chr5,139543783,139544119,139745990,139746153,EH38E3664772,EH38E2413772,139543000,139544000,139746000,139747000,1,-1
6926,chr5,139637492,139637829,139745990,139746153,EH38E2413597,EH38E2413772,139637000,139638000,139746000,139747000,19,-1
6927,chr5,139638264,139638611,139745990,139746153,EH38E3664855,EH38E2413772,139638000,139639000,139746000,139747000,19,-1
6928,chr5,139649054,139649235,139745990,139746153,EH38E3664882,EH38E2413772,139649000,139650000,139746000,139747000,24,-1
6929,chr5,139697299,139697552,139745990,139746153,EH38E3664982,EH38E2413772,139697000,139698000,139746000,139747000,34,-1
6930,chr5,139697586,139697793,139745990,139746153,EH38E3664983,EH38E2413772,139697000,139698000,139746000,139747000,34,-1
6931,chr5,139709009,139709183,139745990,139746153,EH38E3664999,EH38E2413772,139709000,139710000,139746000,139747000,41,-1
6932,chr5,139709183,139709533,139745990,139746153,EH38E2413737,EH38E2413772,139709000,139710000,139746000,139747000,41,-1
6933,chr5,139709641,139709990,139745990,139746153,EH38E3665000,EH38E2413772,139709000,139710000,139746000,139747000,41,-1
6934,chr5,139710049,139710250,139745990,139746153,EH38E3665001,EH38E2413772,139710000,139711000,139746000,139747000,32,-1
6935,chr5,139710275,139710623,139745990,139746153,EH38E2413740,EH38E2413772,139710000,139711000,139746000,139747000,32,-1
6936,chr5,141040092,141040442,139745990,139746153,EH38E2414570,EH38E2413772,141040000,141041000,139746000,139747000,1,-1
6937,chr5,141040503,141040704,139745990,139746153,EH38E2414571,EH38E2413772,141040000,141041000,139746000,139747000,1,-1
6938,chr5,141040857,141041033,139745990,139746153,EH38E2414572,EH38E2413772,141040000,141041000,139746000,139747000,1,-1
6939,chr5,141849015,141849305,139745990,139746153,EH38E3666347,EH38E2413772,141849000,141850000,139746000,139747000,1,-1
6940,chr5,141849357,141849546,139745990,139746153,EH38E2415104,EH38E2413772,141849000,141850000,139746000,139747000,1,-1
6941,chr5,141849598,141849945,139745990,139746153,EH38E3666348,EH38E2413772,141849000,141850000,139746000,139747000,1,-1
6942,chr5,141850776,141851102,139745990,139746153,EH38E3666351,EH38E2413772,141851000,141852000,139746000,139747000,1,-1
6943,chr5,141851169,141851373,139745990,139746153,EH38E3666352,EH38E2413772,141851000,141852000,139746000,139747000,1,-1
6944,chr5,138033263,138033446,139746157,139746447,EH38E3663791,EH38E2413773,138033000,138034000,139746000,139747000,2,-1
6945,chr5,138337648,138337826,139746157,139746447,EH38E3663889,EH38E2413773,138337000,138338000,139746000,139747000,1,-1
6946,chr5,138337834,138338076,139746157,139746447,EH38E2412467,EH38E2413773,138337000,138338000,139746000,139747000,1,-1
6947,chr5,138465821,138466052,139746157,139746447,EH38E3663971,EH38E2413773,138466000,138467000,139746000,139747000,1,-1
6948,chr5,138542873,138543066,139746157,139746447,EH38E3664046,EH38E2413773,138543000,138544000,139746000,139747000,1,-1
6949,chr5,138543621,138543799,139746157,139746447,EH38E3664048,EH38E2413773,138543000,138544000,139746000,139747000,1,-1
6950,chr5,138610591,138610872,139746157,139746447,EH38E3664103,EH38E2413773,138610000,138611000,139746000,139747000,1,-1
6951,chr5,138610939,138611134,139746157,139746447,EH38E2412698,EH38E2413773,138610000,138611000,139746000,139747000,1,-1
6952,chr5,138752362,138752541,139746157,139746447,EH38E3664198,EH38E2413773,138752000,138753000,139746000,139747000,1,-1
6953,chr5,138752994,138753174,139746157,139746447,EH38E3664200,EH38E2413773,138752000,138753000,139746000,139747000,1,-1
6954,chr5,138753550,138753873,139746157,139746447,EH38E3664202,EH38E2413773,138753000,138754000,139746000,139747000,1,-1
6955,chr5,138754172,138754518,139746157,139746447,EH38E2412816,EH38E2413773,138754000,138755000,139746000,139747000,1,-1
6956,chr5,139197576,139197735,139746157,139746447,EH38E2413206,EH38E2413773,139197000,139198000,139746000,139747000,1,-1
6957,chr5,139404293,139404482,139746157,139746447,EH38E3664654,EH38E2413773,139404000,139405000,139746000,139747000,2,-1
6958,chr5,139438833,139439002,139746157,139746447,EH38E3664681,EH38E2413773,139438000,139439000,139746000,139747000,2,-1
6959,chr5,139439004,139439354,139746157,139746447,EH38E3664682,EH38E2413773,139439000,139440000,139746000,139747000,1,-1
6960,chr5,139473193,139473455,139746157,139746447,EH38E2413463,EH38E2413773,139473000,139474000,139746000,139747000,3,-1
6961,chr5,139518277,139518522,139746157,139746447,EH38E2413503,EH38E2413773,139518000,139519000,139746000,139747000,9,-1
6962,chr5,139543783,139544119,139746157,139746447,EH38E3664772,EH38E2413773,139543000,139544000,139746000,139747000,1,-1
6963,chr5,139637492,139637829,139746157,139746447,EH38E2413597,EH38E2413773,139637000,139638000,139746000,139747000,19,-1
6964,chr5,139638264,139638611,139746157,139746447,EH38E3664855,EH38E2413773,139638000,139639000,139746000,139747000,19,-1
6965,chr5,139649054,139649235,139746157,139746447,EH38E3664882,EH38E2413773,139649000,139650000,139746000,139747000,24,-1
6966,chr5,139668281,139668629,139746157,139746447,EH38E2413661,EH38E2413773,139668000,139669000,139746000,139747000,11,-1
6967,chr5,139696764,139696915,139746157,139746447,EH38E3664980,EH38E2413773,139696000,139697000,139746000,139747000,6,-1
6968,chr5,139696927,139697274,139746157,139746447,EH38E3664981,EH38E2413773,139696000,139697000,139746000,139747000,6,-1
6969,chr5,139697299,139697552,139746157,139746447,EH38E3664982,EH38E2413773,139697000,139698000,139746000,139747000,34,-1
6970,chr5,139697586,139697793,139746157,139746447,EH38E3664983,EH38E2413773,139697000,139698000,139746000,139747000,34,-1
6971,chr5,139709009,139709183,139746157,139746447,EH38E3664999,EH38E2413773,139709000,139710000,139746000,139747000,41,-1
6972,chr5,139709183,139709533,139746157,139746447,EH38E2413737,EH38E2413773,139709000,139710000,139746000,139747000,41,-1
6973,chr5,139709641,139709990,139746157,139746447,EH38E3665000,EH38E2413773,139709000,139710000,139746000,139747000,41,-1
6974,chr5,139710049,139710250,139746157,139746447,EH38E3665001,EH38E2413773,139710000,139711000,139746000,139747000,32,-1
6975,chr5,139710275,139710623,139746157,139746447,EH38E2413740,EH38E2413773,139710000,139711000,139746000,139747000,32,-1
6976,chr5,140174554,140174773,139746157,139746447,EH38E2414069,EH38E2413773,140174000,140175000,139746000,139747000,1,-1
6977,chr5,140175576,140175920,139746157,139746447,EH38E3665367,EH38E2413773,140175000,140176000,139746000,139747000,1,-1
6978,chr5,141040092,141040442,139746157,139746447,EH38E2414570,EH38E2413773,141040000,141041000,139746000,139747000,1,-1
6979,chr5,141040503,141040704,139746157,139746447,EH38E2414571,EH38E2413773,141040000,141041000,139746000,139747000,1,-1
6980,chr5,141040857,141041033,139746157,139746447,EH38E2414572,EH38E2413773,141040000,141041000,139746000,139747000,1,-1
6981,chr5,141680849,141681199,139746157,139746447,EH38E2414910,EH38E2413773,141680000,141681000,139746000,139747000,1,-1
6982,chr5,141849015,141849305,139746157,139746447,EH38E3666347,EH38E2413773,141849000,141850000,139746000,139747000,1,-1
6983,chr5,141849357,141849546,139746157,139746447,EH38E2415104,EH38E2413773,141849000,141850000,139746000,139747000,1,-1
6984,chr5,141849598,141849945,139746157,139746447,EH38E3666348,EH38E2413773,141849000,141850000,139746000,139747000,1,-1
6985,chr5,141850776,141851102,139746157,139746447,EH38E3666351,EH38E2413773,141851000,141852000,139746000,139747000,1,-1
6986,chr5,141851169,141851373,139746157,139746447,EH38E3666352,EH38E2413773,141851000,141852000,139746000,139747000,1,-1
6987,chr5,138542873,138543066,139795675,139795900,EH38E3664046,EH38E3665102,138543000,138544000,139795000,139796000,1,-1
6988,chr5,138543621,138543799,139795675,139795900,EH38E3664048,EH38E3665102,138543000,138544000,139795000,139796000,1,-1
6989,chr5,138724986,138725143,139795675,139795900,EH38E3664182,EH38E3665102,138724000,138725000,139795000,139796000,1,-1
6990,chr5,139518277,139518522,139795675,139795900,EH38E2413503,EH38E3665102,139518000,139519000,139795000,139796000,4,-1
6991,chr5,139543783,139544119,139795675,139795900,EH38E3664772,EH38E3665102,139543000,139544000,139795000,139796000,1,-1
6992,chr5,139637492,139637829,139795675,139795900,EH38E2413597,EH38E3665102,139637000,139638000,139795000,139796000,3,-1
6993,chr5,139638264,139638611,139795675,139795900,EH38E3664855,EH38E3665102,139638000,139639000,139795000,139796000,4,-1
6994,chr5,139649054,139649235,139795675,139795900,EH38E3664882,EH38E3665102,139649000,139650000,139795000,139796000,5,-1
6995,chr5,139668281,139668629,139795675,139795900,EH38E2413661,EH38E3665102,139668000,139669000,139795000,139796000,2,-1
6996,chr5,139696764,139696915,139795675,139795900,EH38E3664980,EH38E3665102,139696000,139697000,139795000,139796000,1,-1
6997,chr5,139696927,139697274,139795675,139795900,EH38E3664981,EH38E3665102,139696000,139697000,139795000,139796000,1,-1
6998,chr5,139697299,139697552,139795675,139795900,EH38E3664982,EH38E3665102,139697000,139698000,139795000,139796000,6,-1
6999,chr5,139697586,139697793,139795675,139795900,EH38E3664983,EH38E3665102,139697000,139698000,139795000,139796000,6,-1
7000,chr5,139709009,139709183,139795675,139795900,EH38E3664999,EH38E3665102,139709000,139710000,139795000,139796000,5,-1
7001,chr5,139709183,139709533,139795675,139795900,EH38E2413737,EH38E3665102,139709000,139710000,139795000,139796000,5,-1
7002,chr5,139709641,139709990,139795675,139795900,EH38E3665000,EH38E3665102,139709000,139710000,139795000,139796000,5,-1
7003,chr5,139710049,139710250,139795675,139795900,EH38E3665001,EH38E3665102,139710000,139711000,139795000,139796000,4,-1
7004,chr5,139710275,139710623,139795675,139795900,EH38E2413740,EH38E3665102,139710000,139711000,139795000,139796000,4,-1
7005,chr5,140175576,140175920,139795675,139795900,EH38E3665367,EH38E3665102,140175000,140176000,139795000,139796000,3,-1
7006,chr5,140241355,140241702,139795675,139795900,EH38E3665423,EH38E3665102,140241000,140242000,139795000,139796000,1,-1
7007,chr5,140400741,140400995,139795675,139795900,EH38E3665546,EH38E3665102,140400000,140401000,139795000,139796000,1,-1
7008,chr5,142684640,142684990,139795675,139795900,EH38E3666926,EH38E3665102,142684000,142685000,139795000,139796000,1,-1
7009,chr5,138352905,138353252,139848126,139848475,EH38E3663904,EH38E3665141,138352000,138353000,139848000,139849000,1,-1
7010,chr5,138463808,138463965,139848126,139848475,EH38E3663967,EH38E3665141,138463000,138464000,139848000,139849000,1,-1
7011,chr5,138724986,138725143,139848126,139848475,EH38E3664182,EH38E3665141,138724000,138725000,139848000,139849000,1,-1
7012,chr5,139404293,139404482,139848126,139848475,EH38E3664654,EH38E3665141,139404000,139405000,139848000,139849000,1,-1
7013,chr5,139438833,139439002,139848126,139848475,EH38E3664681,EH38E3665141,139438000,139439000,139848000,139849000,1,-1
7014,chr5,139473193,139473455,139848126,139848475,EH38E2413463,EH38E3665141,139473000,139474000,139848000,139849000,1,-1
7015,chr5,139518277,139518522,139848126,139848475,EH38E2413503,EH38E3665141,139518000,139519000,139848000,139849000,1,-1
7016,chr5,139560771,139560979,139848126,139848475,EH38E3664785,EH38E3665141,139560000,139561000,139848000,139849000,1,-1
7017,chr5,139637492,139637829,139848126,139848475,EH38E2413597,EH38E3665141,139637000,139638000,139848000,139849000,3,-1
7018,chr5,139638264,139638611,139848126,139848475,EH38E3664855,EH38E3665141,139638000,139639000,139848000,139849000,4,-1
7019,chr5,139649054,139649235,139848126,139848475,EH38E3664882,EH38E3665141,139649000,139650000,139848000,139849000,2,-1
7020,chr5,139668281,139668629,139848126,139848475,EH38E2413661,EH38E3665141,139668000,139669000,139848000,139849000,3,-1
7021,chr5,139696764,139696915,139848126,139848475,EH38E3664980,EH38E3665141,139696000,139697000,139848000,139849000,2,-1
7022,chr5,139696927,139697274,139848126,139848475,EH38E3664981,EH38E3665141,139696000,139697000,139848000,139849000,2,-1
7023,chr5,139697299,139697552,139848126,139848475,EH38E3664982,EH38E3665141,139697000,139698000,139848000,139849000,1,-1
7024,chr5,139697586,139697793,139848126,139848475,EH38E3664983,EH38E3665141,139697000,139698000,139848000,139849000,1,-1
7025,chr5,139709009,139709183,139848126,139848475,EH38E3664999,EH38E3665141,139709000,139710000,139848000,139849000,1,-1
7026,chr5,139709183,139709533,139848126,139848475,EH38E2413737,EH38E3665141,139709000,139710000,139848000,139849000,1,-1
7027,chr5,139709641,139709990,139848126,139848475,EH38E3665000,EH38E3665141,139709000,139710000,139848000,139849000,1,-1
7028,chr5,140175576,140175920,139848126,139848475,EH38E3665367,EH38E3665141,140175000,140176000,139848000,139849000,2,-1
7029,chr5,140401001,140401315,139848126,139848475,EH38E3665547,EH38E3665141,140401000,140402000,139848000,139849000,1,-1
7030,chr5,140402383,140402732,139848126,139848475,EH38E3665550,EH38E3665141,140402000,140403000,139848000,139849000,1,-1
7031,chr5,140402779,140402961,139848126,139848475,EH38E2414286,EH38E3665141,140402000,140403000,139848000,139849000,1,-1
7032,chr5,140986256,140986580,139848126,139848475,EH38E3665805,EH38E3665141,140986000,140987000,139848000,139849000,1,-1
7033,chr5,140986735,140986944,139848126,139848475,EH38E2414543,EH38E3665141,140986000,140987000,139848000,139849000,1,-1
7034,chr5,141858097,141858382,139848126,139848475,EH38E3666370,EH38E3665141,141858000,141859000,139848000,139849000,1,-1
7035,chr5,138352905,138353252,140043129,140043479,EH38E3663904,EH38E2413982,138353000,138354000,140043000,140044000,1,-1
7036,chr5,138353301,138353650,140043129,140043479,EH38E3663905,EH38E2413982,138353000,138354000,140043000,140044000,1,-1
7037,chr5,139294318,139294613,140043129,140043479,EH38E3664547,EH38E2413982,139294000,139295000,140043000,140044000,1,-1
7038,chr5,139438833,139439002,140043129,140043479,EH38E3664681,EH38E2413982,139439000,139440000,140043000,140044000,1,-1
7039,chr5,139439004,139439354,140043129,140043479,EH38E3664682,EH38E2413982,139439000,139440000,140043000,140044000,1,-1
7040,chr5,139518277,139518522,140043129,140043479,EH38E2413503,EH38E2413982,139518000,139519000,140043000,140044000,1,-1
7041,chr5,139637492,139637829,140043129,140043479,EH38E2413597,EH38E2413982,139637000,139638000,140043000,140044000,1,-1
7042,chr5,139638264,139638611,140043129,140043479,EH38E3664855,EH38E2413982,139638000,139639000,140043000,140044000,2,-1
7043,chr5,139649054,139649235,140043129,140043479,EH38E3664882,EH38E2413982,139649000,139650000,140043000,140044000,2,-1
7044,chr5,139696764,139696915,140043129,140043479,EH38E3664980,EH38E2413982,139696000,139697000,140043000,140044000,1,-1
7045,chr5,139696927,139697274,140043129,140043479,EH38E3664981,EH38E2413982,139696000,139697000,140043000,140044000,1,-1
7046,chr5,139697299,139697552,140043129,140043479,EH38E3664982,EH38E2413982,139697000,139698000,140043000,140044000,1,-1
7047,chr5,139697586,139697793,140043129,140043479,EH38E3664983,EH38E2413982,139697000,139698000,140043000,140044000,1,-1
7048,chr5,139709009,139709183,140043129,140043479,EH38E3664999,EH38E2413982,139709000,139710000,140043000,140044000,1,-1
7049,chr5,139709183,139709533,140043129,140043479,EH38E2413737,EH38E2413982,139709000,139710000,140043000,140044000,1,-1
7050,chr5,139709641,139709990,140043129,140043479,EH38E3665000,EH38E2413982,139709000,139710000,140043000,140044000,1,-1
7051,chr5,139710049,139710250,140043129,140043479,EH38E3665001,EH38E2413982,139710000,139711000,140043000,140044000,3,-1
7052,chr5,139710275,139710623,140043129,140043479,EH38E2413740,EH38E2413982,139710000,139711000,140043000,140044000,3,-1
7053,chr5,140174554,140174773,140043129,140043479,EH38E2414069,EH38E2413982,140174000,140175000,140043000,140044000,6,-1
7054,chr5,140175576,140175920,140043129,140043479,EH38E3665367,EH38E2413982,140175000,140176000,140043000,140044000,4,-1
7055,chr5,140241355,140241702,140043129,140043479,EH38E3665423,EH38E2413982,140241000,140242000,140043000,140044000,3,-1
7056,chr5,140242160,140242435,140043129,140043479,EH38E3665424,EH38E2413982,140242000,140243000,140043000,140044000,2,-1
7057,chr5,140303313,140303516,140043129,140043479,EH38E3665485,EH38E2413982,140303000,140304000,140043000,140044000,2,-1
7058,chr5,140402383,140402732,140043129,140043479,EH38E3665550,EH38E2413982,140402000,140403000,140043000,140044000,1,-1
7059,chr5,140402779,140402961,140043129,140043479,EH38E2414286,EH38E2413982,140402000,140403000,140043000,140044000,1,-1
7060,chr5,140548006,140548354,140043129,140043479,EH38E3665576,EH38E2413982,140548000,140549000,140043000,140044000,1,-1
7061,chr5,141524636,141524982,140043129,140043479,EH38E2414788,EH38E2413982,141524000,141525000,140043000,140044000,1,-1
7062,chr5,142360779,142361128,140043129,140043479,EH38E3666745,EH38E2413982,142361000,142362000,140043000,140044000,1,-1
7063,chr5,138032218,138032562,140107589,140107927,EH38E3663788,EH38E3665294,138032000,138033000,140107000,140108000,1,-1
7064,chr5,138610939,138611134,140107589,140107927,EH38E2412698,EH38E3665294,138611000,138612000,140107000,140108000,1,-1
7065,chr5,138611293,138611640,140107589,140107927,EH38E2412699,EH38E3665294,138611000,138612000,140107000,140108000,1,-1
7066,chr5,139438833,139439002,140107589,140107927,EH38E3664681,EH38E3665294,139438000,139439000,140107000,140108000,1,-1
7067,chr5,139543783,139544119,140107589,140107927,EH38E3664772,EH38E3665294,139543000,139544000,140107000,140108000,1,-1
7068,chr5,139638264,139638611,140107589,140107927,EH38E3664855,EH38E3665294,139638000,139639000,140107000,140108000,1,-1
7069,chr5,139649054,139649235,140107589,140107927,EH38E3664882,EH38E3665294,139649000,139650000,140107000,140108000,2,-1
7070,chr5,139668281,139668629,140107589,140107927,EH38E2413661,EH38E3665294,139668000,139669000,140107000,140108000,1,-1
7071,chr5,139709009,139709183,140107589,140107927,EH38E3664999,EH38E3665294,139709000,139710000,140107000,140108000,4,-1
7072,chr5,139709183,139709533,140107589,140107927,EH38E2413737,EH38E3665294,139709000,139710000,140107000,140108000,4,-1
7073,chr5,139709641,139709990,140107589,140107927,EH38E3665000,EH38E3665294,139709000,139710000,140107000,140108000,4,-1
7074,chr5,139710049,139710250,140107589,140107927,EH38E3665001,EH38E3665294,139710000,139711000,140107000,140108000,1,-1
7075,chr5,139710275,139710623,140107589,140107927,EH38E2413740,EH38E3665294,139710000,139711000,140107000,140108000,1,-1
7076,chr5,140174554,140174773,140107589,140107927,EH38E2414069,EH38E3665294,140174000,140175000,140107000,140108000,3,-1
7077,chr5,140175576,140175920,140107589,140107927,EH38E3665367,EH38E3665294,140175000,140176000,140107000,140108000,9,-1
7078,chr5,140241355,140241702,140107589,140107927,EH38E3665423,EH38E3665294,140241000,140242000,140107000,140108000,4,-1
7079,chr5,140242160,140242435,140107589,140107927,EH38E3665424,EH38E3665294,140242000,140243000,140107000,140108000,1,-1
7080,chr5,140402383,140402732,140107589,140107927,EH38E3665550,EH38E3665294,140402000,140403000,140107000,140108000,1,-1
7081,chr5,140402779,140402961,140107589,140107927,EH38E2414286,EH38E3665294,140402000,140403000,140107000,140108000,1,-1
7082,chr5,140557131,140557288,140107589,140107927,EH38E3665585,EH38E3665294,140557000,140558000,140107000,140108000,1,-1
7083,chr5,140557295,140557636,140107589,140107927,EH38E3665586,EH38E3665294,140557000,140558000,140107000,140108000,1,-1
7084,chr5,140557649,140557851,140107589,140107927,EH38E3665587,EH38E3665294,140557000,140558000,140107000,140108000,1,-1
7085,chr5,141003904,141004108,140107589,140107927,EH38E3665817,EH38E3665294,141003000,141004000,140107000,140108000,1,-1
7086,chr5,141004141,141004489,140107589,140107927,EH38E2414560,EH38E3665294,141004000,141005000,140107000,140108000,1,-1
7087,chr5,141557709,141558056,140107589,140107927,EH38E3666097,EH38E3665294,141557000,141558000,140107000,140108000,1,-1
7088,chr5,141843192,141843533,140107589,140107927,EH38E3666335,EH38E3665294,141843000,141844000,140107000,140108000,1,-1
7089,chr5,142108926,142109085,140107589,140107927,EH38E3666564,EH38E3665294,142109000,142110000,140107000,140108000,1,-1
7090,chr5,142325996,142326344,140107589,140107927,EH38E3666721,EH38E3665294,142326000,142327000,140107000,140108000,1,-1
7091,chr5,142326360,142326563,140107589,140107927,EH38E3666722,EH38E3665294,142326000,142327000,140107000,140108000,1,-1
7092,chr5,142326584,142326860,140107589,140107927,EH38E3666723,EH38E3665294,142326000,142327000,140107000,140108000,1,-1
7093,chr5,138032218,138032562,140107935,140108169,EH38E3663788,EH38E3665295,138032000,138033000,140107000,140108000,1,-1
7094,chr5,138610939,138611134,140107935,140108169,EH38E2412698,EH38E3665295,138611000,138612000,140107000,140108000,1,-1
7095,chr5,138611293,138611640,140107935,140108169,EH38E2412699,EH38E3665295,138611000,138612000,140107000,140108000,1,-1
7096,chr5,139438833,139439002,140107935,140108169,EH38E3664681,EH38E3665295,139438000,139439000,140107000,140108000,1,-1
7097,chr5,139543783,139544119,140107935,140108169,EH38E3664772,EH38E3665295,139543000,139544000,140107000,140108000,1,-1
7098,chr5,139649054,139649235,140107935,140108169,EH38E3664882,EH38E3665295,139649000,139650000,140107000,140108000,2,-1
7099,chr5,139668281,139668629,140107935,140108169,EH38E2413661,EH38E3665295,139668000,139669000,140107000,140108000,1,-1
7100,chr5,139709009,139709183,140107935,140108169,EH38E3664999,EH38E3665295,139709000,139710000,140107000,140108000,4,-1
7101,chr5,139709183,139709533,140107935,140108169,EH38E2413737,EH38E3665295,139709000,139710000,140107000,140108000,4,-1
7102,chr5,139709641,139709990,140107935,140108169,EH38E3665000,EH38E3665295,139709000,139710000,140107000,140108000,4,-1
7103,chr5,140175576,140175920,140107935,140108169,EH38E3665367,EH38E3665295,140175000,140176000,140107000,140108000,9,-1
7104,chr5,140241355,140241702,140107935,140108169,EH38E3665423,EH38E3665295,140241000,140242000,140107000,140108000,4,-1
7105,chr5,140402383,140402732,140107935,140108169,EH38E3665550,EH38E3665295,140402000,140403000,140107000,140108000,1,-1
7106,chr5,140402779,140402961,140107935,140108169,EH38E2414286,EH38E3665295,140402000,140403000,140107000,140108000,1,-1
7107,chr5,140557131,140557288,140107935,140108169,EH38E3665585,EH38E3665295,140557000,140558000,140107000,140108000,1,-1
7108,chr5,140557295,140557636,140107935,140108169,EH38E3665586,EH38E3665295,140557000,140558000,140107000,140108000,1,-1
7109,chr5,140557649,140557851,140107935,140108169,EH38E3665587,EH38E3665295,140557000,140558000,140107000,140108000,1,-1
7110,chr5,141003904,141004108,140107935,140108169,EH38E3665817,EH38E3665295,141003000,141004000,140107000,140108000,1,-1
7111,chr5,141004141,141004489,140107935,140108169,EH38E2414560,EH38E3665295,141004000,141005000,140107000,140108000,1,-1
7112,chr5,141557709,141558056,140107935,140108169,EH38E3666097,EH38E3665295,141557000,141558000,140107000,140108000,1,-1
7113,chr5,141843192,141843533,140107935,140108169,EH38E3666335,EH38E3665295,141843000,141844000,140107000,140108000,1,-1
7114,chr5,142108926,142109085,140107935,140108169,EH38E3666564,EH38E3665295,142109000,142110000,140107000,140108000,1,-1
7115,chr5,142325996,142326344,140107935,140108169,EH38E3666721,EH38E3665295,142326000,142327000,140107000,140108000,1,-1
7116,chr5,142326360,142326563,140107935,140108169,EH38E3666722,EH38E3665295,142326000,142327000,140107000,140108000,1,-1
7117,chr5,142326584,142326860,140107935,140108169,EH38E3666723,EH38E3665295,142326000,142327000,140107000,140108000,1,-1
7118,chr5,138464869,138465218,140107935,140108169,EH38E2412554,EH38E3665295,138465000,138466000,140108000,140109000,1,-1
7119,chr5,138465638,138465793,140107935,140108169,EH38E3663970,EH38E3665295,138465000,138466000,140108000,140109000,1,-1
7120,chr5,138465821,138466052,140107935,140108169,EH38E3663971,EH38E3665295,138465000,138466000,140108000,140109000,1,-1
7121,chr5,138724986,138725143,140107935,140108169,EH38E3664182,EH38E3665295,138724000,138725000,140108000,140109000,1,-1
7122,chr5,139294318,139294613,140107935,140108169,EH38E3664547,EH38E3665295,139294000,139295000,140108000,140109000,1,-1
7123,chr5,139439004,139439354,140107935,140108169,EH38E3664682,EH38E3665295,139439000,139440000,140108000,140109000,1,-1
7124,chr5,139637492,139637829,140107935,140108169,EH38E2413597,EH38E3665295,139637000,139638000,140108000,140109000,1,-1
7125,chr5,139638264,139638611,140107935,140108169,EH38E3664855,EH38E3665295,139638000,139639000,140108000,140109000,2,-1
7126,chr5,139696764,139696915,140107935,140108169,EH38E3664980,EH38E3665295,139696000,139697000,140108000,140109000,2,-1
7127,chr5,139696927,139697274,140107935,140108169,EH38E3664981,EH38E3665295,139696000,139697000,140108000,140109000,2,-1
7128,chr5,139697299,139697552,140107935,140108169,EH38E3664982,EH38E3665295,139697000,139698000,140108000,140109000,3,-1
7129,chr5,139697586,139697793,140107935,140108169,EH38E3664983,EH38E3665295,139697000,139698000,140108000,140109000,3,-1
7130,chr5,139710049,139710250,140107935,140108169,EH38E3665001,EH38E3665295,139710000,139711000,140108000,140109000,2,-1
7131,chr5,139710275,139710623,140107935,140108169,EH38E2413740,EH38E3665295,139710000,139711000,140108000,140109000,2,-1
7132,chr5,140174554,140174773,140107935,140108169,EH38E2414069,EH38E3665295,140174000,140175000,140108000,140109000,5,-1
7133,chr5,140242160,140242435,140107935,140108169,EH38E3665424,EH38E3665295,140242000,140243000,140108000,140109000,5,-1
7134,chr5,140302789,140302948,140107935,140108169,EH38E3665483,EH38E3665295,140302000,140303000,140108000,140109000,1,-1
7135,chr5,140303313,140303516,140107935,140108169,EH38E3665485,EH38E3665295,140303000,140304000,140108000,140109000,1,-1
7136,chr5,140548006,140548354,140107935,140108169,EH38E3665576,EH38E3665295,140548000,140549000,140108000,140109000,2,-1
7137,chr5,141040092,141040442,140107935,140108169,EH38E2414570,EH38E3665295,141040000,141041000,140108000,140109000,1,-1
7138,chr5,141040503,141040704,140107935,140108169,EH38E2414571,EH38E3665295,141040000,141041000,140108000,140109000,1,-1
7139,chr5,141040857,141041033,140107935,140108169,EH38E2414572,EH38E3665295,141040000,141041000,140108000,140109000,1,-1
7140,chr5,141513737,141514083,140107935,140108169,EH38E3666073,EH38E3665295,141513000,141514000,140108000,140109000,1,-1
7141,chr5,141560773,141561107,140107935,140108169,EH38E2414813,EH38E3665295,141560000,141561000,140108000,140109000,1,-1
7142,chr5,141850033,141850251,140107935,140108169,EH38E3666349,EH38E3665295,141850000,141851000,140108000,140109000,1,-1
7143,chr5,141850776,141851102,140107935,140108169,EH38E3666351,EH38E3665295,141850000,141851000,140108000,140109000,1,-1
7144,chr5,141923267,141923528,140107935,140108169,EH38E3666437,EH38E3665295,141923000,141924000,140108000,140109000,1,-1
7145,chr5,141923945,141924219,140107935,140108169,EH38E3666439,EH38E3665295,141923000,141924000,140108000,140109000,1,-1
7146,chr5,138464869,138465218,140108395,140108662,EH38E2412554,EH38E3665297,138465000,138466000,140108000,140109000,1,-1
7147,chr5,138465638,138465793,140108395,140108662,EH38E3663970,EH38E3665297,138465000,138466000,140108000,140109000,1,-1
7148,chr5,138465821,138466052,140108395,140108662,EH38E3663971,EH38E3665297,138465000,138466000,140108000,140109000,1,-1
7149,chr5,138724986,138725143,140108395,140108662,EH38E3664182,EH38E3665297,138724000,138725000,140108000,140109000,1,-1
7150,chr5,139294318,139294613,140108395,140108662,EH38E3664547,EH38E3665297,139294000,139295000,140108000,140109000,1,-1
7151,chr5,139438833,139439002,140108395,140108662,EH38E3664681,EH38E3665297,139439000,139440000,140108000,140109000,1,-1
7152,chr5,139439004,139439354,140108395,140108662,EH38E3664682,EH38E3665297,139439000,139440000,140108000,140109000,1,-1
7153,chr5,139637492,139637829,140108395,140108662,EH38E2413597,EH38E3665297,139637000,139638000,140108000,140109000,1,-1
7154,chr5,139638264,139638611,140108395,140108662,EH38E3664855,EH38E3665297,139638000,139639000,140108000,140109000,2,-1
7155,chr5,139649054,139649235,140108395,140108662,EH38E3664882,EH38E3665297,139649000,139650000,140108000,140109000,1,-1
7156,chr5,139696764,139696915,140108395,140108662,EH38E3664980,EH38E3665297,139696000,139697000,140108000,140109000,2,-1
7157,chr5,139696927,139697274,140108395,140108662,EH38E3664981,EH38E3665297,139696000,139697000,140108000,140109000,2,-1
7158,chr5,139697299,139697552,140108395,140108662,EH38E3664982,EH38E3665297,139697000,139698000,140108000,140109000,3,-1
7159,chr5,139697586,139697793,140108395,140108662,EH38E3664983,EH38E3665297,139697000,139698000,140108000,140109000,3,-1
7160,chr5,139709009,139709183,140108395,140108662,EH38E3664999,EH38E3665297,139709000,139710000,140108000,140109000,2,-1
7161,chr5,139709183,139709533,140108395,140108662,EH38E2413737,EH38E3665297,139709000,139710000,140108000,140109000,2,-1
7162,chr5,139709641,139709990,140108395,140108662,EH38E3665000,EH38E3665297,139709000,139710000,140108000,140109000,2,-1
7163,chr5,139710049,139710250,140108395,140108662,EH38E3665001,EH38E3665297,139710000,139711000,140108000,140109000,2,-1
7164,chr5,139710275,139710623,140108395,140108662,EH38E2413740,EH38E3665297,139710000,139711000,140108000,140109000,2,-1
7165,chr5,140174554,140174773,140108395,140108662,EH38E2414069,EH38E3665297,140174000,140175000,140108000,140109000,5,-1
7166,chr5,140175576,140175920,140108395,140108662,EH38E3665367,EH38E3665297,140175000,140176000,140108000,140109000,7,-1
7167,chr5,140241355,140241702,140108395,140108662,EH38E3665423,EH38E3665297,140241000,140242000,140108000,140109000,2,-1
7168,chr5,140242160,140242435,140108395,140108662,EH38E3665424,EH38E3665297,140242000,140243000,140108000,140109000,5,-1
7169,chr5,140302789,140302948,140108395,140108662,EH38E3665483,EH38E3665297,140302000,140303000,140108000,140109000,1,-1
7170,chr5,140303313,140303516,140108395,140108662,EH38E3665485,EH38E3665297,140303000,140304000,140108000,140109000,1,-1
7171,chr5,140548006,140548354,140108395,140108662,EH38E3665576,EH38E3665297,140548000,140549000,140108000,140109000,2,-1
7172,chr5,141003904,141004108,140108395,140108662,EH38E3665817,EH38E3665297,141003000,141004000,140108000,140109000,1,-1
7173,chr5,141040092,141040442,140108395,140108662,EH38E2414570,EH38E3665297,141040000,141041000,140108000,140109000,1,-1
7174,chr5,141040503,141040704,140108395,140108662,EH38E2414571,EH38E3665297,141040000,141041000,140108000,140109000,1,-1
7175,chr5,141040857,141041033,140108395,140108662,EH38E2414572,EH38E3665297,141040000,141041000,140108000,140109000,1,-1
7176,chr5,141513737,141514083,140108395,140108662,EH38E3666073,EH38E3665297,141513000,141514000,140108000,140109000,1,-1
7177,chr5,141560773,141561107,140108395,140108662,EH38E2414813,EH38E3665297,141560000,141561000,140108000,140109000,1,-1
7178,chr5,141850033,141850251,140108395,140108662,EH38E3666349,EH38E3665297,141850000,141851000,140108000,140109000,1,-1
7179,chr5,141850776,141851102,140108395,140108662,EH38E3666351,EH38E3665297,141850000,141851000,140108000,140109000,1,-1
7180,chr5,141923267,141923528,140108395,140108662,EH38E3666437,EH38E3665297,141923000,141924000,140108000,140109000,1,-1
7181,chr5,141923945,141924219,140108395,140108662,EH38E3666439,EH38E3665297,141923000,141924000,140108000,140109000,1,-1
7182,chr5,142108926,142109085,140108395,140108662,EH38E3666564,EH38E3665297,142109000,142110000,140108000,140109000,1,-1
7183,chr5,138331436,138331613,140113856,140114206,EH38E3663885,EH38E3665310,138331000,138332000,140113000,140114000,1,-1
7184,chr5,138465821,138466052,140113856,140114206,EH38E3663971,EH38E3665310,138466000,138467000,140113000,140114000,1,-1
7185,chr5,138752362,138752541,140113856,140114206,EH38E3664198,EH38E3665310,138752000,138753000,140113000,140114000,1,-1
7186,chr5,138752994,138753174,140113856,140114206,EH38E3664200,EH38E3665310,138752000,138753000,140113000,140114000,1,-1
7187,chr5,138753550,138753873,140113856,140114206,EH38E3664202,EH38E3665310,138753000,138754000,140113000,140114000,1,-1
7188,chr5,139473193,139473455,140113856,140114206,EH38E2413463,EH38E3665310,139473000,139474000,140113000,140114000,1,-1
7189,chr5,139518277,139518522,140113856,140114206,EH38E2413503,EH38E3665310,139518000,139519000,140113000,140114000,1,-1
7190,chr5,139637492,139637829,140113856,140114206,EH38E2413597,EH38E3665310,139637000,139638000,140113000,140114000,2,-1
7191,chr5,139638264,139638611,140113856,140114206,EH38E3664855,EH38E3665310,139638000,139639000,140113000,140114000,1,-1
7192,chr5,139668281,139668629,140113856,140114206,EH38E2413661,EH38E3665310,139668000,139669000,140113000,140114000,2,-1
7193,chr5,139697299,139697552,140113856,140114206,EH38E3664982,EH38E3665310,139697000,139698000,140113000,140114000,1,-1
7194,chr5,139697586,139697793,140113856,140114206,EH38E3664983,EH38E3665310,139697000,139698000,140113000,140114000,1,-1
7195,chr5,140175576,140175920,140113856,140114206,EH38E3665367,EH38E3665310,140175000,140176000,140113000,140114000,9,-1
7196,chr5,140241355,140241702,140113856,140114206,EH38E3665423,EH38E3665310,140241000,140242000,140113000,140114000,1,-1
7197,chr5,140242160,140242435,140113856,140114206,EH38E3665424,EH38E3665310,140242000,140243000,140113000,140114000,3,-1
7198,chr5,140302789,140302948,140113856,140114206,EH38E3665483,EH38E3665310,140302000,140303000,140113000,140114000,2,-1
7199,chr5,140303313,140303516,140113856,140114206,EH38E3665485,EH38E3665310,140303000,140304000,140113000,140114000,1,-1
7200,chr5,140548006,140548354,140113856,140114206,EH38E3665576,EH38E3665310,140548000,140549000,140113000,140114000,2,-1
7201,chr5,141001505,141001850,140113856,140114206,EH38E3665814,EH38E3665310,141001000,141002000,140113000,140114000,1,-1
7202,chr5,141003904,141004108,140113856,140114206,EH38E3665817,EH38E3665310,141003000,141004000,140113000,140114000,1,-1
7203,chr5,141680849,141681199,140113856,140114206,EH38E2414910,EH38E3665310,141680000,141681000,140113000,140114000,1,-1
7204,chr5,141849015,141849305,140113856,140114206,EH38E3666347,EH38E3665310,141849000,141850000,140113000,140114000,1,-1
7205,chr5,141849357,141849546,140113856,140114206,EH38E2415104,EH38E3665310,141849000,141850000,140113000,140114000,1,-1
7206,chr5,141849598,141849945,140113856,140114206,EH38E3666348,EH38E3665310,141849000,141850000,140113000,140114000,1,-1
7207,chr5,141850776,141851102,140113856,140114206,EH38E3666351,EH38E3665310,141851000,141852000,140113000,140114000,1,-1
7208,chr5,141851169,141851373,140113856,140114206,EH38E3666352,EH38E3665310,141851000,141852000,140113000,140114000,1,-1
7209,chr5,141875394,141875629,140113856,140114206,EH38E3666399,EH38E3665310,141875000,141876000,140113000,140114000,1,-1
7210,chr5,141875692,141875844,140113856,140114206,EH38E3666400,EH38E3665310,141875000,141876000,140113000,140114000,1,-1
7211,chr5,141875922,141876260,140113856,140114206,EH38E3666401,EH38E3665310,141875000,141876000,140113000,140114000,1,-1
7212,chr5,141878910,141879122,140113856,140114206,EH38E3666410,EH38E3665310,141879000,141880000,140113000,140114000,2,-1
7213,chr5,141879149,141879494,140113856,140114206,EH38E3666411,EH38E3665310,141879000,141880000,140113000,140114000,2,-1
7214,chr5,142325588,142325935,140113856,140114206,EH38E2415550,EH38E3665310,142325000,142326000,140113000,140114000,1,-1
7215,chr5,142325996,142326344,140113856,140114206,EH38E3666721,EH38E3665310,142325000,142326000,140113000,140114000,1,-1
7216,chr5,138337834,138338076,140113856,140114206,EH38E2412467,EH38E3665310,138338000,138339000,140114000,140115000,1,-1
7217,chr5,138610939,138611134,140113856,140114206,EH38E2412698,EH38E3665310,138611000,138612000,140114000,140115000,1,-1
7218,chr5,138611293,138611640,140113856,140114206,EH38E2412699,EH38E3665310,138611000,138612000,140114000,140115000,1,-1
7219,chr5,139404293,139404482,140113856,140114206,EH38E3664654,EH38E3665310,139404000,139405000,140114000,140115000,1,-1
7220,chr5,139438833,139439002,140113856,140114206,EH38E3664681,EH38E3665310,139439000,139440000,140114000,140115000,2,-1
7221,chr5,139439004,139439354,140113856,140114206,EH38E3664682,EH38E3665310,139439000,139440000,140114000,140115000,2,-1
7222,chr5,139543783,139544119,140113856,140114206,EH38E3664772,EH38E3665310,139543000,139544000,140114000,140115000,1,-1
7223,chr5,139696764,139696915,140113856,140114206,EH38E3664980,EH38E3665310,139696000,139697000,140114000,140115000,1,-1
7224,chr5,139696927,139697274,140113856,140114206,EH38E3664981,EH38E3665310,139696000,139697000,140114000,140115000,1,-1
7225,chr5,139709009,139709183,140113856,140114206,EH38E3664999,EH38E3665310,139709000,139710000,140114000,140115000,2,-1
7226,chr5,139709183,139709533,140113856,140114206,EH38E2413737,EH38E3665310,139709000,139710000,140114000,140115000,2,-1
7227,chr5,139709641,139709990,140113856,140114206,EH38E3665000,EH38E3665310,139709000,139710000,140114000,140115000,2,-1
7228,chr5,139710049,139710250,140113856,140114206,EH38E3665001,EH38E3665310,139710000,139711000,140114000,140115000,2,-1
7229,chr5,139710275,139710623,140113856,140114206,EH38E2413740,EH38E3665310,139710000,139711000,140114000,140115000,2,-1
7230,chr5,140174554,140174773,140113856,140114206,EH38E2414069,EH38E3665310,140174000,140175000,140114000,140115000,4,-1
7231,chr5,140402383,140402732,140113856,140114206,EH38E3665550,EH38E3665310,140402000,140403000,140114000,140115000,1,-1
7232,chr5,140402779,140402961,140113856,140114206,EH38E2414286,EH38E3665310,140402000,140403000,140114000,140115000,1,-1
7233,chr5,141850033,141850251,140113856,140114206,EH38E3666349,EH38E3665310,141850000,141851000,140114000,140115000,1,-1
7234,chr5,142235071,142235255,140113856,140114206,EH38E3666640,EH38E3665310,142235000,142236000,140114000,140115000,1,-1
7235,chr5,142235329,142235490,140113856,140114206,EH38E3666641,EH38E3665310,142235000,142236000,140114000,140115000,1,-1
7236,chr5,142235531,142235870,140113856,140114206,EH38E3666642,EH38E3665310,142235000,142236000,140114000,140115000,1,-1
7237,chr5,142235945,142236216,140113856,140114206,EH38E3666643,EH38E3665310,142235000,142236000,140114000,140115000,1,-1
7238,chr5,142356357,142356706,140113856,140114206,EH38E2415571,EH38E3665310,142356000,142357000,140114000,140115000,1,-1
7239,chr5,142356711,142356891,140113856,140114206,EH38E2415572,EH38E3665310,142356000,142357000,140114000,140115000,1,-1
7240,chr5,142356955,142357304,140113856,140114206,EH38E3666738,EH38E3665310,142356000,142357000,140114000,140115000,1,-1
7241,chr5,138542873,138543066,140157169,140157446,EH38E3664046,EH38E3665355,138543000,138544000,140157000,140158000,1,-1
7242,chr5,138543621,138543799,140157169,140157446,EH38E3664048,EH38E3665355,138543000,138544000,140157000,140158000,1,-1
7243,chr5,138724986,138725143,140157169,140157446,EH38E3664182,EH38E3665355,138724000,138725000,140157000,140158000,1,-1
7244,chr5,138945843,138946013,140157169,140157446,EH38E3664319,EH38E3665355,138946000,138947000,140157000,140158000,1,-1
7245,chr5,139197576,139197735,140157169,140157446,EH38E2413206,EH38E3665355,139197000,139198000,140157000,140158000,1,-1
7246,chr5,139560771,139560979,140157169,140157446,EH38E3664785,EH38E3665355,139560000,139561000,140157000,140158000,1,-1
7247,chr5,139637492,139637829,140157169,140157446,EH38E2413597,EH38E3665355,139637000,139638000,140157000,140158000,1,-1
7248,chr5,139638264,139638611,140157169,140157446,EH38E3664855,EH38E3665355,139638000,139639000,140157000,140158000,1,-1
7249,chr5,139649054,139649235,140157169,140157446,EH38E3664882,EH38E3665355,139649000,139650000,140157000,140158000,1,-1
7250,chr5,139696927,139697274,140157169,140157446,EH38E3664981,EH38E3665355,139697000,139698000,140157000,140158000,1,-1
7251,chr5,139697299,139697552,140157169,140157446,EH38E3664982,EH38E3665355,139697000,139698000,140157000,140158000,1,-1
7252,chr5,139697586,139697793,140157169,140157446,EH38E3664983,EH38E3665355,139697000,139698000,140157000,140158000,1,-1
7253,chr5,140174554,140174773,140157169,140157446,EH38E2414069,EH38E3665355,140174000,140175000,140157000,140158000,10,-1
7254,chr5,140175576,140175920,140157169,140157446,EH38E3665367,EH38E3665355,140175000,140176000,140157000,140158000,12,-1
7255,chr5,140241355,140241702,140157169,140157446,EH38E3665423,EH38E3665355,140241000,140242000,140157000,140158000,5,-1
7256,chr5,140242160,140242435,140157169,140157446,EH38E3665424,EH38E3665355,140242000,140243000,140157000,140158000,1,-1
7257,chr5,140303313,140303516,140157169,140157446,EH38E3665485,EH38E3665355,140303000,140304000,140157000,140158000,1,-1
7258,chr5,140400741,140400995,140157169,140157446,EH38E3665546,EH38E3665355,140400000,140401000,140157000,140158000,1,-1
7259,chr5,142235945,142236216,140157169,140157446,EH38E3666643,EH38E3665355,142236000,142237000,140157000,140158000,1,-1
7260,chr5,138337648,138337826,140174927,140175277,EH38E3663889,EH38E2414070,138337000,138338000,140174000,140175000,1,-1
7261,chr5,138337834,138338076,140174927,140175277,EH38E2412467,EH38E2414070,138337000,138338000,140174000,140175000,1,-1
7262,chr5,139197576,139197735,140174927,140175277,EH38E2413206,EH38E2414070,139197000,139198000,140174000,140175000,1,-1
7263,chr5,139438833,139439002,140174927,140175277,EH38E3664681,EH38E2414070,139438000,139439000,140174000,140175000,1,-1
7264,chr5,139696927,139697274,140174927,140175277,EH38E3664981,EH38E2414070,139697000,139698000,140174000,140175000,1,-1
7265,chr5,139697299,139697552,140174927,140175277,EH38E3664982,EH38E2414070,139697000,139698000,140174000,140175000,1,-1
7266,chr5,139697586,139697793,140174927,140175277,EH38E3664983,EH38E2414070,139697000,139698000,140174000,140175000,1,-1
7267,chr5,140174554,140174773,140174927,140175277,EH38E2414069,EH38E2414070,140174000,140175000,140174000,140175000,328,-1
7268,chr5,140242160,140242435,140174927,140175277,EH38E3665424,EH38E2414070,140242000,140243000,140174000,140175000,7,-1
7269,chr5,140303313,140303516,140174927,140175277,EH38E3665485,EH38E2414070,140303000,140304000,140174000,140175000,2,-1
7270,chr5,140400741,140400995,140174927,140175277,EH38E3665546,EH38E2414070,140400000,140401000,140174000,140175000,3,-1
7271,chr5,140557131,140557288,140174927,140175277,EH38E3665585,EH38E2414070,140557000,140558000,140174000,140175000,4,-1
7272,chr5,140557295,140557636,140174927,140175277,EH38E3665586,EH38E2414070,140557000,140558000,140174000,140175000,4,-1
7273,chr5,140557649,140557851,140174927,140175277,EH38E3665587,EH38E2414070,140557000,140558000,140174000,140175000,4,-1
7274,chr5,140639663,140639843,140174927,140175277,EH38E3665656,EH38E2414070,140639000,140640000,140174000,140175000,1,-1
7275,chr5,141923267,141923528,140174927,140175277,EH38E3666437,EH38E2414070,141923000,141924000,140174000,140175000,1,-1
7276,chr5,141923945,141924219,140174927,140175277,EH38E3666439,EH38E2414070,141923000,141924000,140174000,140175000,1,-1
7277,chr5,137752975,137753180,140174927,140175277,EH38E3663655,EH38E2414070,137753000,137754000,140175000,140176000,1,-1
7278,chr5,138575610,138575960,140174927,140175277,EH38E3664077,EH38E2414070,138575000,138576000,140175000,140176000,1,-1
7279,chr5,139439004,139439354,140174927,140175277,EH38E3664682,EH38E2414070,139439000,139440000,140175000,140176000,1,-1
7280,chr5,139473193,139473455,140174927,140175277,EH38E2413463,EH38E2414070,139473000,139474000,140175000,140176000,1,-1
7281,chr5,139518277,139518522,140174927,140175277,EH38E2413503,EH38E2414070,139518000,139519000,140175000,140176000,1,-1
7282,chr5,139543783,139544119,140174927,140175277,EH38E3664772,EH38E2414070,139544000,139545000,140175000,140176000,1,-1
7283,chr5,139560771,139560979,140174927,140175277,EH38E3664785,EH38E2414070,139560000,139561000,140175000,140176000,1,-1
7284,chr5,139709009,139709183,140174927,140175277,EH38E3664999,EH38E2414070,139709000,139710000,140175000,140176000,2,-1
7285,chr5,139709183,139709533,140174927,140175277,EH38E2413737,EH38E2414070,139709000,139710000,140175000,140176000,2,-1
7286,chr5,139709641,139709990,140174927,140175277,EH38E3665000,EH38E2414070,139709000,139710000,140175000,140176000,2,-1
7287,chr5,139710049,139710250,140174927,140175277,EH38E3665001,EH38E2414070,139710000,139711000,140175000,140176000,2,-1
7288,chr5,139710275,139710623,140174927,140175277,EH38E2413740,EH38E2414070,139710000,139711000,140175000,140176000,2,-1
7289,chr5,140175576,140175920,140174927,140175277,EH38E3665367,EH38E2414070,140175000,140176000,140175000,140176000,726,-1
7290,chr5,140241355,140241702,140174927,140175277,EH38E3665423,EH38E2414070,140241000,140242000,140175000,140176000,11,-1
7291,chr5,140401001,140401315,140174927,140175277,EH38E3665547,EH38E2414070,140401000,140402000,140175000,140176000,1,-1
7292,chr5,140402383,140402732,140174927,140175277,EH38E3665550,EH38E2414070,140402000,140403000,140175000,140176000,1,-1
7293,chr5,140402779,140402961,140174927,140175277,EH38E2414286,EH38E2414070,140402000,140403000,140175000,140176000,1,-1
7294,chr5,140548006,140548354,140174927,140175277,EH38E3665576,EH38E2414070,140548000,140549000,140175000,140176000,4,-1
7295,chr5,141040092,141040442,140174927,140175277,EH38E2414570,EH38E2414070,141040000,141041000,140175000,140176000,1,-1
7296,chr5,141040503,141040704,140174927,140175277,EH38E2414571,EH38E2414070,141040000,141041000,140175000,140176000,1,-1
7297,chr5,141040857,141041033,140174927,140175277,EH38E2414572,EH38E2414070,141040000,141041000,140175000,140176000,1,-1
7298,chr5,141513737,141514083,140174927,140175277,EH38E3666073,EH38E2414070,141513000,141514000,140175000,140176000,1,-1
7299,chr5,141524636,141524982,140174927,140175277,EH38E2414788,EH38E2414070,141524000,141525000,140175000,140176000,1,-1
7300,chr5,141816311,141816489,140174927,140175277,EH38E3666305,EH38E2414070,141816000,141817000,140175000,140176000,1,-1
7301,chr5,141816658,141816996,140174927,140175277,EH38E2415059,EH38E2414070,141816000,141817000,140175000,140176000,1,-1
7302,chr5,141849015,141849305,140174927,140175277,EH38E3666347,EH38E2414070,141849000,141850000,140175000,140176000,1,-1
7303,chr5,141849357,141849546,140174927,140175277,EH38E2415104,EH38E2414070,141849000,141850000,140175000,140176000,1,-1
7304,chr5,141849598,141849945,140174927,140175277,EH38E3666348,EH38E2414070,141849000,141850000,140175000,140176000,1,-1
7305,chr5,141850033,141850251,140174927,140175277,EH38E3666349,EH38E2414070,141850000,141851000,140175000,140176000,1,-1
7306,chr5,141850776,141851102,140174927,140175277,EH38E3666351,EH38E2414070,141850000,141851000,140175000,140176000,1,-1
7307,chr5,141875394,141875629,140174927,140175277,EH38E3666399,EH38E2414070,141875000,141876000,140175000,140176000,1,-1
7308,chr5,141875692,141875844,140174927,140175277,EH38E3666400,EH38E2414070,141875000,141876000,140175000,140176000,1,-1
7309,chr5,141875922,141876260,140174927,140175277,EH38E3666401,EH38E2414070,141875000,141876000,140175000,140176000,1,-1
7310,chr5,142327971,142328149,140174927,140175277,EH38E3666726,EH38E2414070,142328000,142329000,140175000,140176000,1,-1
7311,chr5,138542873,138543066,140302951,140303301,EH38E3664046,EH38E3665484,138542000,138543000,140302000,140303000,1,-1
7312,chr5,139649054,139649235,140302951,140303301,EH38E3664882,EH38E3665484,139649000,139650000,140302000,140303000,2,-1
7313,chr5,139709009,139709183,140302951,140303301,EH38E3664999,EH38E3665484,139709000,139710000,140302000,140303000,1,-1
7314,chr5,139709183,139709533,140302951,140303301,EH38E2413737,EH38E3665484,139709000,139710000,140302000,140303000,1,-1
7315,chr5,139709641,139709990,140302951,140303301,EH38E3665000,EH38E3665484,139709000,139710000,140302000,140303000,1,-1
7316,chr5,139710049,139710250,140302951,140303301,EH38E3665001,EH38E3665484,139710000,139711000,140302000,140303000,1,-1
7317,chr5,139710275,139710623,140302951,140303301,EH38E2413740,EH38E3665484,139710000,139711000,140302000,140303000,1,-1
7318,chr5,140242160,140242435,140302951,140303301,EH38E3665424,EH38E3665484,140242000,140243000,140302000,140303000,4,-1
7319,chr5,140302789,140302948,140302951,140303301,EH38E3665483,EH38E3665484,140302000,140303000,140302000,140303000,332,-1
7320,chr5,140303313,140303516,140302951,140303301,EH38E3665485,EH38E3665484,140303000,140304000,140302000,140303000,183,-1
7321,chr5,140400741,140400995,140302951,140303301,EH38E3665546,EH38E3665484,140400000,140401000,140302000,140303000,5,-1
7322,chr5,140402383,140402732,140302951,140303301,EH38E3665550,EH38E3665484,140402000,140403000,140302000,140303000,1,-1
7323,chr5,140402779,140402961,140302951,140303301,EH38E2414286,EH38E3665484,140402000,140403000,140302000,140303000,1,-1
7324,chr5,140548006,140548354,140302951,140303301,EH38E3665576,EH38E3665484,140548000,140549000,140302000,140303000,1,-1
7325,chr5,140639663,140639843,140302951,140303301,EH38E3665656,EH38E3665484,140639000,140640000,140302000,140303000,2,-1
7326,chr5,141564142,141564488,140302951,140303301,EH38E3666100,EH38E3665484,141564000,141565000,140302000,140303000,1,-1
7327,chr5,138464007,138464356,140302951,140303301,EH38E2412551,EH38E3665484,138464000,138465000,140303000,140304000,1,-1
7328,chr5,138464399,138464600,140302951,140303301,EH38E2412552,EH38E3665484,138464000,138465000,140303000,140304000,1,-1
7329,chr5,138464708,138464867,140302951,140303301,EH38E3663968,EH38E3665484,138464000,138465000,140303000,140304000,1,-1
7330,chr5,138464869,138465218,140302951,140303301,EH38E2412554,EH38E3665484,138464000,138465000,140303000,140304000,1,-1
7331,chr5,138752994,138753174,140302951,140303301,EH38E3664200,EH38E3665484,138753000,138754000,140303000,140304000,1,-1
7332,chr5,138753550,138753873,140302951,140303301,EH38E3664202,EH38E3665484,138753000,138754000,140303000,140304000,1,-1
7333,chr5,139696927,139697274,140302951,140303301,EH38E3664981,EH38E3665484,139697000,139698000,140303000,140304000,1,-1
7334,chr5,139697299,139697552,140302951,140303301,EH38E3664982,EH38E3665484,139697000,139698000,140303000,140304000,1,-1
7335,chr5,139697586,139697793,140302951,140303301,EH38E3664983,EH38E3665484,139697000,139698000,140303000,140304000,1,-1
7336,chr5,140174554,140174773,140302951,140303301,EH38E2414069,EH38E3665484,140174000,140175000,140303000,140304000,2,-1
7337,chr5,140175576,140175920,140302951,140303301,EH38E3665367,EH38E3665484,140175000,140176000,140303000,140304000,1,-1
7338,chr5,140241355,140241702,140302951,140303301,EH38E3665423,EH38E3665484,140241000,140242000,140303000,140304000,8,-1
7339,chr5,140303313,140303516,140302951,140303301,EH38E3665485,EH38E3665484,140303000,140304000,140303000,140304000,170,-1
7340,chr5,140401001,140401315,140302951,140303301,EH38E3665547,EH38E3665484,140401000,140402000,140303000,140304000,3,-1
7341,chr5,140557131,140557288,140302951,140303301,EH38E3665585,EH38E3665484,140557000,140558000,140303000,140304000,1,-1
7342,chr5,140557295,140557636,140302951,140303301,EH38E3665586,EH38E3665484,140557000,140558000,140303000,140304000,1,-1
7343,chr5,140557649,140557851,140302951,140303301,EH38E3665587,EH38E3665484,140557000,140558000,140303000,140304000,1,-1
7344,chr5,141040857,141041033,140302951,140303301,EH38E2414572,EH38E3665484,141041000,141042000,140303000,140304000,1,-1
7345,chr5,141041067,141041417,140302951,140303301,EH38E2414573,EH38E3665484,141041000,141042000,140303000,140304000,1,-1
7346,chr5,138610939,138611134,140346354,140346520,EH38E2412698,EH38E2414248,138611000,138612000,140346000,140347000,1,-1
7347,chr5,138611293,138611640,140346354,140346520,EH38E2412699,EH38E2414248,138611000,138612000,140346000,140347000,1,-1
7348,chr5,139438833,139439002,140346354,140346520,EH38E3664681,EH38E2414248,139439000,139440000,140346000,140347000,1,-1
7349,chr5,139439004,139439354,140346354,140346520,EH38E3664682,EH38E2414248,139439000,139440000,140346000,140347000,1,-1
7350,chr5,139518277,139518522,140346354,140346520,EH38E2413503,EH38E2414248,139518000,139519000,140346000,140347000,2,-1
7351,chr5,139543783,139544119,140346354,140346520,EH38E3664772,EH38E2414248,139543000,139544000,140346000,140347000,1,-1
7352,chr5,139560771,139560979,140346354,140346520,EH38E3664785,EH38E2414248,139560000,139561000,140346000,140347000,1,-1
7353,chr5,139696764,139696915,140346354,140346520,EH38E3664980,EH38E2414248,139696000,139697000,140346000,140347000,1,-1
7354,chr5,139696927,139697274,140346354,140346520,EH38E3664981,EH38E2414248,139696000,139697000,140346000,140347000,1,-1
7355,chr5,139697299,139697552,140346354,140346520,EH38E3664982,EH38E2414248,139697000,139698000,140346000,140347000,1,-1
7356,chr5,139697586,139697793,140346354,140346520,EH38E3664983,EH38E2414248,139697000,139698000,140346000,140347000,1,-1
7357,chr5,140174554,140174773,140346354,140346520,EH38E2414069,EH38E2414248,140174000,140175000,140346000,140347000,5,-1
7358,chr5,140175576,140175920,140346354,140346520,EH38E3665367,EH38E2414248,140175000,140176000,140346000,140347000,5,-1
7359,chr5,140241355,140241702,140346354,140346520,EH38E3665423,EH38E2414248,140241000,140242000,140346000,140347000,16,-1
7360,chr5,140242160,140242435,140346354,140346520,EH38E3665424,EH38E2414248,140242000,140243000,140346000,140347000,17,-1
7361,chr5,140302789,140302948,140346354,140346520,EH38E3665483,EH38E2414248,140302000,140303000,140346000,140347000,2,-1
7362,chr5,140303313,140303516,140346354,140346520,EH38E3665485,EH38E2414248,140303000,140304000,140346000,140347000,5,-1
7363,chr5,140400741,140400995,140346354,140346520,EH38E3665546,EH38E2414248,140400000,140401000,140346000,140347000,1,-1
7364,chr5,140401001,140401315,140346354,140346520,EH38E3665547,EH38E2414248,140401000,140402000,140346000,140347000,1,-1
7365,chr5,140402383,140402732,140346354,140346520,EH38E3665550,EH38E2414248,140402000,140403000,140346000,140347000,5,-1
7366,chr5,140402779,140402961,140346354,140346520,EH38E2414286,EH38E2414248,140402000,140403000,140346000,140347000,5,-1
7367,chr5,140548006,140548354,140346354,140346520,EH38E3665576,EH38E2414248,140548000,140549000,140346000,140347000,3,-1
7368,chr5,140557131,140557288,140346354,140346520,EH38E3665585,EH38E2414248,140557000,140558000,140346000,140347000,5,-1
7369,chr5,140557295,140557636,140346354,140346520,EH38E3665586,EH38E2414248,140557000,140558000,140346000,140347000,5,-1
7370,chr5,140557649,140557851,140346354,140346520,EH38E3665587,EH38E2414248,140557000,140558000,140346000,140347000,5,-1
7371,chr5,140639663,140639843,140346354,140346520,EH38E3665656,EH38E2414248,140639000,140640000,140346000,140347000,3,-1
7372,chr5,141513737,141514083,140346354,140346520,EH38E3666073,EH38E2414248,141513000,141514000,140346000,140347000,1,-1
7373,chr5,141514123,141514456,140346354,140346520,EH38E3666074,EH38E2414248,141514000,141515000,140346000,140347000,1,-1
7374,chr5,141514468,141514625,140346354,140346520,EH38E3666075,EH38E2414248,141514000,141515000,140346000,140347000,1,-1
7375,chr5,141514639,141514872,140346354,140346520,EH38E3666076,EH38E2414248,141514000,141515000,140346000,140347000,1,-1
7376,chr5,141875922,141876260,140346354,140346520,EH38E3666401,EH38E2414248,141876000,141877000,140346000,140347000,1,-1
7377,chr5,141876297,141876499,140346354,140346520,EH38E3666402,EH38E2414248,141876000,141877000,140346000,140347000,1,-1
7378,chr5,141876644,141876823,140346354,140346520,EH38E3666403,EH38E2414248,141876000,141877000,140346000,140347000,1,-1
7379,chr5,141876834,141877123,140346354,140346520,EH38E3666404,EH38E2414248,141876000,141877000,140346000,140347000,1,-1
7380,chr5,141878910,141879122,140346354,140346520,EH38E3666410,EH38E2414248,141879000,141880000,140346000,140347000,1,-1
7381,chr5,141879149,141879494,140346354,140346520,EH38E3666411,EH38E2414248,141879000,141880000,140346000,140347000,1,-1
7382,chr5,142235071,142235255,140346354,140346520,EH38E3666640,EH38E2414248,142235000,142236000,140346000,140347000,1,-1
7383,chr5,142235329,142235490,140346354,140346520,EH38E3666641,EH38E2414248,142235000,142236000,140346000,140347000,1,-1
7384,chr5,142235531,142235870,140346354,140346520,EH38E3666642,EH38E2414248,142235000,142236000,140346000,140347000,1,-1
7385,chr5,142235945,142236216,140346354,140346520,EH38E3666643,EH38E2414248,142235000,142236000,140346000,140347000,1,-1
7386,chr5,142360779,142361128,140346354,140346520,EH38E3666745,EH38E2414248,142361000,142362000,140346000,140347000,1,-1
7387,chr5,138610939,138611134,140346551,140346901,EH38E2412698,EH38E2414249,138611000,138612000,140346000,140347000,1,-1
7388,chr5,138611293,138611640,140346551,140346901,EH38E2412699,EH38E2414249,138611000,138612000,140346000,140347000,1,-1
7389,chr5,139438833,139439002,140346551,140346901,EH38E3664681,EH38E2414249,139439000,139440000,140346000,140347000,1,-1
7390,chr5,139439004,139439354,140346551,140346901,EH38E3664682,EH38E2414249,139439000,139440000,140346000,140347000,1,-1
7391,chr5,139518277,139518522,140346551,140346901,EH38E2413503,EH38E2414249,139518000,139519000,140346000,140347000,2,-1
7392,chr5,139543783,139544119,140346551,140346901,EH38E3664772,EH38E2414249,139543000,139544000,140346000,140347000,1,-1
7393,chr5,139560771,139560979,140346551,140346901,EH38E3664785,EH38E2414249,139560000,139561000,140346000,140347000,1,-1
7394,chr5,139696764,139696915,140346551,140346901,EH38E3664980,EH38E2414249,139696000,139697000,140346000,140347000,1,-1
7395,chr5,139696927,139697274,140346551,140346901,EH38E3664981,EH38E2414249,139696000,139697000,140346000,140347000,1,-1
7396,chr5,139697299,139697552,140346551,140346901,EH38E3664982,EH38E2414249,139697000,139698000,140346000,140347000,1,-1
7397,chr5,139697586,139697793,140346551,140346901,EH38E3664983,EH38E2414249,139697000,139698000,140346000,140347000,1,-1
7398,chr5,140174554,140174773,140346551,140346901,EH38E2414069,EH38E2414249,140174000,140175000,140346000,140347000,5,-1
7399,chr5,140175576,140175920,140346551,140346901,EH38E3665367,EH38E2414249,140175000,140176000,140346000,140347000,5,-1
7400,chr5,140241355,140241702,140346551,140346901,EH38E3665423,EH38E2414249,140241000,140242000,140346000,140347000,16,-1
7401,chr5,140242160,140242435,140346551,140346901,EH38E3665424,EH38E2414249,140242000,140243000,140346000,140347000,17,-1
7402,chr5,140302789,140302948,140346551,140346901,EH38E3665483,EH38E2414249,140302000,140303000,140346000,140347000,2,-1
7403,chr5,140303313,140303516,140346551,140346901,EH38E3665485,EH38E2414249,140303000,140304000,140346000,140347000,5,-1
7404,chr5,140400741,140400995,140346551,140346901,EH38E3665546,EH38E2414249,140400000,140401000,140346000,140347000,1,-1
7405,chr5,140401001,140401315,140346551,140346901,EH38E3665547,EH38E2414249,140401000,140402000,140346000,140347000,1,-1
7406,chr5,140402383,140402732,140346551,140346901,EH38E3665550,EH38E2414249,140402000,140403000,140346000,140347000,5,-1
7407,chr5,140402779,140402961,140346551,140346901,EH38E2414286,EH38E2414249,140402000,140403000,140346000,140347000,5,-1
7408,chr5,140548006,140548354,140346551,140346901,EH38E3665576,EH38E2414249,140548000,140549000,140346000,140347000,3,-1
7409,chr5,140557131,140557288,140346551,140346901,EH38E3665585,EH38E2414249,140557000,140558000,140346000,140347000,5,-1
7410,chr5,140557295,140557636,140346551,140346901,EH38E3665586,EH38E2414249,140557000,140558000,140346000,140347000,5,-1
7411,chr5,140557649,140557851,140346551,140346901,EH38E3665587,EH38E2414249,140557000,140558000,140346000,140347000,5,-1
7412,chr5,140639663,140639843,140346551,140346901,EH38E3665656,EH38E2414249,140639000,140640000,140346000,140347000,3,-1
7413,chr5,141513737,141514083,140346551,140346901,EH38E3666073,EH38E2414249,141513000,141514000,140346000,140347000,1,-1
7414,chr5,141514123,141514456,140346551,140346901,EH38E3666074,EH38E2414249,141514000,141515000,140346000,140347000,1,-1
7415,chr5,141514468,141514625,140346551,140346901,EH38E3666075,EH38E2414249,141514000,141515000,140346000,140347000,1,-1
7416,chr5,141514639,141514872,140346551,140346901,EH38E3666076,EH38E2414249,141514000,141515000,140346000,140347000,1,-1
7417,chr5,141875922,141876260,140346551,140346901,EH38E3666401,EH38E2414249,141876000,141877000,140346000,140347000,1,-1
7418,chr5,141876297,141876499,140346551,140346901,EH38E3666402,EH38E2414249,141876000,141877000,140346000,140347000,1,-1
7419,chr5,141876644,141876823,140346551,140346901,EH38E3666403,EH38E2414249,141876000,141877000,140346000,140347000,1,-1
7420,chr5,141876834,141877123,140346551,140346901,EH38E3666404,EH38E2414249,141876000,141877000,140346000,140347000,1,-1
7421,chr5,141878910,141879122,140346551,140346901,EH38E3666410,EH38E2414249,141879000,141880000,140346000,140347000,1,-1
7422,chr5,141879149,141879494,140346551,140346901,EH38E3666411,EH38E2414249,141879000,141880000,140346000,140347000,1,-1
7423,chr5,142235071,142235255,140346551,140346901,EH38E3666640,EH38E2414249,142235000,142236000,140346000,140347000,1,-1
7424,chr5,142235329,142235490,140346551,140346901,EH38E3666641,EH38E2414249,142235000,142236000,140346000,140347000,1,-1
7425,chr5,142235531,142235870,140346551,140346901,EH38E3666642,EH38E2414249,142235000,142236000,140346000,140347000,1,-1
7426,chr5,142235945,142236216,140346551,140346901,EH38E3666643,EH38E2414249,142235000,142236000,140346000,140347000,1,-1
7427,chr5,142360779,142361128,140346551,140346901,EH38E3666745,EH38E2414249,142361000,142362000,140346000,140347000,1,-1
7428,chr5,139294318,139294613,140401456,140401806,EH38E3664547,EH38E2414282,139294000,139295000,140401000,140402000,1,-1
7429,chr5,139668281,139668629,140401456,140401806,EH38E2413661,EH38E2414282,139668000,139669000,140401000,140402000,1,-1
7430,chr5,140175576,140175920,140401456,140401806,EH38E3665367,EH38E2414282,140175000,140176000,140401000,140402000,1,-1
7431,chr5,140241355,140241702,140401456,140401806,EH38E3665423,EH38E2414282,140241000,140242000,140401000,140402000,1,-1
7432,chr5,140242160,140242435,140401456,140401806,EH38E3665424,EH38E2414282,140242000,140243000,140401000,140402000,3,-1
7433,chr5,140303313,140303516,140401456,140401806,EH38E3665485,EH38E2414282,140303000,140304000,140401000,140402000,3,-1
7434,chr5,140400741,140400995,140401456,140401806,EH38E3665546,EH38E2414282,140400000,140401000,140401000,140402000,198,-1
7435,chr5,140401001,140401315,140401456,140401806,EH38E3665547,EH38E2414282,140401000,140402000,140401000,140402000,111,-1
7436,chr5,140402383,140402732,140401456,140401806,EH38E3665550,EH38E2414282,140402000,140403000,140401000,140402000,399,-1
7437,chr5,140402779,140402961,140401456,140401806,EH38E2414286,EH38E2414282,140402000,140403000,140401000,140402000,399,-1
7438,chr5,140548006,140548354,140401456,140401806,EH38E3665576,EH38E2414282,140548000,140549000,140401000,140402000,4,-1
7439,chr5,140557131,140557288,140401456,140401806,EH38E3665585,EH38E2414282,140557000,140558000,140401000,140402000,6,-1
7440,chr5,140557295,140557636,140401456,140401806,EH38E3665586,EH38E2414282,140557000,140558000,140401000,140402000,6,-1
7441,chr5,140557649,140557851,140401456,140401806,EH38E3665587,EH38E2414282,140557000,140558000,140401000,140402000,6,-1
7442,chr5,140639663,140639843,140401456,140401806,EH38E3665656,EH38E2414282,140639000,140640000,140401000,140402000,3,-1
7443,chr5,141001505,141001850,140401456,140401806,EH38E3665814,EH38E2414282,141001000,141002000,140401000,140402000,1,-1
7444,chr5,141003904,141004108,140401456,140401806,EH38E3665817,EH38E2414282,141004000,141005000,140401000,140402000,1,-1
7445,chr5,141004141,141004489,140401456,140401806,EH38E2414560,EH38E2414282,141004000,141005000,140401000,140402000,1,-1
7446,chr5,141040092,141040442,140401456,140401806,EH38E2414570,EH38E2414282,141040000,141041000,140401000,140402000,2,-1
7447,chr5,141040503,141040704,140401456,140401806,EH38E2414571,EH38E2414282,141040000,141041000,140401000,140402000,2,-1
7448,chr5,141040857,141041033,140401456,140401806,EH38E2414572,EH38E2414282,141040000,141041000,140401000,140402000,2,-1
7449,chr5,141875922,141876260,140401456,140401806,EH38E3666401,EH38E2414282,141876000,141877000,140401000,140402000,1,-1
7450,chr5,141876297,141876499,140401456,140401806,EH38E3666402,EH38E2414282,141876000,141877000,140401000,140402000,1,-1
7451,chr5,141876644,141876823,140401456,140401806,EH38E3666403,EH38E2414282,141876000,141877000,140401000,140402000,1,-1
7452,chr5,141876834,141877123,140401456,140401806,EH38E3666404,EH38E2414282,141876000,141877000,140401000,140402000,1,-1
7453,chr5,138337648,138337826,140547426,140547773,EH38E3663889,EH38E2414326,138337000,138338000,140547000,140548000,1,-1
7454,chr5,138337834,138338076,140547426,140547773,EH38E2412467,EH38E2414326,138337000,138338000,140547000,140548000,1,-1
7455,chr5,139560771,139560979,140547426,140547773,EH38E3664785,EH38E2414326,139560000,139561000,140547000,140548000,1,-1
7456,chr5,139649054,139649235,140547426,140547773,EH38E3664882,EH38E2414326,139649000,139650000,140547000,140548000,1,-1
7457,chr5,140174554,140174773,140547426,140547773,EH38E2414069,EH38E2414326,140174000,140175000,140547000,140548000,1,-1
7458,chr5,140175576,140175920,140547426,140547773,EH38E3665367,EH38E2414326,140175000,140176000,140547000,140548000,2,-1
7459,chr5,140241355,140241702,140547426,140547773,EH38E3665423,EH38E2414326,140241000,140242000,140547000,140548000,1,-1
7460,chr5,140242160,140242435,140547426,140547773,EH38E3665424,EH38E2414326,140242000,140243000,140547000,140548000,3,-1
7461,chr5,140302789,140302948,140547426,140547773,EH38E3665483,EH38E2414326,140302000,140303000,140547000,140548000,1,-1
7462,chr5,140303313,140303516,140547426,140547773,EH38E3665485,EH38E2414326,140303000,140304000,140547000,140548000,1,-1
7463,chr5,140400741,140400995,140547426,140547773,EH38E3665546,EH38E2414326,140400000,140401000,140547000,140548000,8,-1
7464,chr5,140401001,140401315,140547426,140547773,EH38E3665547,EH38E2414326,140401000,140402000,140547000,140548000,5,-1
7465,chr5,140402383,140402732,140547426,140547773,EH38E3665550,EH38E2414326,140402000,140403000,140547000,140548000,2,-1
7466,chr5,140402779,140402961,140547426,140547773,EH38E2414286,EH38E2414326,140402000,140403000,140547000,140548000,2,-1
7467,chr5,140548006,140548354,140547426,140547773,EH38E3665576,EH38E2414326,140548000,140549000,140547000,140548000,448,-1
7468,chr5,140557131,140557288,140547426,140547773,EH38E3665585,EH38E2414326,140557000,140558000,140547000,140548000,38,-1
7469,chr5,140557295,140557636,140547426,140547773,EH38E3665586,EH38E2414326,140557000,140558000,140547000,140548000,38,-1
7470,chr5,140557649,140557851,140547426,140547773,EH38E3665587,EH38E2414326,140557000,140558000,140547000,140548000,38,-1
7471,chr5,140639663,140639843,140547426,140547773,EH38E3665656,EH38E2414326,140639000,140640000,140547000,140548000,18,-1
7472,chr5,140986256,140986580,140547426,140547773,EH38E3665805,EH38E2414326,140986000,140987000,140547000,140548000,1,-1
7473,chr5,140986735,140986944,140547426,140547773,EH38E2414543,EH38E2414326,140986000,140987000,140547000,140548000,1,-1
7474,chr5,141040857,141041033,140547426,140547773,EH38E2414572,EH38E2414326,141041000,141042000,140547000,140548000,1,-1
7475,chr5,141041067,141041417,140547426,140547773,EH38E2414573,EH38E2414326,141041000,141042000,140547000,140548000,1,-1
7476,chr5,141320184,141320532,140547426,140547773,EH38E3665923,EH38E2414326,141320000,141321000,140547000,140548000,1,-1
7477,chr5,141524636,141524982,140547426,140547773,EH38E2414788,EH38E2414326,141524000,141525000,140547000,140548000,1,-1
7478,chr5,141636472,141636648,140547426,140547773,EH38E2414875,EH38E2414326,141636000,141637000,140547000,140548000,1,-1
7479,chr5,141680849,141681199,140547426,140547773,EH38E2414910,EH38E2414326,141680000,141681000,140547000,140548000,1,-1
7480,chr5,141850776,141851102,140547426,140547773,EH38E3666351,EH38E2414326,141851000,141852000,140547000,140548000,1,-1
7481,chr5,141851169,141851373,140547426,140547773,EH38E3666352,EH38E2414326,141851000,141852000,140547000,140548000,1,-1
7482,chr5,141875394,141875629,140547426,140547773,EH38E3666399,EH38E2414326,141875000,141876000,140547000,140548000,1,-1
7483,chr5,141875692,141875844,140547426,140547773,EH38E3666400,EH38E2414326,141875000,141876000,140547000,140548000,1,-1
7484,chr5,141875922,141876260,140547426,140547773,EH38E3666401,EH38E2414326,141875000,141876000,140547000,140548000,1,-1
7485,chr5,142108926,142109085,140547426,140547773,EH38E3666564,EH38E2414326,142109000,142110000,140547000,140548000,1,-1
7486,chr5,142174983,142175331,140547426,140547773,EH38E3666607,EH38E2414326,142174000,142175000,140547000,140548000,1,-1
7487,chr5,142360779,142361128,140547426,140547773,EH38E3666745,EH38E2414326,142360000,142361000,140547000,140548000,1,-1
7488,chr5,138032218,138032562,140564283,140564455,EH38E3663788,EH38E3665596,138032000,138033000,140564000,140565000,1,-1
7489,chr5,138337648,138337826,140564283,140564455,EH38E3663889,EH38E3665596,138337000,138338000,140564000,140565000,1,-1
7490,chr5,138337834,138338076,140564283,140564455,EH38E2412467,EH38E3665596,138337000,138338000,140564000,140565000,1,-1
7491,chr5,139649054,139649235,140564283,140564455,EH38E3664882,EH38E3665596,139649000,139650000,140564000,140565000,1,-1
7492,chr5,140174554,140174773,140564283,140564455,EH38E2414069,EH38E3665596,140174000,140175000,140564000,140565000,1,-1
7493,chr5,140175576,140175920,140564283,140564455,EH38E3665367,EH38E3665596,140175000,140176000,140564000,140565000,2,-1
7494,chr5,140241355,140241702,140564283,140564455,EH38E3665423,EH38E3665596,140241000,140242000,140564000,140565000,2,-1
7495,chr5,140242160,140242435,140564283,140564455,EH38E3665424,EH38E3665596,140242000,140243000,140564000,140565000,3,-1
7496,chr5,140302789,140302948,140564283,140564455,EH38E3665483,EH38E3665596,140302000,140303000,140564000,140565000,1,-1
7497,chr5,140303313,140303516,140564283,140564455,EH38E3665485,EH38E3665596,140303000,140304000,140564000,140565000,1,-1
7498,chr5,140400741,140400995,140564283,140564455,EH38E3665546,EH38E3665596,140400000,140401000,140564000,140565000,1,-1
7499,chr5,140401001,140401315,140564283,140564455,EH38E3665547,EH38E3665596,140401000,140402000,140564000,140565000,6,-1
7500,chr5,140402383,140402732,140564283,140564455,EH38E3665550,EH38E3665596,140402000,140403000,140564000,140565000,1,-1
7501,chr5,140402779,140402961,140564283,140564455,EH38E2414286,EH38E3665596,140402000,140403000,140564000,140565000,1,-1
7502,chr5,140548006,140548354,140564283,140564455,EH38E3665576,EH38E3665596,140548000,140549000,140564000,140565000,19,-1
7503,chr5,140557131,140557288,140564283,140564455,EH38E3665585,EH38E3665596,140557000,140558000,140564000,140565000,71,-1
7504,chr5,140557295,140557636,140564283,140564455,EH38E3665586,EH38E3665596,140557000,140558000,140564000,140565000,71,-1
7505,chr5,140557649,140557851,140564283,140564455,EH38E3665587,EH38E3665596,140557000,140558000,140564000,140565000,71,-1
7506,chr5,140639663,140639843,140564283,140564455,EH38E3665656,EH38E3665596,140639000,140640000,140564000,140565000,20,-1
7507,chr5,140986256,140986580,140564283,140564455,EH38E3665805,EH38E3665596,140986000,140987000,140564000,140565000,1,-1
7508,chr5,140986735,140986944,140564283,140564455,EH38E2414543,EH38E3665596,140986000,140987000,140564000,140565000,1,-1
7509,chr5,141003904,141004108,140564283,140564455,EH38E3665817,EH38E3665596,141004000,141005000,140564000,140565000,1,-1
7510,chr5,141004141,141004489,140564283,140564455,EH38E2414560,EH38E3665596,141004000,141005000,140564000,140565000,1,-1
7511,chr5,141094780,141094983,140564283,140564455,EH38E3665830,EH38E3665596,141094000,141095000,140564000,140565000,1,-1
7512,chr5,141513737,141514083,140564283,140564455,EH38E3666073,EH38E3665596,141513000,141514000,140564000,140565000,1,-1
7513,chr5,141850033,141850251,140564283,140564455,EH38E3666349,EH38E3665596,141850000,141851000,140564000,140565000,1,-1
7514,chr5,141850776,141851102,140564283,140564455,EH38E3666351,EH38E3665596,141850000,141851000,140564000,140565000,1,-1
7515,chr5,141969327,141969549,140564283,140564455,EH38E3666477,EH38E3665596,141969000,141970000,140564000,140565000,1,-1
7516,chr5,138032218,138032562,140564468,140564818,EH38E3663788,EH38E3665597,138032000,138033000,140564000,140565000,1,-1
7517,chr5,138337648,138337826,140564468,140564818,EH38E3663889,EH38E3665597,138337000,138338000,140564000,140565000,1,-1
7518,chr5,138337834,138338076,140564468,140564818,EH38E2412467,EH38E3665597,138337000,138338000,140564000,140565000,1,-1
7519,chr5,139649054,139649235,140564468,140564818,EH38E3664882,EH38E3665597,139649000,139650000,140564000,140565000,1,-1
7520,chr5,140174554,140174773,140564468,140564818,EH38E2414069,EH38E3665597,140174000,140175000,140564000,140565000,1,-1
7521,chr5,140175576,140175920,140564468,140564818,EH38E3665367,EH38E3665597,140175000,140176000,140564000,140565000,2,-1
7522,chr5,140241355,140241702,140564468,140564818,EH38E3665423,EH38E3665597,140241000,140242000,140564000,140565000,2,-1
7523,chr5,140242160,140242435,140564468,140564818,EH38E3665424,EH38E3665597,140242000,140243000,140564000,140565000,3,-1
7524,chr5,140302789,140302948,140564468,140564818,EH38E3665483,EH38E3665597,140302000,140303000,140564000,140565000,1,-1
7525,chr5,140303313,140303516,140564468,140564818,EH38E3665485,EH38E3665597,140303000,140304000,140564000,140565000,1,-1
7526,chr5,140400741,140400995,140564468,140564818,EH38E3665546,EH38E3665597,140400000,140401000,140564000,140565000,1,-1
7527,chr5,140401001,140401315,140564468,140564818,EH38E3665547,EH38E3665597,140401000,140402000,140564000,140565000,6,-1
7528,chr5,140402383,140402732,140564468,140564818,EH38E3665550,EH38E3665597,140402000,140403000,140564000,140565000,1,-1
7529,chr5,140402779,140402961,140564468,140564818,EH38E2414286,EH38E3665597,140402000,140403000,140564000,140565000,1,-1
7530,chr5,140548006,140548354,140564468,140564818,EH38E3665576,EH38E3665597,140548000,140549000,140564000,140565000,19,-1
7531,chr5,140557131,140557288,140564468,140564818,EH38E3665585,EH38E3665597,140557000,140558000,140564000,140565000,71,-1
7532,chr5,140557295,140557636,140564468,140564818,EH38E3665586,EH38E3665597,140557000,140558000,140564000,140565000,71,-1
7533,chr5,140557649,140557851,140564468,140564818,EH38E3665587,EH38E3665597,140557000,140558000,140564000,140565000,71,-1
7534,chr5,140639663,140639843,140564468,140564818,EH38E3665656,EH38E3665597,140639000,140640000,140564000,140565000,20,-1
7535,chr5,140986256,140986580,140564468,140564818,EH38E3665805,EH38E3665597,140986000,140987000,140564000,140565000,1,-1
7536,chr5,140986735,140986944,140564468,140564818,EH38E2414543,EH38E3665597,140986000,140987000,140564000,140565000,1,-1
7537,chr5,141003904,141004108,140564468,140564818,EH38E3665817,EH38E3665597,141004000,141005000,140564000,140565000,1,-1
7538,chr5,141004141,141004489,140564468,140564818,EH38E2414560,EH38E3665597,141004000,141005000,140564000,140565000,1,-1
7539,chr5,141094780,141094983,140564468,140564818,EH38E3665830,EH38E3665597,141094000,141095000,140564000,140565000,1,-1
7540,chr5,141513737,141514083,140564468,140564818,EH38E3666073,EH38E3665597,141513000,141514000,140564000,140565000,1,-1
7541,chr5,141850033,141850251,140564468,140564818,EH38E3666349,EH38E3665597,141850000,141851000,140564000,140565000,1,-1
7542,chr5,141850776,141851102,140564468,140564818,EH38E3666351,EH38E3665597,141850000,141851000,140564000,140565000,1,-1
7543,chr5,141969327,141969549,140564468,140564818,EH38E3666477,EH38E3665597,141969000,141970000,140564000,140565000,1,-1
7544,chr5,138752362,138752541,140639174,140639524,EH38E3664198,EH38E2414405,138752000,138753000,140639000,140640000,1,-1
7545,chr5,138752994,138753174,140639174,140639524,EH38E3664200,EH38E2414405,138752000,138753000,140639000,140640000,1,-1
7546,chr5,139473193,139473455,140639174,140639524,EH38E2413463,EH38E2414405,139473000,139474000,140639000,140640000,1,-1
7547,chr5,139560771,139560979,140639174,140639524,EH38E3664785,EH38E2414405,139560000,139561000,140639000,140640000,1,-1
7548,chr5,139696927,139697274,140639174,140639524,EH38E3664981,EH38E2414405,139697000,139698000,140639000,140640000,1,-1
7549,chr5,139697299,139697552,140639174,140639524,EH38E3664982,EH38E2414405,139697000,139698000,140639000,140640000,1,-1
7550,chr5,139697586,139697793,140639174,140639524,EH38E3664983,EH38E2414405,139697000,139698000,140639000,140640000,1,-1
7551,chr5,140174554,140174773,140639174,140639524,EH38E2414069,EH38E2414405,140174000,140175000,140639000,140640000,1,-1
7552,chr5,140241355,140241702,140639174,140639524,EH38E3665423,EH38E2414405,140241000,140242000,140639000,140640000,2,-1
7553,chr5,140242160,140242435,140639174,140639524,EH38E3665424,EH38E2414405,140242000,140243000,140639000,140640000,2,-1
7554,chr5,140302789,140302948,140639174,140639524,EH38E3665483,EH38E2414405,140302000,140303000,140639000,140640000,2,-1
7555,chr5,140400741,140400995,140639174,140639524,EH38E3665546,EH38E2414405,140400000,140401000,140639000,140640000,2,-1
7556,chr5,140401001,140401315,140639174,140639524,EH38E3665547,EH38E2414405,140401000,140402000,140639000,140640000,3,-1
7557,chr5,140402383,140402732,140639174,140639524,EH38E3665550,EH38E2414405,140402000,140403000,140639000,140640000,2,-1
7558,chr5,140402779,140402961,140639174,140639524,EH38E2414286,EH38E2414405,140402000,140403000,140639000,140640000,2,-1
7559,chr5,140548006,140548354,140639174,140639524,EH38E3665576,EH38E2414405,140548000,140549000,140639000,140640000,12,-1
7560,chr5,140557131,140557288,140639174,140639524,EH38E3665585,EH38E2414405,140557000,140558000,140639000,140640000,19,-1
7561,chr5,140557295,140557636,140639174,140639524,EH38E3665586,EH38E2414405,140557000,140558000,140639000,140640000,19,-1
7562,chr5,140557649,140557851,140639174,140639524,EH38E3665587,EH38E2414405,140557000,140558000,140639000,140640000,19,-1
7563,chr5,140639663,140639843,140639174,140639524,EH38E3665656,EH38E2414405,140639000,140640000,140639000,140640000,526,-1
7564,chr5,141003904,141004108,140639174,140639524,EH38E3665817,EH38E2414405,141003000,141004000,140639000,140640000,1,-1
7565,chr5,141135498,141135791,140639174,140639524,EH38E3665844,EH38E2414405,141135000,141136000,140639000,140640000,1,-1
7566,chr5,142235945,142236216,140639174,140639524,EH38E3666643,EH38E2414405,142236000,142237000,140639000,140640000,1,-1
7567,chr5,142701958,142702255,140639174,140639524,EH38E2415889,EH38E2414405,142702000,142703000,140639000,140640000,1,-1
7568,chr5,138724986,138725143,140647561,140647908,EH38E3664182,EH38E3665663,138724000,138725000,140647000,140648000,1,-1
7569,chr5,138945843,138946013,140647561,140647908,EH38E3664319,EH38E3665663,138946000,138947000,140647000,140648000,1,-1
7570,chr5,139668281,139668629,140647561,140647908,EH38E2413661,EH38E3665663,139668000,139669000,140647000,140648000,1,-1
7571,chr5,139696927,139697274,140647561,140647908,EH38E3664981,EH38E3665663,139697000,139698000,140647000,140648000,1,-1
7572,chr5,139697299,139697552,140647561,140647908,EH38E3664982,EH38E3665663,139697000,139698000,140647000,140648000,1,-1
7573,chr5,139697586,139697793,140647561,140647908,EH38E3664983,EH38E3665663,139697000,139698000,140647000,140648000,1,-1
7574,chr5,140174554,140174773,140647561,140647908,EH38E2414069,EH38E3665663,140174000,140175000,140647000,140648000,1,-1
7575,chr5,140175576,140175920,140647561,140647908,EH38E3665367,EH38E3665663,140175000,140176000,140647000,140648000,2,-1
7576,chr5,140241355,140241702,140647561,140647908,EH38E3665423,EH38E3665663,140241000,140242000,140647000,140648000,1,-1
7577,chr5,140303313,140303516,140647561,140647908,EH38E3665485,EH38E3665663,140303000,140304000,140647000,140648000,5,-1
7578,chr5,140400741,140400995,140647561,140647908,EH38E3665546,EH38E3665663,140400000,140401000,140647000,140648000,1,-1
7579,chr5,140401001,140401315,140647561,140647908,EH38E3665547,EH38E3665663,140401000,140402000,140647000,140648000,1,-1
7580,chr5,140402383,140402732,140647561,140647908,EH38E3665550,EH38E3665663,140402000,140403000,140647000,140648000,1,-1
7581,chr5,140402779,140402961,140647561,140647908,EH38E2414286,EH38E3665663,140402000,140403000,140647000,140648000,1,-1
7582,chr5,140548006,140548354,140647561,140647908,EH38E3665576,EH38E3665663,140548000,140549000,140647000,140648000,7,-1
7583,chr5,140557131,140557288,140647561,140647908,EH38E3665585,EH38E3665663,140557000,140558000,140647000,140648000,9,-1
7584,chr5,140557295,140557636,140647561,140647908,EH38E3665586,EH38E3665663,140557000,140558000,140647000,140648000,9,-1
7585,chr5,140557649,140557851,140647561,140647908,EH38E3665587,EH38E3665663,140557000,140558000,140647000,140648000,9,-1
7586,chr5,140639663,140639843,140647561,140647908,EH38E3665656,EH38E3665663,140639000,140640000,140647000,140648000,44,-1
7587,chr5,141001505,141001850,140647561,140647908,EH38E3665814,EH38E3665663,141001000,141002000,140647000,140648000,1,-1
7588,chr5,141003904,141004108,140647561,140647908,EH38E3665817,EH38E3665663,141003000,141004000,140647000,140648000,1,-1
7589,chr5,141004141,141004489,140647561,140647908,EH38E2414560,EH38E3665663,141004000,141005000,140647000,140648000,2,-1
7590,chr5,141040092,141040442,140647561,140647908,EH38E2414570,EH38E3665663,141040000,141041000,140647000,140648000,1,-1
7591,chr5,141040503,141040704,140647561,140647908,EH38E2414571,EH38E3665663,141040000,141041000,140647000,140648000,1,-1
7592,chr5,141040857,141041033,140647561,140647908,EH38E2414572,EH38E3665663,141040000,141041000,140647000,140648000,1,-1
7593,chr5,141320184,141320532,140647561,140647908,EH38E3665923,EH38E3665663,141320000,141321000,140647000,140648000,1,-1
7594,chr5,141513737,141514083,140647561,140647908,EH38E3666073,EH38E3665663,141513000,141514000,140647000,140648000,1,-1
7595,chr5,141849015,141849305,140647561,140647908,EH38E3666347,EH38E3665663,141849000,141850000,140647000,140648000,1,-1
7596,chr5,141849357,141849546,140647561,140647908,EH38E2415104,EH38E3665663,141849000,141850000,140647000,140648000,1,-1
7597,chr5,141849598,141849945,140647561,140647908,EH38E3666348,EH38E3665663,141849000,141850000,140647000,140648000,1,-1
7598,chr5,138465821,138466052,140664596,140664945,EH38E3663971,EH38E3665668,138466000,138467000,140664000,140665000,1,-1
7599,chr5,138542873,138543066,140664596,140664945,EH38E3664046,EH38E3665668,138542000,138543000,140664000,140665000,1,-1
7600,chr5,139696764,139696915,140664596,140664945,EH38E3664980,EH38E3665668,139696000,139697000,140664000,140665000,1,-1
7601,chr5,139696927,139697274,140664596,140664945,EH38E3664981,EH38E3665668,139696000,139697000,140664000,140665000,1,-1
7602,chr5,139709009,139709183,140664596,140664945,EH38E3664999,EH38E3665668,139709000,139710000,140664000,140665000,1,-1
7603,chr5,139709183,139709533,140664596,140664945,EH38E2413737,EH38E3665668,139709000,139710000,140664000,140665000,1,-1
7604,chr5,139709641,139709990,140664596,140664945,EH38E3665000,EH38E3665668,139709000,139710000,140664000,140665000,1,-1
7605,chr5,140174554,140174773,140664596,140664945,EH38E2414069,EH38E3665668,140174000,140175000,140664000,140665000,1,-1
7606,chr5,140241355,140241702,140664596,140664945,EH38E3665423,EH38E3665668,140241000,140242000,140664000,140665000,1,-1
7607,chr5,140302789,140302948,140664596,140664945,EH38E3665483,EH38E3665668,140302000,140303000,140664000,140665000,1,-1
7608,chr5,140303313,140303516,140664596,140664945,EH38E3665485,EH38E3665668,140303000,140304000,140664000,140665000,1,-1
7609,chr5,140400741,140400995,140664596,140664945,EH38E3665546,EH38E3665668,140400000,140401000,140664000,140665000,1,-1
7610,chr5,140401001,140401315,140664596,140664945,EH38E3665547,EH38E3665668,140401000,140402000,140664000,140665000,2,-1
7611,chr5,140402383,140402732,140664596,140664945,EH38E3665550,EH38E3665668,140402000,140403000,140664000,140665000,5,-1
7612,chr5,140402779,140402961,140664596,140664945,EH38E2414286,EH38E3665668,140402000,140403000,140664000,140665000,5,-1
7613,chr5,140548006,140548354,140664596,140664945,EH38E3665576,EH38E3665668,140548000,140549000,140664000,140665000,6,-1
7614,chr5,140557131,140557288,140664596,140664945,EH38E3665585,EH38E3665668,140557000,140558000,140664000,140665000,6,-1
7615,chr5,140557295,140557636,140664596,140664945,EH38E3665586,EH38E3665668,140557000,140558000,140664000,140665000,6,-1
7616,chr5,140557649,140557851,140664596,140664945,EH38E3665587,EH38E3665668,140557000,140558000,140664000,140665000,6,-1
7617,chr5,140639663,140639843,140664596,140664945,EH38E3665656,EH38E3665668,140639000,140640000,140664000,140665000,14,-1
7618,chr5,141040092,141040442,140664596,140664945,EH38E2414570,EH38E3665668,141040000,141041000,140664000,140665000,1,-1
7619,chr5,141040503,141040704,140664596,140664945,EH38E2414571,EH38E3665668,141040000,141041000,140664000,140665000,1,-1
7620,chr5,141040857,141041033,140664596,140664945,EH38E2414572,EH38E3665668,141040000,141041000,140664000,140665000,1,-1
7621,chr5,141524636,141524982,140664596,140664945,EH38E2414788,EH38E3665668,141524000,141525000,140664000,140665000,1,-1
7622,chr5,141681740,141682084,140664596,140664945,EH38E3666188,EH38E3665668,141682000,141683000,140664000,140665000,1,-1
7623,chr5,141923267,141923528,140664596,140664945,EH38E3666437,EH38E3665668,141923000,141924000,140664000,140665000,1,-1
7624,chr5,141923945,141924219,140664596,140664945,EH38E3666439,EH38E3665668,141923000,141924000,140664000,140665000,1,-1
7625,chr5,138752994,138753174,140691296,140691643,EH38E3664200,EH38E3665688,138753000,138754000,140691000,140692000,1,-1
7626,chr5,138753550,138753873,140691296,140691643,EH38E3664202,EH38E3665688,138753000,138754000,140691000,140692000,1,-1
7627,chr5,139649054,139649235,140691296,140691643,EH38E3664882,EH38E3665688,139649000,139650000,140691000,140692000,1,-1
7628,chr5,140400741,140400995,140691296,140691643,EH38E3665546,EH38E3665688,140400000,140401000,140691000,140692000,3,-1
7629,chr5,140401001,140401315,140691296,140691643,EH38E3665547,EH38E3665688,140401000,140402000,140691000,140692000,2,-1
7630,chr5,140548006,140548354,140691296,140691643,EH38E3665576,EH38E3665688,140548000,140549000,140691000,140692000,6,-1
7631,chr5,140557131,140557288,140691296,140691643,EH38E3665585,EH38E3665688,140557000,140558000,140691000,140692000,2,-1
7632,chr5,140557295,140557636,140691296,140691643,EH38E3665586,EH38E3665688,140557000,140558000,140691000,140692000,2,-1
7633,chr5,140557649,140557851,140691296,140691643,EH38E3665587,EH38E3665688,140557000,140558000,140691000,140692000,2,-1
7634,chr5,140639663,140639843,140691296,140691643,EH38E3665656,EH38E3665688,140639000,140640000,140691000,140692000,6,-1
7635,chr5,141094780,141094983,140691296,140691643,EH38E3665830,EH38E3665688,141094000,141095000,140691000,140692000,2,-1
7636,chr5,141320184,141320532,140691296,140691643,EH38E3665923,EH38E3665688,141320000,141321000,140691000,140692000,2,-1
7637,chr5,141564142,141564488,140691296,140691643,EH38E3666100,EH38E3665688,141564000,141565000,140691000,140692000,1,-1
7638,chr5,141681740,141682084,140691296,140691643,EH38E3666188,EH38E3665688,141682000,141683000,140691000,140692000,1,-1
7639,chr5,141850033,141850251,140691296,140691643,EH38E3666349,EH38E3665688,141850000,141851000,140691000,140692000,1,-1
7640,chr5,141850776,141851102,140691296,140691643,EH38E3666351,EH38E3665688,141850000,141851000,140691000,140692000,1,-1
7641,chr5,141851169,141851373,140691296,140691643,EH38E3666352,EH38E3665688,141851000,141852000,140691000,140692000,1,-1
7642,chr5,142012413,142012723,140691296,140691643,EH38E3666504,EH38E3665688,142012000,142013000,140691000,140692000,1,-1
7643,chr5,142356357,142356706,140691296,140691643,EH38E2415571,EH38E3665688,142356000,142357000,140691000,140692000,1,-1
7644,chr5,142356711,142356891,140691296,140691643,EH38E2415572,EH38E3665688,142356000,142357000,140691000,140692000,1,-1
7645,chr5,142356955,142357304,140691296,140691643,EH38E3666738,EH38E3665688,142356000,142357000,140691000,140692000,1,-1
7646,chr5,138464007,138464356,140700188,140700535,EH38E2412551,EH38E3665691,138464000,138465000,140700000,140701000,1,-1
7647,chr5,138464399,138464600,140700188,140700535,EH38E2412552,EH38E3665691,138464000,138465000,140700000,140701000,1,-1
7648,chr5,138464708,138464867,140700188,140700535,EH38E3663968,EH38E3665691,138464000,138465000,140700000,140701000,1,-1
7649,chr5,138464869,138465218,140700188,140700535,EH38E2412554,EH38E3665691,138464000,138465000,140700000,140701000,1,-1
7650,chr5,139709009,139709183,140700188,140700535,EH38E3664999,EH38E3665691,139709000,139710000,140700000,140701000,1,-1
7651,chr5,139709183,139709533,140700188,140700535,EH38E2413737,EH38E3665691,139709000,139710000,140700000,140701000,1,-1
7652,chr5,139709641,139709990,140700188,140700535,EH38E3665000,EH38E3665691,139709000,139710000,140700000,140701000,1,-1
7653,chr5,139710049,139710250,140700188,140700535,EH38E3665001,EH38E3665691,139710000,139711000,140700000,140701000,1,-1
7654,chr5,139710275,139710623,140700188,140700535,EH38E2413740,EH38E3665691,139710000,139711000,140700000,140701000,1,-1
7655,chr5,140174554,140174773,140700188,140700535,EH38E2414069,EH38E3665691,140174000,140175000,140700000,140701000,1,-1
7656,chr5,140302789,140302948,140700188,140700535,EH38E3665483,EH38E3665691,140302000,140303000,140700000,140701000,1,-1
7657,chr5,140400741,140400995,140700188,140700535,EH38E3665546,EH38E3665691,140400000,140401000,140700000,140701000,2,-1
7658,chr5,140401001,140401315,140700188,140700535,EH38E3665547,EH38E3665691,140401000,140402000,140700000,140701000,3,-1
7659,chr5,140402383,140402732,140700188,140700535,EH38E3665550,EH38E3665691,140402000,140403000,140700000,140701000,1,-1
7660,chr5,140402779,140402961,140700188,140700535,EH38E2414286,EH38E3665691,140402000,140403000,140700000,140701000,1,-1
7661,chr5,140548006,140548354,140700188,140700535,EH38E3665576,EH38E3665691,140548000,140549000,140700000,140701000,1,-1
7662,chr5,140557131,140557288,140700188,140700535,EH38E3665585,EH38E3665691,140557000,140558000,140700000,140701000,3,-1
7663,chr5,140557295,140557636,140700188,140700535,EH38E3665586,EH38E3665691,140557000,140558000,140700000,140701000,3,-1
7664,chr5,140557649,140557851,140700188,140700535,EH38E3665587,EH38E3665691,140557000,140558000,140700000,140701000,3,-1
7665,chr5,140639663,140639843,140700188,140700535,EH38E3665656,EH38E3665691,140639000,140640000,140700000,140701000,5,-1
7666,chr5,140986256,140986580,140700188,140700535,EH38E3665805,EH38E3665691,140986000,140987000,140700000,140701000,1,-1
7667,chr5,140986735,140986944,140700188,140700535,EH38E2414543,EH38E3665691,140986000,140987000,140700000,140701000,1,-1
7668,chr5,141680849,141681199,140700188,140700535,EH38E2414910,EH38E3665691,141681000,141682000,140700000,140701000,1,-1
7669,chr5,141681740,141682084,140700188,140700535,EH38E3666188,EH38E3665691,141681000,141682000,140700000,140701000,1,-1
7670,chr5,141849015,141849305,140700188,140700535,EH38E3666347,EH38E3665691,141849000,141850000,140700000,140701000,1,-1
7671,chr5,141849357,141849546,140700188,140700535,EH38E2415104,EH38E3665691,141849000,141850000,140700000,140701000,1,-1
7672,chr5,141849598,141849945,140700188,140700535,EH38E3666348,EH38E3665691,141849000,141850000,140700000,140701000,1,-1
7673,chr5,142108926,142109085,140700188,140700535,EH38E3666564,EH38E3665691,142109000,142110000,140700000,140701000,1,-1
7674,chr5,142174983,142175331,140700188,140700535,EH38E3666607,EH38E3665691,142175000,142176000,140700000,140701000,1,-1
7675,chr5,138754172,138754518,140711069,140711418,EH38E2412816,EH38E3665699,138754000,138755000,140711000,140712000,1,-1
7676,chr5,139404293,139404482,140711069,140711418,EH38E3664654,EH38E3665699,139404000,139405000,140711000,140712000,1,-1
7677,chr5,140174554,140174773,140711069,140711418,EH38E2414069,EH38E3665699,140174000,140175000,140711000,140712000,1,-1
7678,chr5,140241355,140241702,140711069,140711418,EH38E3665423,EH38E3665699,140241000,140242000,140711000,140712000,1,-1
7679,chr5,140242160,140242435,140711069,140711418,EH38E3665424,EH38E3665699,140242000,140243000,140711000,140712000,1,-1
7680,chr5,140302789,140302948,140711069,140711418,EH38E3665483,EH38E3665699,140302000,140303000,140711000,140712000,1,-1
7681,chr5,140401001,140401315,140711069,140711418,EH38E3665547,EH38E3665699,140401000,140402000,140711000,140712000,2,-1
7682,chr5,140402383,140402732,140711069,140711418,EH38E3665550,EH38E3665699,140402000,140403000,140711000,140712000,1,-1
7683,chr5,140402779,140402961,140711069,140711418,EH38E2414286,EH38E3665699,140402000,140403000,140711000,140712000,1,-1
7684,chr5,140548006,140548354,140711069,140711418,EH38E3665576,EH38E3665699,140548000,140549000,140711000,140712000,4,-1
7685,chr5,140557131,140557288,140711069,140711418,EH38E3665585,EH38E3665699,140557000,140558000,140711000,140712000,2,-1
7686,chr5,140557295,140557636,140711069,140711418,EH38E3665586,EH38E3665699,140557000,140558000,140711000,140712000,2,-1
7687,chr5,140557649,140557851,140711069,140711418,EH38E3665587,EH38E3665699,140557000,140558000,140711000,140712000,2,-1
7688,chr5,140639663,140639843,140711069,140711418,EH38E3665656,EH38E3665699,140639000,140640000,140711000,140712000,4,-1
7689,chr5,140986256,140986580,140711069,140711418,EH38E3665805,EH38E3665699,140986000,140987000,140711000,140712000,1,-1
7690,chr5,140986735,140986944,140711069,140711418,EH38E2414543,EH38E3665699,140986000,140987000,140711000,140712000,1,-1
7691,chr5,141040092,141040442,140711069,140711418,EH38E2414570,EH38E3665699,141040000,141041000,140711000,140712000,1,-1
7692,chr5,141040503,141040704,140711069,140711418,EH38E2414571,EH38E3665699,141040000,141041000,140711000,140712000,1,-1
7693,chr5,141040857,141041033,140711069,140711418,EH38E2414572,EH38E3665699,141040000,141041000,140711000,140712000,1,-1
7694,chr5,141094780,141094983,140711069,140711418,EH38E3665830,EH38E3665699,141094000,141095000,140711000,140712000,1,-1
7695,chr5,141513737,141514083,140711069,140711418,EH38E3666073,EH38E3665699,141514000,141515000,140711000,140712000,2,-1
7696,chr5,141514123,141514456,140711069,140711418,EH38E3666074,EH38E3665699,141514000,141515000,140711000,140712000,2,-1
7697,chr5,141514468,141514625,140711069,140711418,EH38E3666075,EH38E3665699,141514000,141515000,140711000,140712000,2,-1
7698,chr5,141514639,141514872,140711069,140711418,EH38E3666076,EH38E3665699,141514000,141515000,140711000,140712000,2,-1
7699,chr5,141923267,141923528,140711069,140711418,EH38E3666437,EH38E3665699,141923000,141924000,140711000,140712000,1,-1
7700,chr5,141923945,141924219,140711069,140711418,EH38E3666439,EH38E3665699,141923000,141924000,140711000,140712000,1,-1
7701,chr5,139294318,139294613,140725983,140726319,EH38E3664547,EH38E3665707,139294000,139295000,140725000,140726000,1,-1
7702,chr5,139696927,139697274,140725983,140726319,EH38E3664981,EH38E3665707,139697000,139698000,140725000,140726000,1,-1
7703,chr5,139697299,139697552,140725983,140726319,EH38E3664982,EH38E3665707,139697000,139698000,140725000,140726000,1,-1
7704,chr5,139697586,139697793,140725983,140726319,EH38E3664983,EH38E3665707,139697000,139698000,140725000,140726000,1,-1
7705,chr5,140241355,140241702,140725983,140726319,EH38E3665423,EH38E3665707,140241000,140242000,140725000,140726000,1,-1
7706,chr5,140242160,140242435,140725983,140726319,EH38E3665424,EH38E3665707,140242000,140243000,140725000,140726000,2,-1
7707,chr5,140302789,140302948,140725983,140726319,EH38E3665483,EH38E3665707,140302000,140303000,140725000,140726000,1,-1
7708,chr5,140400741,140400995,140725983,140726319,EH38E3665546,EH38E3665707,140400000,140401000,140725000,140726000,2,-1
7709,chr5,140402383,140402732,140725983,140726319,EH38E3665550,EH38E3665707,140402000,140403000,140725000,140726000,2,-1
7710,chr5,140402779,140402961,140725983,140726319,EH38E2414286,EH38E3665707,140402000,140403000,140725000,140726000,2,-1
7711,chr5,140548006,140548354,140725983,140726319,EH38E3665576,EH38E3665707,140548000,140549000,140725000,140726000,8,-1
7712,chr5,140557131,140557288,140725983,140726319,EH38E3665585,EH38E3665707,140557000,140558000,140725000,140726000,4,-1
7713,chr5,140557295,140557636,140725983,140726319,EH38E3665586,EH38E3665707,140557000,140558000,140725000,140726000,4,-1
7714,chr5,140557649,140557851,140725983,140726319,EH38E3665587,EH38E3665707,140557000,140558000,140725000,140726000,4,-1
7715,chr5,140639663,140639843,140725983,140726319,EH38E3665656,EH38E3665707,140639000,140640000,140725000,140726000,4,-1
7716,chr5,140986256,140986580,140725983,140726319,EH38E3665805,EH38E3665707,140986000,140987000,140725000,140726000,1,-1
7717,chr5,140986735,140986944,140725983,140726319,EH38E2414543,EH38E3665707,140986000,140987000,140725000,140726000,1,-1
7718,chr5,141002021,141002369,140725983,140726319,EH38E3665815,EH38E3665707,141002000,141003000,140725000,140726000,1,-1
7719,chr5,141002397,141002547,140725983,140726319,EH38E3665816,EH38E3665707,141002000,141003000,140725000,140726000,1,-1
7720,chr5,141557709,141558056,140725983,140726319,EH38E3666097,EH38E3665707,141558000,141559000,140725000,140726000,1,-1
7721,chr5,141680849,141681199,140725983,140726319,EH38E2414910,EH38E3665707,141681000,141682000,140725000,140726000,1,-1
7722,chr5,141681740,141682084,140725983,140726319,EH38E3666188,EH38E3665707,141681000,141682000,140725000,140726000,1,-1
7723,chr5,141845616,141845768,140725983,140726319,EH38E2415097,EH38E3665707,141845000,141846000,140725000,140726000,1,-1
7724,chr5,137755007,137755195,140725983,140726319,EH38E3663660,EH38E3665707,137755000,137756000,140726000,140727000,1,-1
7725,chr5,140174554,140174773,140725983,140726319,EH38E2414069,EH38E3665707,140174000,140175000,140726000,140727000,1,-1
7726,chr5,140175576,140175920,140725983,140726319,EH38E3665367,EH38E3665707,140175000,140176000,140726000,140727000,2,-1
7727,chr5,141560773,141561107,140725983,140726319,EH38E2414813,EH38E3665707,141561000,141562000,140726000,140727000,1,-1
7728,chr5,141877835,141878036,140725983,140726319,EH38E3666407,EH38E3665707,141878000,141879000,140726000,140727000,1,-1
7729,chr5,141878733,141878891,140725983,140726319,EH38E3666409,EH38E3665707,141878000,141879000,140726000,140727000,1,-1
7730,chr5,141878910,141879122,140725983,140726319,EH38E3666410,EH38E3665707,141878000,141879000,140726000,140727000,1,-1
7731,chr5,142325996,142326344,140725983,140726319,EH38E3666721,EH38E3665707,142326000,142327000,140726000,140727000,1,-1
7732,chr5,142326360,142326563,140725983,140726319,EH38E3666722,EH38E3665707,142326000,142327000,140726000,140727000,1,-1
7733,chr5,142326584,142326860,140725983,140726319,EH38E3666723,EH38E3665707,142326000,142327000,140726000,140727000,1,-1
7734,chr5,140986256,140986580,140868766,140869067,EH38E3665805,EH38E3665756,140986000,140987000,140868000,140869000,1,-1
7735,chr5,140986735,140986944,140868766,140869067,EH38E2414543,EH38E3665756,140986000,140987000,140868000,140869000,1,-1
7736,chr5,141002021,141002369,140868766,140869067,EH38E3665815,EH38E3665756,141002000,141003000,140868000,140869000,1,-1
7737,chr5,141002397,141002547,140868766,140869067,EH38E3665816,EH38E3665756,141002000,141003000,140868000,140869000,1,-1
7738,chr5,141320184,141320532,140868766,140869067,EH38E3665923,EH38E3665756,141320000,141321000,140868000,140869000,1,-1
7739,chr5,141838392,141838730,140868766,140869067,EH38E2415084,EH38E3665756,141838000,141839000,140868000,140869000,1,-1
7740,chr5,141839000,141839345,140868766,140869067,EH38E2415085,EH38E3665756,141838000,141839000,140868000,140869000,1,-1
7741,chr5,140557131,140557288,140868766,140869067,EH38E3665585,EH38E3665756,140557000,140558000,140869000,140870000,1,-1
7742,chr5,140557295,140557636,140868766,140869067,EH38E3665586,EH38E3665756,140557000,140558000,140869000,140870000,1,-1
7743,chr5,140557649,140557851,140868766,140869067,EH38E3665587,EH38E3665756,140557000,140558000,140869000,140870000,1,-1
7744,chr5,141001505,141001850,140868766,140869067,EH38E3665814,EH38E3665756,141001000,141002000,140869000,140870000,2,-1
7745,chr5,141003904,141004108,140868766,140869067,EH38E3665817,EH38E3665756,141004000,141005000,140869000,140870000,2,-1
7746,chr5,141004141,141004489,140868766,140869067,EH38E2414560,EH38E3665756,141004000,141005000,140869000,140870000,2,-1
7747,chr5,141040092,141040442,140868766,140869067,EH38E2414570,EH38E3665756,141040000,141041000,140869000,140870000,10,-1
7748,chr5,141040503,141040704,140868766,140869067,EH38E2414571,EH38E3665756,141040000,141041000,140869000,140870000,10,-1
7749,chr5,141040857,141041033,140868766,140869067,EH38E2414572,EH38E3665756,141040000,141041000,140869000,140870000,10,-1
7750,chr5,141041067,141041417,140868766,140869067,EH38E2414573,EH38E3665756,141041000,141042000,140869000,140870000,12,-1
7751,chr5,141094780,141094983,140868766,140869067,EH38E3665830,EH38E3665756,141094000,141095000,140869000,140870000,1,-1
7752,chr5,141135498,141135791,140868766,140869067,EH38E3665844,EH38E3665756,141135000,141136000,140869000,140870000,1,-1
7753,chr5,141513737,141514083,140868766,140869067,EH38E3666073,EH38E3665756,141513000,141514000,140869000,140870000,1,-1
7754,chr5,141557709,141558056,140868766,140869067,EH38E3666097,EH38E3665756,141557000,141558000,140869000,140870000,1,-1
7755,chr5,141839350,141839520,140868766,140869067,EH38E3666328,EH38E3665756,141839000,141840000,140869000,140870000,1,-1
7756,chr5,141843192,141843533,140868766,140869067,EH38E3666335,EH38E3665756,141843000,141844000,140869000,140870000,1,-1
7757,chr5,141872906,141873253,140868766,140869067,EH38E3666394,EH38E3665756,141873000,141874000,140869000,140870000,1,-1
7758,chr5,142327971,142328149,140868766,140869067,EH38E3666726,EH38E3665756,142328000,142329000,140869000,140870000,1,-1
7759,chr5,142896358,142896691,140868766,140869067,EH38E2416113,EH38E3665756,142896000,142897000,140869000,140870000,1,-1
7760,chr5,138331436,138331613,140882523,140882861,EH38E3663885,EH38E2414506,138331000,138332000,140882000,140883000,1,-1
7761,chr5,140241355,140241702,140882523,140882861,EH38E3665423,EH38E2414506,140241000,140242000,140882000,140883000,1,-1
7762,chr5,140402383,140402732,140882523,140882861,EH38E3665550,EH38E2414506,140402000,140403000,140882000,140883000,1,-1
7763,chr5,140402779,140402961,140882523,140882861,EH38E2414286,EH38E2414506,140402000,140403000,140882000,140883000,1,-1
7764,chr5,140986256,140986580,140882523,140882861,EH38E3665805,EH38E2414506,140986000,140987000,140882000,140883000,1,-1
7765,chr5,140986735,140986944,140882523,140882861,EH38E2414543,EH38E2414506,140986000,140987000,140882000,140883000,1,-1
7766,chr5,141001505,141001850,140882523,140882861,EH38E3665814,EH38E2414506,141001000,141002000,140882000,140883000,3,-1
7767,chr5,141002021,141002369,140882523,140882861,EH38E3665815,EH38E2414506,141002000,141003000,140882000,140883000,4,-1
7768,chr5,141002397,141002547,140882523,140882861,EH38E3665816,EH38E2414506,141002000,141003000,140882000,140883000,4,-1
7769,chr5,141003904,141004108,140882523,140882861,EH38E3665817,EH38E2414506,141004000,141005000,140882000,140883000,3,-1
7770,chr5,141004141,141004489,140882523,140882861,EH38E2414560,EH38E2414506,141004000,141005000,140882000,140883000,3,-1
7771,chr5,141040092,141040442,140882523,140882861,EH38E2414570,EH38E2414506,141040000,141041000,140882000,140883000,25,-1
7772,chr5,141040503,141040704,140882523,140882861,EH38E2414571,EH38E2414506,141040000,141041000,140882000,140883000,25,-1
7773,chr5,141040857,141041033,140882523,140882861,EH38E2414572,EH38E2414506,141040000,141041000,140882000,140883000,25,-1
7774,chr5,141041067,141041417,140882523,140882861,EH38E2414573,EH38E2414506,141041000,141042000,140882000,140883000,9,-1
7775,chr5,141094780,141094983,140882523,140882861,EH38E3665830,EH38E2414506,141094000,141095000,140882000,140883000,3,-1
7776,chr5,141513737,141514083,140882523,140882861,EH38E3666073,EH38E2414506,141514000,141515000,140882000,140883000,1,-1
7777,chr5,141514123,141514456,140882523,140882861,EH38E3666074,EH38E2414506,141514000,141515000,140882000,140883000,1,-1
7778,chr5,141514468,141514625,140882523,140882861,EH38E3666075,EH38E2414506,141514000,141515000,140882000,140883000,1,-1
7779,chr5,141514639,141514872,140882523,140882861,EH38E3666076,EH38E2414506,141514000,141515000,140882000,140883000,1,-1
7780,chr5,141923267,141923528,140882523,140882861,EH38E3666437,EH38E2414506,141923000,141924000,140882000,140883000,1,-1
7781,chr5,141923945,141924219,140882523,140882861,EH38E3666439,EH38E2414506,141923000,141924000,140882000,140883000,1,-1
7782,chr5,142295350,142295699,140882523,140882861,EH38E2415495,EH38E2414506,142295000,142296000,140882000,140883000,1,-1
7783,chr5,138032218,138032562,140926262,140926430,EH38E3663788,EH38E2414509,138032000,138033000,140926000,140927000,1,-1
7784,chr5,138464869,138465218,140926262,140926430,EH38E2412554,EH38E2414509,138465000,138466000,140926000,140927000,1,-1
7785,chr5,138465638,138465793,140926262,140926430,EH38E3663970,EH38E2414509,138465000,138466000,140926000,140927000,1,-1
7786,chr5,138465821,138466052,140926262,140926430,EH38E3663971,EH38E2414509,138465000,138466000,140926000,140927000,1,-1
7787,chr5,138945843,138946013,140926262,140926430,EH38E3664319,EH38E2414509,138945000,138946000,140926000,140927000,1,-1
7788,chr5,139696764,139696915,140926262,140926430,EH38E3664980,EH38E2414509,139696000,139697000,140926000,140927000,1,-1
7789,chr5,139696927,139697274,140926262,140926430,EH38E3664981,EH38E2414509,139696000,139697000,140926000,140927000,1,-1
7790,chr5,140174554,140174773,140926262,140926430,EH38E2414069,EH38E2414509,140174000,140175000,140926000,140927000,1,-1
7791,chr5,140402383,140402732,140926262,140926430,EH38E3665550,EH38E2414509,140402000,140403000,140926000,140927000,1,-1
7792,chr5,140402779,140402961,140926262,140926430,EH38E2414286,EH38E2414509,140402000,140403000,140926000,140927000,1,-1
7793,chr5,140557131,140557288,140926262,140926430,EH38E3665585,EH38E2414509,140557000,140558000,140926000,140927000,1,-1
7794,chr5,140557295,140557636,140926262,140926430,EH38E3665586,EH38E2414509,140557000,140558000,140926000,140927000,1,-1
7795,chr5,140557649,140557851,140926262,140926430,EH38E3665587,EH38E2414509,140557000,140558000,140926000,140927000,1,-1
7796,chr5,140639663,140639843,140926262,140926430,EH38E3665656,EH38E2414509,140639000,140640000,140926000,140927000,1,-1
7797,chr5,140986256,140986580,140926262,140926430,EH38E3665805,EH38E2414509,140986000,140987000,140926000,140927000,7,-1
7798,chr5,140986735,140986944,140926262,140926430,EH38E2414543,EH38E2414509,140986000,140987000,140926000,140927000,7,-1
7799,chr5,141001505,141001850,140926262,140926430,EH38E3665814,EH38E2414509,141001000,141002000,140926000,140927000,13,-1
7800,chr5,141002021,141002369,140926262,140926430,EH38E3665815,EH38E2414509,141002000,141003000,140926000,140927000,16,-1
7801,chr5,141002397,141002547,140926262,140926430,EH38E3665816,EH38E2414509,141002000,141003000,140926000,140927000,16,-1
7802,chr5,141003904,141004108,140926262,140926430,EH38E3665817,EH38E2414509,141003000,141004000,140926000,140927000,10,-1
7803,chr5,141004141,141004489,140926262,140926430,EH38E2414560,EH38E2414509,141004000,141005000,140926000,140927000,12,-1
7804,chr5,141040092,141040442,140926262,140926430,EH38E2414570,EH38E2414509,141040000,141041000,140926000,140927000,75,-1
7805,chr5,141040503,141040704,140926262,140926430,EH38E2414571,EH38E2414509,141040000,141041000,140926000,140927000,75,-1
7806,chr5,141040857,141041033,140926262,140926430,EH38E2414572,EH38E2414509,141040000,141041000,140926000,140927000,75,-1
7807,chr5,141041067,141041417,140926262,140926430,EH38E2414573,EH38E2414509,141041000,141042000,140926000,140927000,29,-1
7808,chr5,141094780,141094983,140926262,140926430,EH38E3665830,EH38E2414509,141094000,141095000,140926000,140927000,2,-1
7809,chr5,141557709,141558056,140926262,140926430,EH38E3666097,EH38E2414509,141558000,141559000,140926000,140927000,1,-1
7810,chr5,141838392,141838730,140926262,140926430,EH38E2415084,EH38E2414509,141838000,141839000,140926000,140927000,1,-1
7811,chr5,141839000,141839345,140926262,140926430,EH38E2415085,EH38E2414509,141839000,141840000,140926000,140927000,1,-1
7812,chr5,141843192,141843533,140926262,140926430,EH38E3666335,EH38E2414509,141843000,141844000,140926000,140927000,1,-1
7813,chr5,141849015,141849305,140926262,140926430,EH38E3666347,EH38E2414509,141849000,141850000,140926000,140927000,1,-1
7814,chr5,141849357,141849546,140926262,140926430,EH38E2415104,EH38E2414509,141849000,141850000,140926000,140927000,1,-1
7815,chr5,141849598,141849945,140926262,140926430,EH38E3666348,EH38E2414509,141849000,141850000,140926000,140927000,1,-1
7816,chr5,142012413,142012723,140926262,140926430,EH38E3666504,EH38E2414509,142012000,142013000,140926000,140927000,1,-1
7817,chr5,139543783,139544119,140966452,140966801,EH38E3664772,EH38E3665793,139543000,139544000,140966000,140967000,1,-1
7818,chr5,139668281,139668629,140966452,140966801,EH38E2413661,EH38E3665793,139668000,139669000,140966000,140967000,1,-1
7819,chr5,139709009,139709183,140966452,140966801,EH38E3664999,EH38E3665793,139709000,139710000,140966000,140967000,1,-1
7820,chr5,139709183,139709533,140966452,140966801,EH38E2413737,EH38E3665793,139709000,139710000,140966000,140967000,1,-1
7821,chr5,139709641,139709990,140966452,140966801,EH38E3665000,EH38E3665793,139709000,139710000,140966000,140967000,1,-1
7822,chr5,139710049,139710250,140966452,140966801,EH38E3665001,EH38E3665793,139710000,139711000,140966000,140967000,1,-1
7823,chr5,139710275,139710623,140966452,140966801,EH38E2413740,EH38E3665793,139710000,139711000,140966000,140967000,1,-1
7824,chr5,140241355,140241702,140966452,140966801,EH38E3665423,EH38E3665793,140241000,140242000,140966000,140967000,1,-1
7825,chr5,140302789,140302948,140966452,140966801,EH38E3665483,EH38E3665793,140302000,140303000,140966000,140967000,2,-1
7826,chr5,140557131,140557288,140966452,140966801,EH38E3665585,EH38E3665793,140557000,140558000,140966000,140967000,1,-1
7827,chr5,140557295,140557636,140966452,140966801,EH38E3665586,EH38E3665793,140557000,140558000,140966000,140967000,1,-1
7828,chr5,140557649,140557851,140966452,140966801,EH38E3665587,EH38E3665793,140557000,140558000,140966000,140967000,1,-1
7829,chr5,140986256,140986580,140966452,140966801,EH38E3665805,EH38E3665793,140986000,140987000,140966000,140967000,20,-1
7830,chr5,140986735,140986944,140966452,140966801,EH38E2414543,EH38E3665793,140986000,140987000,140966000,140967000,20,-1
7831,chr5,141001505,141001850,140966452,140966801,EH38E3665814,EH38E3665793,141001000,141002000,140966000,140967000,14,-1
7832,chr5,141002021,141002369,140966452,140966801,EH38E3665815,EH38E3665793,141002000,141003000,140966000,140967000,19,-1
7833,chr5,141002397,141002547,140966452,140966801,EH38E3665816,EH38E3665793,141002000,141003000,140966000,140967000,19,-1
7834,chr5,141003904,141004108,140966452,140966801,EH38E3665817,EH38E3665793,141003000,141004000,140966000,140967000,12,-1
7835,chr5,141004141,141004489,140966452,140966801,EH38E2414560,EH38E3665793,141004000,141005000,140966000,140967000,16,-1
7836,chr5,141040092,141040442,140966452,140966801,EH38E2414570,EH38E3665793,141040000,141041000,140966000,140967000,27,-1
7837,chr5,141040503,141040704,140966452,140966801,EH38E2414571,EH38E3665793,141040000,141041000,140966000,140967000,27,-1
7838,chr5,141040857,141041033,140966452,140966801,EH38E2414572,EH38E3665793,141040000,141041000,140966000,140967000,27,-1
7839,chr5,141041067,141041417,140966452,140966801,EH38E2414573,EH38E3665793,141041000,141042000,140966000,140967000,7,-1
7840,chr5,141094780,141094983,140966452,140966801,EH38E3665830,EH38E3665793,141094000,141095000,140966000,140967000,2,-1
7841,chr5,141135498,141135791,140966452,140966801,EH38E3665844,EH38E3665793,141135000,141136000,140966000,140967000,1,-1
7842,chr5,141513737,141514083,140966452,140966801,EH38E3666073,EH38E3665793,141513000,141514000,140966000,140967000,1,-1
7843,chr5,141560773,141561107,140966452,140966801,EH38E2414813,EH38E3665793,141561000,141562000,140966000,140967000,1,-1
7844,chr5,141636472,141636648,140966452,140966801,EH38E2414875,EH38E3665793,141636000,141637000,140966000,140967000,1,-1
7845,chr5,141680849,141681199,140966452,140966801,EH38E2414910,EH38E3665793,141681000,141682000,140966000,140967000,1,-1
7846,chr5,141681740,141682084,140966452,140966801,EH38E3666188,EH38E3665793,141681000,141682000,140966000,140967000,1,-1
7847,chr5,141816311,141816489,140966452,140966801,EH38E3666305,EH38E3665793,141816000,141817000,140966000,140967000,1,-1
7848,chr5,141816658,141816996,140966452,140966801,EH38E2415059,EH38E3665793,141816000,141817000,140966000,140967000,1,-1
7849,chr5,141849015,141849305,140966452,140966801,EH38E3666347,EH38E3665793,141849000,141850000,140966000,140967000,1,-1
7850,chr5,141849357,141849546,140966452,140966801,EH38E2415104,EH38E3665793,141849000,141850000,140966000,140967000,1,-1
7851,chr5,141849598,141849945,140966452,140966801,EH38E3666348,EH38E3665793,141849000,141850000,140966000,140967000,1,-1
7852,chr5,141850033,141850251,140966452,140966801,EH38E3666349,EH38E3665793,141850000,141851000,140966000,140967000,1,-1
7853,chr5,141850776,141851102,140966452,140966801,EH38E3666351,EH38E3665793,141850000,141851000,140966000,140967000,1,-1
7854,chr5,141875922,141876260,140966452,140966801,EH38E3666401,EH38E3665793,141876000,141877000,140966000,140967000,1,-1
7855,chr5,141876297,141876499,140966452,140966801,EH38E3666402,EH38E3665793,141876000,141877000,140966000,140967000,1,-1
7856,chr5,141876644,141876823,140966452,140966801,EH38E3666403,EH38E3665793,141876000,141877000,140966000,140967000,1,-1
7857,chr5,141876834,141877123,140966452,140966801,EH38E3666404,EH38E3665793,141876000,141877000,140966000,140967000,1,-1
7858,chr5,141969327,141969549,140966452,140966801,EH38E3666477,EH38E3665793,141969000,141970000,140966000,140967000,1,-1
7859,chr5,142108926,142109085,140966452,140966801,EH38E3666564,EH38E3665793,142109000,142110000,140966000,140967000,1,-1
7860,chr5,139518277,139518522,141051122,141051470,EH38E2413503,EH38E2414576,139518000,139519000,141051000,141052000,1,-1
7861,chr5,140174554,140174773,141051122,141051470,EH38E2414069,EH38E2414576,140174000,140175000,141051000,141052000,1,-1
7862,chr5,140302789,140302948,141051122,141051470,EH38E3665483,EH38E2414576,140302000,140303000,141051000,141052000,1,-1
7863,chr5,140400741,140400995,141051122,141051470,EH38E3665546,EH38E2414576,140400000,140401000,141051000,141052000,2,-1
7864,chr5,140401001,140401315,141051122,141051470,EH38E3665547,EH38E2414576,140401000,140402000,141051000,141052000,1,-1
7865,chr5,140548006,140548354,141051122,141051470,EH38E3665576,EH38E2414576,140548000,140549000,141051000,141052000,1,-1
7866,chr5,140986256,140986580,141051122,141051470,EH38E3665805,EH38E2414576,140986000,140987000,141051000,141052000,3,-1
7867,chr5,140986735,140986944,141051122,141051470,EH38E2414543,EH38E2414576,140986000,140987000,141051000,141052000,3,-1
7868,chr5,141001505,141001850,141051122,141051470,EH38E3665814,EH38E2414576,141001000,141002000,141051000,141052000,3,-1
7869,chr5,141003904,141004108,141051122,141051470,EH38E3665817,EH38E2414576,141004000,141005000,141051000,141052000,4,-1
7870,chr5,141004141,141004489,141051122,141051470,EH38E2414560,EH38E2414576,141004000,141005000,141051000,141052000,4,-1
7871,chr5,141040092,141040442,141051122,141051470,EH38E2414570,EH38E2414576,141040000,141041000,141051000,141052000,4,-1
7872,chr5,141040503,141040704,141051122,141051470,EH38E2414571,EH38E2414576,141040000,141041000,141051000,141052000,4,-1
7873,chr5,141040857,141041033,141051122,141051470,EH38E2414572,EH38E2414576,141040000,141041000,141051000,141052000,4,-1
7874,chr5,141041067,141041417,141051122,141051470,EH38E2414573,EH38E2414576,141041000,141042000,141051000,141052000,14,-1
7875,chr5,141094780,141094983,141051122,141051470,EH38E3665830,EH38E2414576,141094000,141095000,141051000,141052000,5,-1
7876,chr5,141513737,141514083,141051122,141051470,EH38E3666073,EH38E2414576,141513000,141514000,141051000,141052000,2,-1
7877,chr5,141560773,141561107,141051122,141051470,EH38E2414813,EH38E2414576,141561000,141562000,141051000,141052000,1,-1
7878,chr5,141636472,141636648,141051122,141051470,EH38E2414875,EH38E2414576,141636000,141637000,141051000,141052000,1,-1
7879,chr5,141843192,141843533,141051122,141051470,EH38E3666335,EH38E2414576,141843000,141844000,141051000,141052000,1,-1
7880,chr5,141845616,141845768,141051122,141051470,EH38E2415097,EH38E2414576,141845000,141846000,141051000,141052000,1,-1
7881,chr5,141876834,141877123,141051122,141051470,EH38E3666404,EH38E2414576,141877000,141878000,141051000,141052000,1,-1
7882,chr5,141877835,141878036,141051122,141051470,EH38E3666407,EH38E2414576,141877000,141878000,141051000,141052000,1,-1
7883,chr5,142174983,142175331,141051122,141051470,EH38E3666607,EH38E2414576,142175000,142176000,141051000,141052000,1,-1
7884,chr5,142269041,142269356,141051122,141051470,EH38E3666663,EH38E2414576,142269000,142270000,141051000,141052000,1,-1
7885,chr5,138945843,138946013,141094424,141094767,EH38E3664319,EH38E3665829,138946000,138947000,141094000,141095000,2,-1
7886,chr5,140986256,140986580,141094424,141094767,EH38E3665805,EH38E3665829,140986000,140987000,141094000,141095000,1,-1
7887,chr5,140986735,140986944,141094424,141094767,EH38E2414543,EH38E3665829,140986000,140987000,141094000,141095000,1,-1
7888,chr5,141001505,141001850,141094424,141094767,EH38E3665814,EH38E3665829,141001000,141002000,141094000,141095000,1,-1
7889,chr5,141002021,141002369,141094424,141094767,EH38E3665815,EH38E3665829,141002000,141003000,141094000,141095000,1,-1
7890,chr5,141002397,141002547,141094424,141094767,EH38E3665816,EH38E3665829,141002000,141003000,141094000,141095000,1,-1
7891,chr5,141040092,141040442,141094424,141094767,EH38E2414570,EH38E3665829,141040000,141041000,141094000,141095000,5,-1
7892,chr5,141040503,141040704,141094424,141094767,EH38E2414571,EH38E3665829,141040000,141041000,141094000,141095000,5,-1
7893,chr5,141040857,141041033,141094424,141094767,EH38E2414572,EH38E3665829,141040000,141041000,141094000,141095000,5,-1
7894,chr5,141041067,141041417,141094424,141094767,EH38E2414573,EH38E3665829,141041000,141042000,141094000,141095000,2,-1
7895,chr5,141094780,141094983,141094424,141094767,EH38E3665830,EH38E3665829,141094000,141095000,141094000,141095000,187,-1
7896,chr5,141135498,141135791,141094424,141094767,EH38E3665844,EH38E3665829,141135000,141136000,141094000,141095000,3,-1
7897,chr5,141320184,141320532,141094424,141094767,EH38E3665923,EH38E3665829,141320000,141321000,141094000,141095000,1,-1
7898,chr5,141524636,141524982,141094424,141094767,EH38E2414788,EH38E3665829,141524000,141525000,141094000,141095000,1,-1
7899,chr5,141557709,141558056,141094424,141094767,EH38E3666097,EH38E3665829,141557000,141558000,141094000,141095000,1,-1
7900,chr5,141560773,141561107,141094424,141094767,EH38E2414813,EH38E3665829,141561000,141562000,141094000,141095000,1,-1
7901,chr5,141636472,141636648,141094424,141094767,EH38E2414875,EH38E3665829,141636000,141637000,141094000,141095000,1,-1
7902,chr5,141875394,141875629,141094424,141094767,EH38E3666399,EH38E3665829,141875000,141876000,141094000,141095000,1,-1
7903,chr5,141875692,141875844,141094424,141094767,EH38E3666400,EH38E3665829,141875000,141876000,141094000,141095000,1,-1
7904,chr5,141875922,141876260,141094424,141094767,EH38E3666401,EH38E3665829,141875000,141876000,141094000,141095000,1,-1
7905,chr5,142108926,142109085,141094424,141094767,EH38E3666564,EH38E3665829,142109000,142110000,141094000,141095000,1,-1
7906,chr5,142295350,142295699,141094424,141094767,EH38E2415495,EH38E3665829,142295000,142296000,141094000,141095000,1,-1
7907,chr5,139696927,139697274,141100291,141100582,EH38E3664981,EH38E2414585,139697000,139698000,141100000,141101000,1,-1
7908,chr5,139697299,139697552,141100291,141100582,EH38E3664982,EH38E2414585,139697000,139698000,141100000,141101000,1,-1
7909,chr5,139697586,139697793,141100291,141100582,EH38E3664983,EH38E2414585,139697000,139698000,141100000,141101000,1,-1
7910,chr5,140175576,140175920,141100291,141100582,EH38E3665367,EH38E2414585,140175000,140176000,141100000,141101000,1,-1
7911,chr5,140400741,140400995,141100291,141100582,EH38E3665546,EH38E2414585,140400000,140401000,141100000,141101000,1,-1
7912,chr5,141040092,141040442,141100291,141100582,EH38E2414570,EH38E2414585,141040000,141041000,141100000,141101000,1,-1
7913,chr5,141040503,141040704,141100291,141100582,EH38E2414571,EH38E2414585,141040000,141041000,141100000,141101000,1,-1
7914,chr5,141040857,141041033,141100291,141100582,EH38E2414572,EH38E2414585,141040000,141041000,141100000,141101000,1,-1
7915,chr5,141041067,141041417,141100291,141100582,EH38E2414573,EH38E2414585,141041000,141042000,141100000,141101000,1,-1
7916,chr5,141094780,141094983,141100291,141100582,EH38E3665830,EH38E2414585,141094000,141095000,141100000,141101000,17,-1
7917,chr5,141135498,141135791,141100291,141100582,EH38E3665844,EH38E2414585,141135000,141136000,141100000,141101000,7,-1
7918,chr5,141320184,141320532,141100291,141100582,EH38E3665923,EH38E2414585,141320000,141321000,141100000,141101000,1,-1
7919,chr5,141513737,141514083,141100291,141100582,EH38E3666073,EH38E2414585,141513000,141514000,141100000,141101000,2,-1
7920,chr5,141557709,141558056,141100291,141100582,EH38E3666097,EH38E2414585,141558000,141559000,141100000,141101000,2,-1
7921,chr5,141560773,141561107,141100291,141100582,EH38E2414813,EH38E2414585,141560000,141561000,141100000,141101000,1,-1
7922,chr5,141636472,141636648,141100291,141100582,EH38E2414875,EH38E2414585,141636000,141637000,141100000,141101000,1,-1
7923,chr5,141969327,141969549,141100291,141100582,EH38E3666477,EH38E2414585,141969000,141970000,141100000,141101000,1,-1
7924,chr5,142108926,142109085,141100291,141100582,EH38E3666564,EH38E2414585,142109000,142110000,141100000,141101000,1,-1
7925,chr5,142295350,142295699,141100291,141100582,EH38E2415495,EH38E2414585,142295000,142296000,141100000,141101000,2,-1
7926,chr5,138337834,138338076,141135026,141135370,EH38E2412467,EH38E2414590,138338000,138339000,141135000,141136000,1,-1
7927,chr5,139294318,139294613,141135026,141135370,EH38E3664547,EH38E2414590,139294000,139295000,141135000,141136000,1,-1
7928,chr5,139696927,139697274,141135026,141135370,EH38E3664981,EH38E2414590,139697000,139698000,141135000,141136000,1,-1
7929,chr5,139697299,139697552,141135026,141135370,EH38E3664982,EH38E2414590,139697000,139698000,141135000,141136000,1,-1
7930,chr5,139697586,139697793,141135026,141135370,EH38E3664983,EH38E2414590,139697000,139698000,141135000,141136000,1,-1
7931,chr5,140241355,140241702,141135026,141135370,EH38E3665423,EH38E2414590,140241000,140242000,141135000,141136000,1,-1
7932,chr5,140639663,140639843,141135026,141135370,EH38E3665656,EH38E2414590,140639000,140640000,141135000,141136000,1,-1
7933,chr5,141094780,141094983,141135026,141135370,EH38E3665830,EH38E2414590,141094000,141095000,141135000,141136000,3,-1
7934,chr5,141135498,141135791,141135026,141135370,EH38E3665844,EH38E2414590,141135000,141136000,141135000,141136000,327,-1
7935,chr5,141320184,141320532,141135026,141135370,EH38E3665923,EH38E2414590,141320000,141321000,141135000,141136000,3,-1
7936,chr5,141513737,141514083,141135026,141135370,EH38E3666073,EH38E2414590,141514000,141515000,141135000,141136000,1,-1
7937,chr5,141514123,141514456,141135026,141135370,EH38E3666074,EH38E2414590,141514000,141515000,141135000,141136000,1,-1
7938,chr5,141514468,141514625,141135026,141135370,EH38E3666075,EH38E2414590,141514000,141515000,141135000,141136000,1,-1
7939,chr5,141514639,141514872,141135026,141135370,EH38E3666076,EH38E2414590,141514000,141515000,141135000,141136000,1,-1
7940,chr5,141524636,141524982,141135026,141135370,EH38E2414788,EH38E2414590,141524000,141525000,141135000,141136000,1,-1
7941,chr5,141557709,141558056,141135026,141135370,EH38E3666097,EH38E2414590,141557000,141558000,141135000,141136000,2,-1
7942,chr5,141560773,141561107,141135026,141135370,EH38E2414813,EH38E2414590,141560000,141561000,141135000,141136000,1,-1
7943,chr5,141636472,141636648,141135026,141135370,EH38E2414875,EH38E2414590,141636000,141637000,141135000,141136000,1,-1
7944,chr5,141680849,141681199,141135026,141135370,EH38E2414910,EH38E2414590,141680000,141681000,141135000,141136000,1,-1
7945,chr5,141876834,141877123,141135026,141135370,EH38E3666404,EH38E2414590,141877000,141878000,141135000,141136000,1,-1
7946,chr5,141877835,141878036,141135026,141135370,EH38E3666407,EH38E2414590,141877000,141878000,141135000,141136000,1,-1
7947,chr5,141003904,141004108,141182206,141182508,EH38E3665817,EH38E3665873,141004000,141005000,141182000,141183000,1,-1
7948,chr5,141004141,141004489,141182206,141182508,EH38E2414560,EH38E3665873,141004000,141005000,141182000,141183000,1,-1
7949,chr5,141094780,141094983,141182206,141182508,EH38E3665830,EH38E3665873,141094000,141095000,141182000,141183000,5,-1
7950,chr5,141135498,141135791,141182206,141182508,EH38E3665844,EH38E3665873,141135000,141136000,141182000,141183000,6,-1
7951,chr5,141320184,141320532,141182206,141182508,EH38E3665923,EH38E3665873,141320000,141321000,141182000,141183000,3,-1
7952,chr5,141513737,141514083,141182206,141182508,EH38E3666073,EH38E3665873,141513000,141514000,141182000,141183000,1,-1
7953,chr5,141514123,141514456,141182206,141182508,EH38E3666074,EH38E3665873,141514000,141515000,141182000,141183000,1,-1
7954,chr5,141514468,141514625,141182206,141182508,EH38E3666075,EH38E3665873,141514000,141515000,141182000,141183000,1,-1
7955,chr5,141514639,141514872,141182206,141182508,EH38E3666076,EH38E3665873,141514000,141515000,141182000,141183000,1,-1
7956,chr5,141524636,141524982,141182206,141182508,EH38E2414788,EH38E3665873,141524000,141525000,141182000,141183000,1,-1
7957,chr5,141557709,141558056,141182206,141182508,EH38E3666097,EH38E3665873,141557000,141558000,141182000,141183000,2,-1
7958,chr5,141560773,141561107,141182206,141182508,EH38E2414813,EH38E3665873,141560000,141561000,141182000,141183000,1,-1
7959,chr5,141636472,141636648,141182206,141182508,EH38E2414875,EH38E3665873,141636000,141637000,141182000,141183000,3,-1
7960,chr5,141680849,141681199,141182206,141182508,EH38E2414910,EH38E3665873,141680000,141681000,141182000,141183000,1,-1
7961,chr5,141681740,141682084,141182206,141182508,EH38E3666188,EH38E3665873,141681000,141682000,141182000,141183000,1,-1
7962,chr5,142295350,142295699,141182206,141182508,EH38E2415495,EH38E3665873,142295000,142296000,141182000,141183000,1,-1
7963,chr5,142325588,142325935,141182206,141182508,EH38E2415550,EH38E3665873,142325000,142326000,141182000,141183000,1,-1
7964,chr5,142325996,142326344,141182206,141182508,EH38E3666721,EH38E3665873,142325000,142326000,141182000,141183000,1,-1
7965,chr5,142362723,142363073,141182206,141182508,EH38E3666747,EH38E3665873,142363000,142364000,141182000,141183000,1,-1
7966,chr5,140557131,140557288,141223190,141223540,EH38E3665585,EH38E2414616,140557000,140558000,141223000,141224000,1,-1
7967,chr5,140557295,140557636,141223190,141223540,EH38E3665586,EH38E2414616,140557000,140558000,141223000,141224000,1,-1
7968,chr5,140557649,140557851,141223190,141223540,EH38E3665587,EH38E2414616,140557000,140558000,141223000,141224000,1,-1
7969,chr5,141040857,141041033,141223190,141223540,EH38E2414572,EH38E2414616,141041000,141042000,141223000,141224000,1,-1
7970,chr5,141041067,141041417,141223190,141223540,EH38E2414573,EH38E2414616,141041000,141042000,141223000,141224000,1,-1
7971,chr5,141135498,141135791,141223190,141223540,EH38E3665844,EH38E2414616,141135000,141136000,141223000,141224000,4,-1
7972,chr5,141320184,141320532,141223190,141223540,EH38E3665923,EH38E2414616,141320000,141321000,141223000,141224000,2,-1
7973,chr5,141513737,141514083,141223190,141223540,EH38E3666073,EH38E2414616,141513000,141514000,141223000,141224000,5,-1
7974,chr5,141514123,141514456,141223190,141223540,EH38E3666074,EH38E2414616,141514000,141515000,141223000,141224000,5,-1
7975,chr5,141514468,141514625,141223190,141223540,EH38E3666075,EH38E2414616,141514000,141515000,141223000,141224000,5,-1
7976,chr5,141514639,141514872,141223190,141223540,EH38E3666076,EH38E2414616,141514000,141515000,141223000,141224000,5,-1
7977,chr5,141524636,141524982,141223190,141223540,EH38E2414788,EH38E2414616,141524000,141525000,141223000,141224000,2,-1
7978,chr5,141557709,141558056,141223190,141223540,EH38E3666097,EH38E2414616,141557000,141558000,141223000,141224000,8,-1
7979,chr5,141560773,141561107,141223190,141223540,EH38E2414813,EH38E2414616,141560000,141561000,141223000,141224000,3,-1
7980,chr5,141564142,141564488,141223190,141223540,EH38E3666100,EH38E2414616,141564000,141565000,141223000,141224000,1,-1
7981,chr5,141845616,141845768,141223190,141223540,EH38E2415097,EH38E2414616,141845000,141846000,141223000,141224000,1,-1
7982,chr5,141850033,141850251,141223190,141223540,EH38E3666349,EH38E2414616,141850000,141851000,141223000,141224000,2,-1
7983,chr5,141850776,141851102,141223190,141223540,EH38E3666351,EH38E2414616,141850000,141851000,141223000,141224000,2,-1
7984,chr5,141878910,141879122,141223190,141223540,EH38E3666410,EH38E2414616,141879000,141880000,141223000,141224000,1,-1
7985,chr5,141879149,141879494,141223190,141223540,EH38E3666411,EH38E2414616,141879000,141880000,141223000,141224000,1,-1
7986,chr5,142012413,142012723,141223190,141223540,EH38E3666504,EH38E2414616,142012000,142013000,141223000,141224000,1,-1
7987,chr5,138542873,138543066,141245249,141245592,EH38E3664046,EH38E3665910,138542000,138543000,141245000,141246000,1,-1
7988,chr5,139518277,139518522,141245249,141245592,EH38E2413503,EH38E3665910,139518000,139519000,141245000,141246000,1,-1
7989,chr5,140401001,140401315,141245249,141245592,EH38E3665547,EH38E3665910,140401000,140402000,141245000,141246000,1,-1
7990,chr5,141094780,141094983,141245249,141245592,EH38E3665830,EH38E3665910,141094000,141095000,141245000,141246000,2,-1
7991,chr5,141135498,141135791,141245249,141245592,EH38E3665844,EH38E3665910,141135000,141136000,141245000,141246000,2,-1
7992,chr5,141320184,141320532,141245249,141245592,EH38E3665923,EH38E3665910,141320000,141321000,141245000,141246000,1,-1
7993,chr5,141513737,141514083,141245249,141245592,EH38E3666073,EH38E3665910,141513000,141514000,141245000,141246000,9,-1
7994,chr5,141514123,141514456,141245249,141245592,EH38E3666074,EH38E3665910,141514000,141515000,141245000,141246000,5,-1
7995,chr5,141514468,141514625,141245249,141245592,EH38E3666075,EH38E3665910,141514000,141515000,141245000,141246000,5,-1
7996,chr5,141514639,141514872,141245249,141245592,EH38E3666076,EH38E3665910,141514000,141515000,141245000,141246000,5,-1
7997,chr5,141524636,141524982,141245249,141245592,EH38E2414788,EH38E3665910,141524000,141525000,141245000,141246000,4,-1
7998,chr5,141557709,141558056,141245249,141245592,EH38E3666097,EH38E3665910,141557000,141558000,141245000,141246000,5,-1
7999,chr5,141560773,141561107,141245249,141245592,EH38E2414813,EH38E3665910,141560000,141561000,141245000,141246000,3,-1
8000,chr5,141564142,141564488,141245249,141245592,EH38E3666100,EH38E3665910,141564000,141565000,141245000,141246000,5,-1
8001,chr5,141849015,141849305,141245249,141245592,EH38E3666347,EH38E3665910,141849000,141850000,141245000,141246000,1,-1
8002,chr5,141849357,141849546,141245249,141245592,EH38E2415104,EH38E3665910,141849000,141850000,141245000,141246000,1,-1
8003,chr5,141849598,141849945,141245249,141245592,EH38E3666348,EH38E3665910,141849000,141850000,141245000,141246000,1,-1
8004,chr5,138576087,138576388,141320672,141321019,EH38E3664078,EH38E2414631,138576000,138577000,141320000,141321000,1,-1
8005,chr5,138610591,138610872,141320672,141321019,EH38E3664103,EH38E2414631,138610000,138611000,141320000,141321000,1,-1
8006,chr5,138610939,138611134,141320672,141321019,EH38E2412698,EH38E2414631,138610000,138611000,141320000,141321000,1,-1
8007,chr5,141001505,141001850,141320672,141321019,EH38E3665814,EH38E2414631,141001000,141002000,141320000,141321000,1,-1
8008,chr5,141002021,141002369,141320672,141321019,EH38E3665815,EH38E2414631,141002000,141003000,141320000,141321000,1,-1
8009,chr5,141002397,141002547,141320672,141321019,EH38E3665816,EH38E2414631,141002000,141003000,141320000,141321000,1,-1
8010,chr5,141094780,141094983,141320672,141321019,EH38E3665830,EH38E2414631,141094000,141095000,141320000,141321000,1,-1
8011,chr5,141135498,141135791,141320672,141321019,EH38E3665844,EH38E2414631,141135000,141136000,141320000,141321000,3,-1
8012,chr5,141320184,141320532,141320672,141321019,EH38E3665923,EH38E2414631,141320000,141321000,141320000,141321000,342,-1
8013,chr5,141513737,141514083,141320672,141321019,EH38E3666073,EH38E2414631,141513000,141514000,141320000,141321000,7,-1
8014,chr5,141514123,141514456,141320672,141321019,EH38E3666074,EH38E2414631,141514000,141515000,141320000,141321000,5,-1
8015,chr5,141514468,141514625,141320672,141321019,EH38E3666075,EH38E2414631,141514000,141515000,141320000,141321000,5,-1
8016,chr5,141514639,141514872,141320672,141321019,EH38E3666076,EH38E2414631,141514000,141515000,141320000,141321000,5,-1
8017,chr5,141524636,141524982,141320672,141321019,EH38E2414788,EH38E2414631,141524000,141525000,141320000,141321000,4,-1
8018,chr5,141557709,141558056,141320672,141321019,EH38E3666097,EH38E2414631,141557000,141558000,141320000,141321000,2,-1
8019,chr5,141560773,141561107,141320672,141321019,EH38E2414813,EH38E2414631,141560000,141561000,141320000,141321000,3,-1
8020,chr5,141564142,141564488,141320672,141321019,EH38E3666100,EH38E2414631,141564000,141565000,141320000,141321000,2,-1
8021,chr5,141636472,141636648,141320672,141321019,EH38E2414875,EH38E2414631,141636000,141637000,141320000,141321000,2,-1
8022,chr5,141680849,141681199,141320672,141321019,EH38E2414910,EH38E2414631,141681000,141682000,141320000,141321000,1,-1
8023,chr5,141681740,141682084,141320672,141321019,EH38E3666188,EH38E2414631,141681000,141682000,141320000,141321000,1,-1
8024,chr5,141816311,141816489,141320672,141321019,EH38E3666305,EH38E2414631,141816000,141817000,141320000,141321000,1,-1
8025,chr5,141816658,141816996,141320672,141321019,EH38E2415059,EH38E2414631,141816000,141817000,141320000,141321000,1,-1
8026,chr5,141845616,141845768,141320672,141321019,EH38E2415097,EH38E2414631,141845000,141846000,141320000,141321000,2,-1
8027,chr5,141849015,141849305,141320672,141321019,EH38E3666347,EH38E2414631,141849000,141850000,141320000,141321000,2,-1
8028,chr5,141849357,141849546,141320672,141321019,EH38E2415104,EH38E2414631,141849000,141850000,141320000,141321000,2,-1
8029,chr5,141849598,141849945,141320672,141321019,EH38E3666348,EH38E2414631,141849000,141850000,141320000,141321000,2,-1
8030,chr5,141850033,141850251,141320672,141321019,EH38E3666349,EH38E2414631,141850000,141851000,141320000,141321000,1,-1
8031,chr5,141850776,141851102,141320672,141321019,EH38E3666351,EH38E2414631,141850000,141851000,141320000,141321000,1,-1
8032,chr5,141923267,141923528,141320672,141321019,EH38E3666437,EH38E2414631,141923000,141924000,141320000,141321000,1,-1
8033,chr5,141923945,141924219,141320672,141321019,EH38E3666439,EH38E2414631,141923000,141924000,141320000,141321000,1,-1
8034,chr5,142327971,142328149,141320672,141321019,EH38E3666726,EH38E2414631,142328000,142329000,141320000,141321000,1,-1
8035,chr5,141821495,141821845,141320672,141321019,EH38E3666311,EH38E2414631,141821000,141822000,141321000,141322000,1,-1
8036,chr5,141858097,141858382,141320672,141321019,EH38E3666370,EH38E2414631,141858000,141859000,141321000,141322000,1,-1
8037,chr5,141875922,141876260,141320672,141321019,EH38E3666401,EH38E2414631,141876000,141877000,141321000,141322000,1,-1
8038,chr5,141876297,141876499,141320672,141321019,EH38E3666402,EH38E2414631,141876000,141877000,141321000,141322000,1,-1
8039,chr5,141876644,141876823,141320672,141321019,EH38E3666403,EH38E2414631,141876000,141877000,141321000,141322000,1,-1
8040,chr5,141876834,141877123,141320672,141321019,EH38E3666404,EH38E2414631,141876000,141877000,141321000,141322000,1,-1
8041,chr5,139696764,139696915,141326035,141326354,EH38E3664980,EH38E3665925,139696000,139697000,141326000,141327000,1,-1
8042,chr5,139696927,139697274,141326035,141326354,EH38E3664981,EH38E3665925,139696000,139697000,141326000,141327000,1,-1
8043,chr5,139697299,139697552,141326035,141326354,EH38E3664982,EH38E3665925,139697000,139698000,141326000,141327000,1,-1
8044,chr5,139697586,139697793,141326035,141326354,EH38E3664983,EH38E3665925,139697000,139698000,141326000,141327000,1,-1
8045,chr5,141001505,141001850,141326035,141326354,EH38E3665814,EH38E3665925,141001000,141002000,141326000,141327000,1,-1
8046,chr5,141040092,141040442,141326035,141326354,EH38E2414570,EH38E3665925,141040000,141041000,141326000,141327000,1,-1
8047,chr5,141040503,141040704,141326035,141326354,EH38E2414571,EH38E3665925,141040000,141041000,141326000,141327000,1,-1
8048,chr5,141040857,141041033,141326035,141326354,EH38E2414572,EH38E3665925,141040000,141041000,141326000,141327000,1,-1
8049,chr5,141041067,141041417,141326035,141326354,EH38E2414573,EH38E3665925,141041000,141042000,141326000,141327000,1,-1
8050,chr5,141094780,141094983,141326035,141326354,EH38E3665830,EH38E3665925,141094000,141095000,141326000,141327000,1,-1
8051,chr5,141135498,141135791,141326035,141326354,EH38E3665844,EH38E3665925,141135000,141136000,141326000,141327000,1,-1
8052,chr5,141320184,141320532,141326035,141326354,EH38E3665923,EH38E3665925,141320000,141321000,141326000,141327000,15,-1
8053,chr5,141513737,141514083,141326035,141326354,EH38E3666073,EH38E3665925,141513000,141514000,141326000,141327000,2,-1
8054,chr5,141514123,141514456,141326035,141326354,EH38E3666074,EH38E3665925,141514000,141515000,141326000,141327000,5,-1
8055,chr5,141514468,141514625,141326035,141326354,EH38E3666075,EH38E3665925,141514000,141515000,141326000,141327000,5,-1
8056,chr5,141514639,141514872,141326035,141326354,EH38E3666076,EH38E3665925,141514000,141515000,141326000,141327000,5,-1
8057,chr5,141524636,141524982,141326035,141326354,EH38E2414788,EH38E3665925,141524000,141525000,141326000,141327000,2,-1
8058,chr5,141557709,141558056,141326035,141326354,EH38E3666097,EH38E3665925,141557000,141558000,141326000,141327000,2,-1
8059,chr5,141560773,141561107,141326035,141326354,EH38E2414813,EH38E3665925,141560000,141561000,141326000,141327000,1,-1
8060,chr5,141564142,141564488,141326035,141326354,EH38E3666100,EH38E3665925,141564000,141565000,141326000,141327000,4,-1
8061,chr5,141845616,141845768,141326035,141326354,EH38E2415097,EH38E3665925,141845000,141846000,141326000,141327000,1,-1
8062,chr5,142174983,142175331,141326035,141326354,EH38E3666607,EH38E3665925,142175000,142176000,141326000,141327000,1,-1
8063,chr5,142295350,142295699,141326035,141326354,EH38E2415495,EH38E3665925,142295000,142296000,141326000,141327000,1,-1
8064,chr5,142356357,142356706,141326035,141326354,EH38E2415571,EH38E3665925,142356000,142357000,141326000,141327000,1,-1
8065,chr5,142356711,142356891,141326035,141326354,EH38E2415572,EH38E3665925,142356000,142357000,141326000,141327000,1,-1
8066,chr5,142356955,142357304,141326035,141326354,EH38E3666738,EH38E3665925,142356000,142357000,141326000,141327000,1,-1
8067,chr5,142701958,142702255,141326035,141326354,EH38E2415889,EH38E3665925,142701000,142702000,141326000,141327000,1,-1
8068,chr5,141135498,141135791,141349923,141350269,EH38E3665844,EH38E3665938,141135000,141136000,141349000,141350000,2,-1
8069,chr5,141557709,141558056,141349923,141350269,EH38E3666097,EH38E3665938,141557000,141558000,141349000,141350000,4,-1
8070,chr5,141636472,141636648,141349923,141350269,EH38E2414875,EH38E3665938,141636000,141637000,141349000,141350000,1,-1
8071,chr5,141680849,141681199,141349923,141350269,EH38E2414910,EH38E3665938,141681000,141682000,141349000,141350000,1,-1
8072,chr5,141681740,141682084,141349923,141350269,EH38E3666188,EH38E3665938,141681000,141682000,141349000,141350000,1,-1
8073,chr5,141875922,141876260,141349923,141350269,EH38E3666401,EH38E3665938,141876000,141877000,141349000,141350000,1,-1
8074,chr5,141876297,141876499,141349923,141350269,EH38E3666402,EH38E3665938,141876000,141877000,141349000,141350000,1,-1
8075,chr5,141876644,141876823,141349923,141350269,EH38E3666403,EH38E3665938,141876000,141877000,141349000,141350000,1,-1
8076,chr5,141876834,141877123,141349923,141350269,EH38E3666404,EH38E3665938,141876000,141877000,141349000,141350000,1,-1
8077,chr5,141923267,141923528,141349923,141350269,EH38E3666437,EH38E3665938,141923000,141924000,141349000,141350000,1,-1
8078,chr5,141923945,141924219,141349923,141350269,EH38E3666439,EH38E3665938,141923000,141924000,141349000,141350000,1,-1
8079,chr5,142896358,142896691,141349923,141350269,EH38E2416113,EH38E3665938,142896000,142897000,141349000,141350000,1,-1
8080,chr5,139438833,139439002,141349923,141350269,EH38E3664681,EH38E3665938,139438000,139439000,141350000,141351000,1,-1
8081,chr5,141094780,141094983,141349923,141350269,EH38E3665830,EH38E3665938,141094000,141095000,141350000,141351000,2,-1
8082,chr5,141320184,141320532,141349923,141350269,EH38E3665923,EH38E3665938,141320000,141321000,141350000,141351000,2,-1
8083,chr5,141513737,141514083,141349923,141350269,EH38E3666073,EH38E3665938,141514000,141515000,141350000,141351000,5,-1
8084,chr5,141514123,141514456,141349923,141350269,EH38E3666074,EH38E3665938,141514000,141515000,141350000,141351000,5,-1
8085,chr5,141514468,141514625,141349923,141350269,EH38E3666075,EH38E3665938,141514000,141515000,141350000,141351000,5,-1
8086,chr5,141514639,141514872,141349923,141350269,EH38E3666076,EH38E3665938,141514000,141515000,141350000,141351000,5,-1
8087,chr5,141524636,141524982,141349923,141350269,EH38E2414788,EH38E3665938,141524000,141525000,141350000,141351000,8,-1
8088,chr5,141560773,141561107,141349923,141350269,EH38E2414813,EH38E3665938,141560000,141561000,141350000,141351000,3,-1
8089,chr5,141564142,141564488,141349923,141350269,EH38E3666100,EH38E3665938,141564000,141565000,141350000,141351000,2,-1
8090,chr5,141839000,141839345,141349923,141350269,EH38E2415085,EH38E3665938,141839000,141840000,141350000,141351000,1,-1
8091,chr5,141839350,141839520,141349923,141350269,EH38E3666328,EH38E3665938,141839000,141840000,141350000,141351000,1,-1
8092,chr5,141969327,141969549,141349923,141350269,EH38E3666477,EH38E3665938,141969000,141970000,141350000,141351000,1,-1
8093,chr5,142325996,142326344,141349923,141350269,EH38E3666721,EH38E3665938,142326000,142327000,141350000,141351000,1,-1
8094,chr5,142326360,142326563,141349923,141350269,EH38E3666722,EH38E3665938,142326000,142327000,141350000,141351000,1,-1
8095,chr5,142326584,142326860,141349923,141350269,EH38E3666723,EH38E3665938,142326000,142327000,141350000,141351000,1,-1
8096,chr5,142356357,142356706,141349923,141350269,EH38E2415571,EH38E3665938,142356000,142357000,141350000,141351000,1,-1
8097,chr5,142356711,142356891,141349923,141350269,EH38E2415572,EH38E3665938,142356000,142357000,141350000,141351000,1,-1
8098,chr5,142356955,142357304,141349923,141350269,EH38E3666738,EH38E3665938,142356000,142357000,141350000,141351000,1,-1
8099,chr5,141003904,141004108,141387515,141387783,EH38E3665817,EH38E3665971,141004000,141005000,141387000,141388000,1,-1
8100,chr5,141004141,141004489,141387515,141387783,EH38E2414560,EH38E3665971,141004000,141005000,141387000,141388000,1,-1
8101,chr5,141094780,141094983,141387515,141387783,EH38E3665830,EH38E3665971,141094000,141095000,141387000,141388000,1,-1
8102,chr5,141513737,141514083,141387515,141387783,EH38E3666073,EH38E3665971,141513000,141514000,141387000,141388000,3,-1
8103,chr5,141514123,141514456,141387515,141387783,EH38E3666074,EH38E3665971,141514000,141515000,141387000,141388000,1,-1
8104,chr5,141514468,141514625,141387515,141387783,EH38E3666075,EH38E3665971,141514000,141515000,141387000,141388000,1,-1
8105,chr5,141514639,141514872,141387515,141387783,EH38E3666076,EH38E3665971,141514000,141515000,141387000,141388000,1,-1
8106,chr5,141524636,141524982,141387515,141387783,EH38E2414788,EH38E3665971,141524000,141525000,141387000,141388000,1,-1
8107,chr5,141557709,141558056,141387515,141387783,EH38E3666097,EH38E3665971,141557000,141558000,141387000,141388000,3,-1
8108,chr5,141560773,141561107,141387515,141387783,EH38E2414813,EH38E3665971,141560000,141561000,141387000,141388000,4,-1
8109,chr5,141564142,141564488,141387515,141387783,EH38E3666100,EH38E3665971,141564000,141565000,141387000,141388000,1,-1
8110,chr5,141636472,141636648,141387515,141387783,EH38E2414875,EH38E3665971,141636000,141637000,141387000,141388000,1,-1
8111,chr5,141923267,141923528,141387515,141387783,EH38E3666437,EH38E3665971,141923000,141924000,141387000,141388000,1,-1
8112,chr5,141923945,141924219,141387515,141387783,EH38E3666439,EH38E3665971,141923000,141924000,141387000,141388000,1,-1
8113,chr5,142012413,142012723,141387515,141387783,EH38E3666504,EH38E3665971,142012000,142013000,141387000,141388000,1,-1
8114,chr5,142356955,142357304,141387515,141387783,EH38E3666738,EH38E3665971,142357000,142358000,141387000,141388000,1,-1
8115,chr5,142357318,142357497,141387515,141387783,EH38E3666739,EH38E3665971,142357000,142358000,141387000,141388000,1,-1
8116,chr5,138463808,138463965,141407805,141408137,EH38E3663967,EH38E3665987,138463000,138464000,141407000,141408000,1,-1
8117,chr5,139438833,139439002,141407805,141408137,EH38E3664681,EH38E3665987,139438000,139439000,141407000,141408000,1,-1
8118,chr5,140400741,140400995,141407805,141408137,EH38E3665546,EH38E3665987,140400000,140401000,141407000,141408000,1,-1
8119,chr5,141513737,141514083,141407805,141408137,EH38E3666073,EH38E3665987,141513000,141514000,141407000,141408000,8,-1
8120,chr5,141875394,141875629,141407805,141408137,EH38E3666399,EH38E3665987,141875000,141876000,141407000,141408000,1,-1
8121,chr5,141875692,141875844,141407805,141408137,EH38E3666400,EH38E3665987,141875000,141876000,141407000,141408000,1,-1
8122,chr5,141875922,141876260,141407805,141408137,EH38E3666401,EH38E3665987,141875000,141876000,141407000,141408000,1,-1
8123,chr5,141876834,141877123,141407805,141408137,EH38E3666404,EH38E3665987,141877000,141878000,141407000,141408000,1,-1
8124,chr5,141877835,141878036,141407805,141408137,EH38E3666407,EH38E3665987,141877000,141878000,141407000,141408000,1,-1
8125,chr5,141923267,141923528,141407805,141408137,EH38E3666437,EH38E3665987,141923000,141924000,141407000,141408000,1,-1
8126,chr5,141923945,141924219,141407805,141408137,EH38E3666439,EH38E3665987,141923000,141924000,141407000,141408000,1,-1
8127,chr5,142295350,142295699,141407805,141408137,EH38E2415495,EH38E3665987,142295000,142296000,141407000,141408000,1,-1
8128,chr5,138945843,138946013,141407805,141408137,EH38E3664319,EH38E3665987,138945000,138946000,141408000,141409000,1,-1
8129,chr5,140242160,140242435,141407805,141408137,EH38E3665424,EH38E3665987,140242000,140243000,141408000,141409000,1,-1
8130,chr5,140639663,140639843,141407805,141408137,EH38E3665656,EH38E3665987,140639000,140640000,141408000,141409000,1,-1
8131,chr5,141094780,141094983,141407805,141408137,EH38E3665830,EH38E3665987,141094000,141095000,141408000,141409000,2,-1
8132,chr5,141135498,141135791,141407805,141408137,EH38E3665844,EH38E3665987,141135000,141136000,141408000,141409000,1,-1
8133,chr5,141320184,141320532,141407805,141408137,EH38E3665923,EH38E3665987,141320000,141321000,141408000,141409000,3,-1
8134,chr5,141514123,141514456,141407805,141408137,EH38E3666074,EH38E3665987,141514000,141515000,141408000,141409000,5,-1
8135,chr5,141514468,141514625,141407805,141408137,EH38E3666075,EH38E3665987,141514000,141515000,141408000,141409000,5,-1
8136,chr5,141514639,141514872,141407805,141408137,EH38E3666076,EH38E3665987,141514000,141515000,141408000,141409000,5,-1
8137,chr5,141524636,141524982,141407805,141408137,EH38E2414788,EH38E3665987,141524000,141525000,141408000,141409000,6,-1
8138,chr5,141557709,141558056,141407805,141408137,EH38E3666097,EH38E3665987,141557000,141558000,141408000,141409000,6,-1
8139,chr5,141560773,141561107,141407805,141408137,EH38E2414813,EH38E3665987,141560000,141561000,141408000,141409000,7,-1
8140,chr5,141564142,141564488,141407805,141408137,EH38E3666100,EH38E3665987,141564000,141565000,141408000,141409000,5,-1
8141,chr5,141680849,141681199,141407805,141408137,EH38E2414910,EH38E3665987,141681000,141682000,141408000,141409000,1,-1
8142,chr5,141681740,141682084,141407805,141408137,EH38E3666188,EH38E3665987,141681000,141682000,141408000,141409000,1,-1
8143,chr5,141872906,141873253,141407805,141408137,EH38E3666394,EH38E3665987,141872000,141873000,141408000,141409000,1,-1
8144,chr5,141878910,141879122,141407805,141408137,EH38E3666410,EH38E3665987,141879000,141880000,141408000,141409000,1,-1
8145,chr5,141879149,141879494,141407805,141408137,EH38E3666411,EH38E3665987,141879000,141880000,141408000,141409000,1,-1
8146,chr5,142235071,142235255,141407805,141408137,EH38E3666640,EH38E3665987,142235000,142236000,141408000,141409000,1,-1
8147,chr5,142235329,142235490,141407805,141408137,EH38E3666641,EH38E3665987,142235000,142236000,141408000,141409000,1,-1
8148,chr5,142235531,142235870,141407805,141408137,EH38E3666642,EH38E3665987,142235000,142236000,141408000,141409000,1,-1
8149,chr5,142235945,142236216,141407805,141408137,EH38E3666643,EH38E3665987,142235000,142236000,141408000,141409000,1,-1
8150,chr5,140303313,140303516,141412826,141413171,EH38E3665485,EH38E3665992,140303000,140304000,141412000,141413000,1,-1
8151,chr5,141560773,141561107,141412826,141413171,EH38E2414813,EH38E3665992,141560000,141561000,141412000,141413000,1,-1
8152,chr5,141923945,141924219,141412826,141413171,EH38E3666439,EH38E3665992,141924000,141925000,141412000,141413000,1,-1
8153,chr5,141135498,141135791,141412826,141413171,EH38E3665844,EH38E3665992,141135000,141136000,141413000,141414000,1,-1
8154,chr5,141320184,141320532,141412826,141413171,EH38E3665923,EH38E3665992,141320000,141321000,141413000,141414000,4,-1
8155,chr5,141513737,141514083,141412826,141413171,EH38E3666073,EH38E3665992,141513000,141514000,141413000,141414000,16,-1
8156,chr5,141514123,141514456,141412826,141413171,EH38E3666074,EH38E3665992,141514000,141515000,141413000,141414000,15,-1
8157,chr5,141514468,141514625,141412826,141413171,EH38E3666075,EH38E3665992,141514000,141515000,141413000,141414000,15,-1
8158,chr5,141514639,141514872,141412826,141413171,EH38E3666076,EH38E3665992,141514000,141515000,141413000,141414000,15,-1
8159,chr5,141524636,141524982,141412826,141413171,EH38E2414788,EH38E3665992,141524000,141525000,141413000,141414000,12,-1
8160,chr5,141557709,141558056,141412826,141413171,EH38E3666097,EH38E3665992,141558000,141559000,141413000,141414000,12,-1
8161,chr5,141564142,141564488,141412826,141413171,EH38E3666100,EH38E3665992,141564000,141565000,141413000,141414000,5,-1
8162,chr5,141636472,141636648,141412826,141413171,EH38E2414875,EH38E3665992,141636000,141637000,141413000,141414000,1,-1
8163,chr5,141681740,141682084,141412826,141413171,EH38E3666188,EH38E3665992,141682000,141683000,141413000,141414000,1,-1
8164,chr5,141849015,141849305,141412826,141413171,EH38E3666347,EH38E3665992,141849000,141850000,141413000,141414000,1,-1
8165,chr5,141849357,141849546,141412826,141413171,EH38E2415104,EH38E3665992,141849000,141850000,141413000,141414000,1,-1
8166,chr5,141849598,141849945,141412826,141413171,EH38E3666348,EH38E3665992,141849000,141850000,141413000,141414000,1,-1
8167,chr5,141969327,141969549,141412826,141413171,EH38E3666477,EH38E3665992,141969000,141970000,141413000,141414000,1,-1
8168,chr5,142174983,142175331,141412826,141413171,EH38E3666607,EH38E3665992,142175000,142176000,141413000,141414000,1,-1
8169,chr5,142325996,142326344,141412826,141413171,EH38E3666721,EH38E3665992,142326000,142327000,141413000,141414000,1,-1
8170,chr5,142326360,142326563,141412826,141413171,EH38E3666722,EH38E3665992,142326000,142327000,141413000,141414000,1,-1
8171,chr5,142326584,142326860,141412826,141413171,EH38E3666723,EH38E3665992,142326000,142327000,141413000,141414000,1,-1
8172,chr5,142684640,142684990,141412826,141413171,EH38E3666926,EH38E3665992,142684000,142685000,141413000,141414000,1,-1
8173,chr5,140557131,140557288,141417470,141417807,EH38E3665585,EH38E3665997,140557000,140558000,141417000,141418000,1,-1
8174,chr5,140557295,140557636,141417470,141417807,EH38E3665586,EH38E3665997,140557000,140558000,141417000,141418000,1,-1
8175,chr5,140557649,140557851,141417470,141417807,EH38E3665587,EH38E3665997,140557000,140558000,141417000,141418000,1,-1
8176,chr5,141002021,141002369,141417470,141417807,EH38E3665815,EH38E3665997,141002000,141003000,141417000,141418000,2,-1
8177,chr5,141002397,141002547,141417470,141417807,EH38E3665816,EH38E3665997,141002000,141003000,141417000,141418000,2,-1
8178,chr5,141094780,141094983,141417470,141417807,EH38E3665830,EH38E3665997,141094000,141095000,141417000,141418000,3,-1
8179,chr5,141513737,141514083,141417470,141417807,EH38E3666073,EH38E3665997,141513000,141514000,141417000,141418000,15,-1
8180,chr5,141514123,141514456,141417470,141417807,EH38E3666074,EH38E3665997,141514000,141515000,141417000,141418000,8,-1
8181,chr5,141514468,141514625,141417470,141417807,EH38E3666075,EH38E3665997,141514000,141515000,141417000,141418000,8,-1
8182,chr5,141514639,141514872,141417470,141417807,EH38E3666076,EH38E3665997,141514000,141515000,141417000,141418000,8,-1
8183,chr5,141524636,141524982,141417470,141417807,EH38E2414788,EH38E3665997,141524000,141525000,141417000,141418000,13,-1
8184,chr5,141557709,141558056,141417470,141417807,EH38E3666097,EH38E3665997,141557000,141558000,141417000,141418000,10,-1
8185,chr5,141560773,141561107,141417470,141417807,EH38E2414813,EH38E3665997,141560000,141561000,141417000,141418000,7,-1
8186,chr5,141564142,141564488,141417470,141417807,EH38E3666100,EH38E3665997,141564000,141565000,141417000,141418000,7,-1
8187,chr5,141816311,141816489,141417470,141417807,EH38E3666305,EH38E3665997,141816000,141817000,141417000,141418000,1,-1
8188,chr5,141816658,141816996,141417470,141417807,EH38E2415059,EH38E3665997,141816000,141817000,141417000,141418000,1,-1
8189,chr5,141858097,141858382,141417470,141417807,EH38E3666370,EH38E3665997,141858000,141859000,141417000,141418000,1,-1
8190,chr5,141923945,141924219,141417470,141417807,EH38E3666439,EH38E3665997,141924000,141925000,141417000,141418000,1,-1
8191,chr5,142012413,142012723,141417470,141417807,EH38E3666504,EH38E3665997,142012000,142013000,141417000,141418000,1,-1
8192,chr5,142325588,142325935,141417470,141417807,EH38E2415550,EH38E3665997,142325000,142326000,141417000,141418000,1,-1
8193,chr5,142325996,142326344,141417470,141417807,EH38E3666721,EH38E3665997,142325000,142326000,141417000,141418000,1,-1
8194,chr5,142327198,142327499,141417470,141417807,EH38E3666724,EH38E3665997,142327000,142328000,141417000,141418000,1,-1
8195,chr5,142327598,142327921,141417470,141417807,EH38E3666725,EH38E3665997,142327000,142328000,141417000,141418000,1,-1
8196,chr5,142327971,142328149,141417470,141417807,EH38E3666726,EH38E3665997,142327000,142328000,141417000,141418000,1,-1
8197,chr5,140401001,140401315,141420888,141421182,EH38E3665547,EH38E3666001,140401000,140402000,141420000,141421000,1,-1
8198,chr5,140986256,140986580,141420888,141421182,EH38E3665805,EH38E3666001,140986000,140987000,141420000,141421000,1,-1
8199,chr5,140986735,140986944,141420888,141421182,EH38E2414543,EH38E3666001,140986000,140987000,141420000,141421000,1,-1
8200,chr5,141094780,141094983,141420888,141421182,EH38E3665830,EH38E3666001,141094000,141095000,141420000,141421000,2,-1
8201,chr5,141680849,141681199,141420888,141421182,EH38E2414910,EH38E3666001,141680000,141681000,141420000,141421000,1,-1
8202,chr5,141923267,141923528,141420888,141421182,EH38E3666437,EH38E3666001,141923000,141924000,141420000,141421000,1,-1
8203,chr5,141923945,141924219,141420888,141421182,EH38E3666439,EH38E3666001,141923000,141924000,141420000,141421000,1,-1
8204,chr5,141969327,141969549,141420888,141421182,EH38E3666477,EH38E3666001,141969000,141970000,141420000,141421000,1,-1
8205,chr5,142356955,142357304,141420888,141421182,EH38E3666738,EH38E3666001,142357000,142358000,141420000,141421000,1,-1
8206,chr5,142357318,142357497,141420888,141421182,EH38E3666739,EH38E3666001,142357000,142358000,141420000,141421000,1,-1
8207,chr5,141040857,141041033,141420888,141421182,EH38E2414572,EH38E3666001,141041000,141042000,141421000,141422000,1,-1
8208,chr5,141041067,141041417,141420888,141421182,EH38E2414573,EH38E3666001,141041000,141042000,141421000,141422000,1,-1
8209,chr5,141135498,141135791,141420888,141421182,EH38E3665844,EH38E3666001,141135000,141136000,141421000,141422000,1,-1
8210,chr5,141320184,141320532,141420888,141421182,EH38E3665923,EH38E3666001,141320000,141321000,141421000,141422000,4,-1
8211,chr5,141513737,141514083,141420888,141421182,EH38E3666073,EH38E3666001,141513000,141514000,141421000,141422000,26,-1
8212,chr5,141514123,141514456,141420888,141421182,EH38E3666074,EH38E3666001,141514000,141515000,141421000,141422000,22,-1
8213,chr5,141514468,141514625,141420888,141421182,EH38E3666075,EH38E3666001,141514000,141515000,141421000,141422000,22,-1
8214,chr5,141514639,141514872,141420888,141421182,EH38E3666076,EH38E3666001,141514000,141515000,141421000,141422000,22,-1
8215,chr5,141524636,141524982,141420888,141421182,EH38E2414788,EH38E3666001,141524000,141525000,141421000,141422000,16,-1
8216,chr5,141557709,141558056,141420888,141421182,EH38E3666097,EH38E3666001,141557000,141558000,141421000,141422000,4,-1
8217,chr5,141560773,141561107,141420888,141421182,EH38E2414813,EH38E3666001,141560000,141561000,141421000,141422000,5,-1
8218,chr5,141564142,141564488,141420888,141421182,EH38E3666100,EH38E3666001,141564000,141565000,141421000,141422000,3,-1
8219,chr5,141875394,141875629,141420888,141421182,EH38E3666399,EH38E3666001,141875000,141876000,141421000,141422000,1,-1
8220,chr5,141875692,141875844,141420888,141421182,EH38E3666400,EH38E3666001,141875000,141876000,141421000,141422000,1,-1
8221,chr5,141875922,141876260,141420888,141421182,EH38E3666401,EH38E3666001,141875000,141876000,141421000,141422000,1,-1
8222,chr5,141876297,141876499,141420888,141421182,EH38E3666402,EH38E3666001,141876000,141877000,141421000,141422000,2,-1
8223,chr5,141876644,141876823,141420888,141421182,EH38E3666403,EH38E3666001,141876000,141877000,141421000,141422000,2,-1
8224,chr5,141876834,141877123,141420888,141421182,EH38E3666404,EH38E3666001,141876000,141877000,141421000,141422000,2,-1
8225,chr5,142356357,142356706,141420888,141421182,EH38E2415571,EH38E3666001,142356000,142357000,141421000,141422000,1,-1
8226,chr5,142356711,142356891,141420888,141421182,EH38E2415572,EH38E3666001,142356000,142357000,141421000,141422000,1,-1
8227,chr5,142360779,142361128,141420888,141421182,EH38E3666745,EH38E3666001,142361000,142362000,141421000,141422000,1,-1
8228,chr5,142684640,142684990,141420888,141421182,EH38E3666926,EH38E3666001,142684000,142685000,141421000,141422000,1,-1
8229,chr5,141040857,141041033,141421189,141421458,EH38E2414572,EH38E3666002,141041000,141042000,141421000,141422000,1,-1
8230,chr5,141041067,141041417,141421189,141421458,EH38E2414573,EH38E3666002,141041000,141042000,141421000,141422000,1,-1
8231,chr5,141094780,141094983,141421189,141421458,EH38E3665830,EH38E3666002,141094000,141095000,141421000,141422000,1,-1
8232,chr5,141135498,141135791,141421189,141421458,EH38E3665844,EH38E3666002,141135000,141136000,141421000,141422000,1,-1
8233,chr5,141320184,141320532,141421189,141421458,EH38E3665923,EH38E3666002,141320000,141321000,141421000,141422000,4,-1
8234,chr5,141513737,141514083,141421189,141421458,EH38E3666073,EH38E3666002,141513000,141514000,141421000,141422000,26,-1
8235,chr5,141514123,141514456,141421189,141421458,EH38E3666074,EH38E3666002,141514000,141515000,141421000,141422000,22,-1
8236,chr5,141514468,141514625,141421189,141421458,EH38E3666075,EH38E3666002,141514000,141515000,141421000,141422000,22,-1
8237,chr5,141514639,141514872,141421189,141421458,EH38E3666076,EH38E3666002,141514000,141515000,141421000,141422000,22,-1
8238,chr5,141524636,141524982,141421189,141421458,EH38E2414788,EH38E3666002,141524000,141525000,141421000,141422000,16,-1
8239,chr5,141557709,141558056,141421189,141421458,EH38E3666097,EH38E3666002,141557000,141558000,141421000,141422000,4,-1
8240,chr5,141560773,141561107,141421189,141421458,EH38E2414813,EH38E3666002,141560000,141561000,141421000,141422000,5,-1
8241,chr5,141564142,141564488,141421189,141421458,EH38E3666100,EH38E3666002,141564000,141565000,141421000,141422000,3,-1
8242,chr5,141680849,141681199,141421189,141421458,EH38E2414910,EH38E3666002,141680000,141681000,141421000,141422000,1,-1
8243,chr5,141875394,141875629,141421189,141421458,EH38E3666399,EH38E3666002,141875000,141876000,141421000,141422000,1,-1
8244,chr5,141875692,141875844,141421189,141421458,EH38E3666400,EH38E3666002,141875000,141876000,141421000,141422000,1,-1
8245,chr5,141875922,141876260,141421189,141421458,EH38E3666401,EH38E3666002,141875000,141876000,141421000,141422000,1,-1
8246,chr5,141876297,141876499,141421189,141421458,EH38E3666402,EH38E3666002,141876000,141877000,141421000,141422000,2,-1
8247,chr5,141876644,141876823,141421189,141421458,EH38E3666403,EH38E3666002,141876000,141877000,141421000,141422000,2,-1
8248,chr5,141876834,141877123,141421189,141421458,EH38E3666404,EH38E3666002,141876000,141877000,141421000,141422000,2,-1
8249,chr5,141923267,141923528,141421189,141421458,EH38E3666437,EH38E3666002,141923000,141924000,141421000,141422000,1,-1
8250,chr5,141923945,141924219,141421189,141421458,EH38E3666439,EH38E3666002,141923000,141924000,141421000,141422000,1,-1
8251,chr5,142356357,142356706,141421189,141421458,EH38E2415571,EH38E3666002,142356000,142357000,141421000,141422000,1,-1
8252,chr5,142356711,142356891,141421189,141421458,EH38E2415572,EH38E3666002,142356000,142357000,141421000,141422000,1,-1
8253,chr5,142356955,142357304,141421189,141421458,EH38E3666738,EH38E3666002,142356000,142357000,141421000,141422000,1,-1
8254,chr5,142360779,142361128,141421189,141421458,EH38E3666745,EH38E3666002,142361000,142362000,141421000,141422000,1,-1
8255,chr5,142684640,142684990,141421189,141421458,EH38E3666926,EH38E3666002,142684000,142685000,141421000,141422000,1,-1
8256,chr5,139197576,139197735,141475727,141476077,EH38E2413206,EH38E3666021,139197000,139198000,141475000,141476000,1,-1
8257,chr5,139649054,139649235,141475727,141476077,EH38E3664882,EH38E3666021,139649000,139650000,141475000,141476000,1,-1
8258,chr5,140986256,140986580,141475727,141476077,EH38E3665805,EH38E3666021,140986000,140987000,141475000,141476000,1,-1
8259,chr5,140986735,140986944,141475727,141476077,EH38E2414543,EH38E3666021,140986000,140987000,141475000,141476000,1,-1
8260,chr5,141514123,141514456,141475727,141476077,EH38E3666074,EH38E3666021,141514000,141515000,141475000,141476000,13,-1
8261,chr5,141514468,141514625,141475727,141476077,EH38E3666075,EH38E3666021,141514000,141515000,141475000,141476000,13,-1
8262,chr5,141514639,141514872,141475727,141476077,EH38E3666076,EH38E3666021,141514000,141515000,141475000,141476000,13,-1
8263,chr5,141560773,141561107,141475727,141476077,EH38E2414813,EH38E3666021,141560000,141561000,141475000,141476000,1,-1
8264,chr5,141564142,141564488,141475727,141476077,EH38E3666100,EH38E3666021,141564000,141565000,141475000,141476000,2,-1
8265,chr5,141872906,141873253,141475727,141476077,EH38E3666394,EH38E3666021,141872000,141873000,141475000,141476000,1,-1
8266,chr5,142362723,142363073,141475727,141476077,EH38E3666747,EH38E3666021,142363000,142364000,141475000,141476000,1,-1
8267,chr5,140303313,140303516,141475727,141476077,EH38E3665485,EH38E3666021,140303000,140304000,141476000,141477000,1,-1
8268,chr5,141094780,141094983,141475727,141476077,EH38E3665830,EH38E3666021,141094000,141095000,141476000,141477000,3,-1
8269,chr5,141135498,141135791,141475727,141476077,EH38E3665844,EH38E3666021,141135000,141136000,141476000,141477000,2,-1
8270,chr5,141513737,141514083,141475727,141476077,EH38E3666073,EH38E3666021,141513000,141514000,141476000,141477000,14,-1
8271,chr5,141524636,141524982,141475727,141476077,EH38E2414788,EH38E3666021,141524000,141525000,141476000,141477000,8,-1
8272,chr5,141557709,141558056,141475727,141476077,EH38E3666097,EH38E3666021,141557000,141558000,141476000,141477000,7,-1
8273,chr5,141680849,141681199,141475727,141476077,EH38E2414910,EH38E3666021,141680000,141681000,141476000,141477000,2,-1
8274,chr5,141681740,141682084,141475727,141476077,EH38E3666188,EH38E3666021,141681000,141682000,141476000,141477000,2,-1
8275,chr5,141839000,141839345,141475727,141476077,EH38E2415085,EH38E3666021,141839000,141840000,141476000,141477000,1,-1
8276,chr5,141839350,141839520,141475727,141476077,EH38E3666328,EH38E3666021,141839000,141840000,141476000,141477000,1,-1
8277,chr5,141878910,141879122,141475727,141476077,EH38E3666410,EH38E3666021,141879000,141880000,141476000,141477000,1,-1
8278,chr5,141879149,141879494,141475727,141476077,EH38E3666411,EH38E3666021,141879000,141880000,141476000,141477000,1,-1
8279,chr5,141923267,141923528,141475727,141476077,EH38E3666437,EH38E3666021,141923000,141924000,141476000,141477000,1,-1
8280,chr5,141923945,141924219,141475727,141476077,EH38E3666439,EH38E3666021,141923000,141924000,141476000,141477000,1,-1
8281,chr5,142157161,142157510,141475727,141476077,EH38E2415374,EH38E3666021,142157000,142158000,141476000,141477000,1,-1
8282,chr5,142174983,142175331,141475727,141476077,EH38E3666607,EH38E3666021,142175000,142176000,141476000,141477000,1,-1
8283,chr5,142325588,142325935,141475727,141476077,EH38E2415550,EH38E3666021,142325000,142326000,141476000,141477000,1,-1
8284,chr5,142325996,142326344,141475727,141476077,EH38E3666721,EH38E3666021,142325000,142326000,141476000,141477000,1,-1
8285,chr5,140302789,140302948,141484767,141485110,EH38E3665483,EH38E3666030,140302000,140303000,141484000,141485000,1,-1
8286,chr5,141557709,141558056,141484767,141485110,EH38E3666097,EH38E3666030,141557000,141558000,141484000,141485000,1,-1
8287,chr5,141560773,141561107,141484767,141485110,EH38E2414813,EH38E3666030,141560000,141561000,141484000,141485000,2,-1
8288,chr5,141636472,141636648,141484767,141485110,EH38E2414875,EH38E3666030,141636000,141637000,141484000,141485000,2,-1
8289,chr5,141680849,141681199,141484767,141485110,EH38E2414910,EH38E3666030,141681000,141682000,141484000,141485000,1,-1
8290,chr5,141681740,141682084,141484767,141485110,EH38E3666188,EH38E3666030,141681000,141682000,141484000,141485000,1,-1
8291,chr5,141849015,141849305,141484767,141485110,EH38E3666347,EH38E3666030,141849000,141850000,141484000,141485000,1,-1
8292,chr5,141849357,141849546,141484767,141485110,EH38E2415104,EH38E3666030,141849000,141850000,141484000,141485000,1,-1
8293,chr5,141849598,141849945,141484767,141485110,EH38E3666348,EH38E3666030,141849000,141850000,141484000,141485000,1,-1
8294,chr5,141850033,141850251,141484767,141485110,EH38E3666349,EH38E3666030,141850000,141851000,141484000,141485000,1,-1
8295,chr5,141850776,141851102,141484767,141485110,EH38E3666351,EH38E3666030,141850000,141851000,141484000,141485000,1,-1
8296,chr5,141851169,141851373,141484767,141485110,EH38E3666352,EH38E3666030,141851000,141852000,141484000,141485000,1,-1
8297,chr5,141969327,141969549,141484767,141485110,EH38E3666477,EH38E3666030,141969000,141970000,141484000,141485000,1,-1
8298,chr5,142108926,142109085,141484767,141485110,EH38E3666564,EH38E3666030,142109000,142110000,141484000,141485000,1,-1
8299,chr5,142174983,142175331,141484767,141485110,EH38E3666607,EH38E3666030,142174000,142175000,141484000,141485000,1,-1
8300,chr5,138754172,138754518,141484767,141485110,EH38E2412816,EH38E3666030,138754000,138755000,141485000,141486000,1,-1
8301,chr5,140986256,140986580,141484767,141485110,EH38E3665805,EH38E3666030,140986000,140987000,141485000,141486000,2,-1
8302,chr5,140986735,140986944,141484767,141485110,EH38E2414543,EH38E3666030,140986000,140987000,141485000,141486000,2,-1
8303,chr5,141094780,141094983,141484767,141485110,EH38E3665830,EH38E3666030,141094000,141095000,141485000,141486000,2,-1
8304,chr5,141513737,141514083,141484767,141485110,EH38E3666073,EH38E3666030,141513000,141514000,141485000,141486000,15,-1
8305,chr5,141514123,141514456,141484767,141485110,EH38E3666074,EH38E3666030,141514000,141515000,141485000,141486000,18,-1
8306,chr5,141514468,141514625,141484767,141485110,EH38E3666075,EH38E3666030,141514000,141515000,141485000,141486000,18,-1
8307,chr5,141514639,141514872,141484767,141485110,EH38E3666076,EH38E3666030,141514000,141515000,141485000,141486000,18,-1
8308,chr5,141524636,141524982,141484767,141485110,EH38E2414788,EH38E3666030,141524000,141525000,141485000,141486000,12,-1
8309,chr5,141564142,141564488,141484767,141485110,EH38E3666100,EH38E3666030,141564000,141565000,141485000,141486000,4,-1
8310,chr5,141816311,141816489,141484767,141485110,EH38E3666305,EH38E3666030,141816000,141817000,141485000,141486000,1,-1
8311,chr5,141816658,141816996,141484767,141485110,EH38E2415059,EH38E3666030,141816000,141817000,141485000,141486000,1,-1
8312,chr5,141839000,141839345,141484767,141485110,EH38E2415085,EH38E3666030,141839000,141840000,141485000,141486000,2,-1
8313,chr5,141839350,141839520,141484767,141485110,EH38E3666328,EH38E3666030,141839000,141840000,141485000,141486000,2,-1
8314,chr5,141845616,141845768,141484767,141485110,EH38E2415097,EH38E3666030,141845000,141846000,141485000,141486000,3,-1
8315,chr5,141872906,141873253,141484767,141485110,EH38E3666394,EH38E3666030,141872000,141873000,141485000,141486000,4,-1
8316,chr5,141878910,141879122,141484767,141485110,EH38E3666410,EH38E3666030,141879000,141880000,141485000,141486000,1,-1
8317,chr5,141879149,141879494,141484767,141485110,EH38E3666411,EH38E3666030,141879000,141880000,141485000,141486000,1,-1
8318,chr5,142235945,142236216,141484767,141485110,EH38E3666643,EH38E3666030,142236000,142237000,141485000,141486000,1,-1
8319,chr5,138724986,138725143,141618076,141618419,EH38E3664182,EH38E3666137,138724000,138725000,141618000,141619000,1,-1
8320,chr5,139649054,139649235,141618076,141618419,EH38E3664882,EH38E3666137,139649000,139650000,141618000,141619000,1,-1
8321,chr5,140174554,140174773,141618076,141618419,EH38E2414069,EH38E3666137,140174000,140175000,141618000,141619000,1,-1
8322,chr5,140401001,140401315,141618076,141618419,EH38E3665547,EH38E3666137,140401000,140402000,141618000,141619000,1,-1
8323,chr5,141002021,141002369,141618076,141618419,EH38E3665815,EH38E3666137,141002000,141003000,141618000,141619000,1,-1
8324,chr5,141002397,141002547,141618076,141618419,EH38E3665816,EH38E3666137,141002000,141003000,141618000,141619000,1,-1
8325,chr5,141320184,141320532,141618076,141618419,EH38E3665923,EH38E3666137,141320000,141321000,141618000,141619000,1,-1
8326,chr5,141513737,141514083,141618076,141618419,EH38E3666073,EH38E3666137,141513000,141514000,141618000,141619000,5,-1
8327,chr5,141514123,141514456,141618076,141618419,EH38E3666074,EH38E3666137,141514000,141515000,141618000,141619000,6,-1
8328,chr5,141514468,141514625,141618076,141618419,EH38E3666075,EH38E3666137,141514000,141515000,141618000,141619000,6,-1
8329,chr5,141514639,141514872,141618076,141618419,EH38E3666076,EH38E3666137,141514000,141515000,141618000,141619000,6,-1
8330,chr5,141524636,141524982,141618076,141618419,EH38E2414788,EH38E3666137,141524000,141525000,141618000,141619000,3,-1
8331,chr5,141557709,141558056,141618076,141618419,EH38E3666097,EH38E3666137,141557000,141558000,141618000,141619000,3,-1
8332,chr5,141560773,141561107,141618076,141618419,EH38E2414813,EH38E3666137,141560000,141561000,141618000,141619000,1,-1
8333,chr5,141636472,141636648,141618076,141618419,EH38E2414875,EH38E3666137,141636000,141637000,141618000,141619000,23,-1
8334,chr5,141680849,141681199,141618076,141618419,EH38E2414910,EH38E3666137,141680000,141681000,141618000,141619000,5,-1
8335,chr5,141681740,141682084,141618076,141618419,EH38E3666188,EH38E3666137,141681000,141682000,141618000,141619000,2,-1
8336,chr5,141816311,141816489,141618076,141618419,EH38E3666305,EH38E3666137,141816000,141817000,141618000,141619000,1,-1
8337,chr5,141816658,141816996,141618076,141618419,EH38E2415059,EH38E3666137,141816000,141817000,141618000,141619000,1,-1
8338,chr5,141821495,141821845,141618076,141618419,EH38E3666311,EH38E3666137,141821000,141822000,141618000,141619000,1,-1
8339,chr5,141843192,141843533,141618076,141618419,EH38E3666335,EH38E3666137,141843000,141844000,141618000,141619000,1,-1
8340,chr5,141845616,141845768,141618076,141618419,EH38E2415097,EH38E3666137,141845000,141846000,141618000,141619000,3,-1
8341,chr5,141849015,141849305,141618076,141618419,EH38E3666347,EH38E3666137,141849000,141850000,141618000,141619000,2,-1
8342,chr5,141849357,141849546,141618076,141618419,EH38E2415104,EH38E3666137,141849000,141850000,141618000,141619000,2,-1
8343,chr5,141849598,141849945,141618076,141618419,EH38E3666348,EH38E3666137,141849000,141850000,141618000,141619000,2,-1
8344,chr5,141850033,141850251,141618076,141618419,EH38E3666349,EH38E3666137,141850000,141851000,141618000,141619000,2,-1
8345,chr5,141850776,141851102,141618076,141618419,EH38E3666351,EH38E3666137,141850000,141851000,141618000,141619000,2,-1
8346,chr5,141851169,141851373,141618076,141618419,EH38E3666352,EH38E3666137,141851000,141852000,141618000,141619000,1,-1
8347,chr5,141858097,141858382,141618076,141618419,EH38E3666370,EH38E3666137,141858000,141859000,141618000,141619000,1,-1
8348,chr5,141875394,141875629,141618076,141618419,EH38E3666399,EH38E3666137,141875000,141876000,141618000,141619000,1,-1
8349,chr5,141875692,141875844,141618076,141618419,EH38E3666400,EH38E3666137,141875000,141876000,141618000,141619000,1,-1
8350,chr5,141875922,141876260,141618076,141618419,EH38E3666401,EH38E3666137,141875000,141876000,141618000,141619000,1,-1
8351,chr5,141876297,141876499,141618076,141618419,EH38E3666402,EH38E3666137,141876000,141877000,141618000,141619000,2,-1
8352,chr5,141876644,141876823,141618076,141618419,EH38E3666403,EH38E3666137,141876000,141877000,141618000,141619000,2,-1
8353,chr5,141876834,141877123,141618076,141618419,EH38E3666404,EH38E3666137,141876000,141877000,141618000,141619000,2,-1
8354,chr5,141877835,141878036,141618076,141618419,EH38E3666407,EH38E3666137,141878000,141879000,141618000,141619000,3,-1
8355,chr5,141878733,141878891,141618076,141618419,EH38E3666409,EH38E3666137,141878000,141879000,141618000,141619000,3,-1
8356,chr5,141878910,141879122,141618076,141618419,EH38E3666410,EH38E3666137,141878000,141879000,141618000,141619000,3,-1
8357,chr5,141879149,141879494,141618076,141618419,EH38E3666411,EH38E3666137,141879000,141880000,141618000,141619000,3,-1
8358,chr5,141923267,141923528,141618076,141618419,EH38E3666437,EH38E3666137,141923000,141924000,141618000,141619000,1,-1
8359,chr5,141923945,141924219,141618076,141618419,EH38E3666439,EH38E3666137,141923000,141924000,141618000,141619000,1,-1
8360,chr5,141969327,141969549,141618076,141618419,EH38E3666477,EH38E3666137,141969000,141970000,141618000,141619000,3,-1
8361,chr5,142012413,142012723,141618076,141618419,EH38E3666504,EH38E3666137,142012000,142013000,141618000,141619000,1,-1
8362,chr5,142108926,142109085,141618076,141618419,EH38E3666564,EH38E3666137,142108000,142109000,141618000,141619000,1,-1
8363,chr5,138724986,138725143,141618458,141618613,EH38E3664182,EH38E3666138,138724000,138725000,141618000,141619000,1,-1
8364,chr5,139649054,139649235,141618458,141618613,EH38E3664882,EH38E3666138,139649000,139650000,141618000,141619000,1,-1
8365,chr5,140174554,140174773,141618458,141618613,EH38E2414069,EH38E3666138,140174000,140175000,141618000,141619000,1,-1
8366,chr5,140401001,140401315,141618458,141618613,EH38E3665547,EH38E3666138,140401000,140402000,141618000,141619000,1,-1
8367,chr5,141002021,141002369,141618458,141618613,EH38E3665815,EH38E3666138,141002000,141003000,141618000,141619000,1,-1
8368,chr5,141002397,141002547,141618458,141618613,EH38E3665816,EH38E3666138,141002000,141003000,141618000,141619000,1,-1
8369,chr5,141320184,141320532,141618458,141618613,EH38E3665923,EH38E3666138,141320000,141321000,141618000,141619000,1,-1
8370,chr5,141513737,141514083,141618458,141618613,EH38E3666073,EH38E3666138,141513000,141514000,141618000,141619000,5,-1
8371,chr5,141514123,141514456,141618458,141618613,EH38E3666074,EH38E3666138,141514000,141515000,141618000,141619000,6,-1
8372,chr5,141514468,141514625,141618458,141618613,EH38E3666075,EH38E3666138,141514000,141515000,141618000,141619000,6,-1
8373,chr5,141514639,141514872,141618458,141618613,EH38E3666076,EH38E3666138,141514000,141515000,141618000,141619000,6,-1
8374,chr5,141524636,141524982,141618458,141618613,EH38E2414788,EH38E3666138,141524000,141525000,141618000,141619000,3,-1
8375,chr5,141557709,141558056,141618458,141618613,EH38E3666097,EH38E3666138,141557000,141558000,141618000,141619000,3,-1
8376,chr5,141560773,141561107,141618458,141618613,EH38E2414813,EH38E3666138,141560000,141561000,141618000,141619000,1,-1
8377,chr5,141636472,141636648,141618458,141618613,EH38E2414875,EH38E3666138,141636000,141637000,141618000,141619000,23,-1
8378,chr5,141680849,141681199,141618458,141618613,EH38E2414910,EH38E3666138,141680000,141681000,141618000,141619000,5,-1
8379,chr5,141681740,141682084,141618458,141618613,EH38E3666188,EH38E3666138,141681000,141682000,141618000,141619000,2,-1
8380,chr5,141816311,141816489,141618458,141618613,EH38E3666305,EH38E3666138,141816000,141817000,141618000,141619000,1,-1
8381,chr5,141816658,141816996,141618458,141618613,EH38E2415059,EH38E3666138,141816000,141817000,141618000,141619000,1,-1
8382,chr5,141821495,141821845,141618458,141618613,EH38E3666311,EH38E3666138,141821000,141822000,141618000,141619000,1,-1
8383,chr5,141843192,141843533,141618458,141618613,EH38E3666335,EH38E3666138,141843000,141844000,141618000,141619000,1,-1
8384,chr5,141845616,141845768,141618458,141618613,EH38E2415097,EH38E3666138,141845000,141846000,141618000,141619000,3,-1
8385,chr5,141849015,141849305,141618458,141618613,EH38E3666347,EH38E3666138,141849000,141850000,141618000,141619000,2,-1
8386,chr5,141849357,141849546,141618458,141618613,EH38E2415104,EH38E3666138,141849000,141850000,141618000,141619000,2,-1
8387,chr5,141849598,141849945,141618458,141618613,EH38E3666348,EH38E3666138,141849000,141850000,141618000,141619000,2,-1
8388,chr5,141850033,141850251,141618458,141618613,EH38E3666349,EH38E3666138,141850000,141851000,141618000,141619000,2,-1
8389,chr5,141850776,141851102,141618458,141618613,EH38E3666351,EH38E3666138,141850000,141851000,141618000,141619000,2,-1
8390,chr5,141851169,141851373,141618458,141618613,EH38E3666352,EH38E3666138,141851000,141852000,141618000,141619000,1,-1
8391,chr5,141858097,141858382,141618458,141618613,EH38E3666370,EH38E3666138,141858000,141859000,141618000,141619000,1,-1
8392,chr5,141875394,141875629,141618458,141618613,EH38E3666399,EH38E3666138,141875000,141876000,141618000,141619000,1,-1
8393,chr5,141875692,141875844,141618458,141618613,EH38E3666400,EH38E3666138,141875000,141876000,141618000,141619000,1,-1
8394,chr5,141875922,141876260,141618458,141618613,EH38E3666401,EH38E3666138,141875000,141876000,141618000,141619000,1,-1
8395,chr5,141876297,141876499,141618458,141618613,EH38E3666402,EH38E3666138,141876000,141877000,141618000,141619000,2,-1
8396,chr5,141876644,141876823,141618458,141618613,EH38E3666403,EH38E3666138,141876000,141877000,141618000,141619000,2,-1
8397,chr5,141876834,141877123,141618458,141618613,EH38E3666404,EH38E3666138,141876000,141877000,141618000,141619000,2,-1
8398,chr5,141877835,141878036,141618458,141618613,EH38E3666407,EH38E3666138,141878000,141879000,141618000,141619000,3,-1
8399,chr5,141878733,141878891,141618458,141618613,EH38E3666409,EH38E3666138,141878000,141879000,141618000,141619000,3,-1
8400,chr5,141878910,141879122,141618458,141618613,EH38E3666410,EH38E3666138,141878000,141879000,141618000,141619000,3,-1
8401,chr5,141879149,141879494,141618458,141618613,EH38E3666411,EH38E3666138,141879000,141880000,141618000,141619000,3,-1
8402,chr5,141923267,141923528,141618458,141618613,EH38E3666437,EH38E3666138,141923000,141924000,141618000,141619000,1,-1
8403,chr5,141923945,141924219,141618458,141618613,EH38E3666439,EH38E3666138,141923000,141924000,141618000,141619000,1,-1
8404,chr5,141969327,141969549,141618458,141618613,EH38E3666477,EH38E3666138,141969000,141970000,141618000,141619000,3,-1
8405,chr5,142012413,142012723,141618458,141618613,EH38E3666504,EH38E3666138,142012000,142013000,141618000,141619000,1,-1
8406,chr5,142108926,142109085,141618458,141618613,EH38E3666564,EH38E3666138,142108000,142109000,141618000,141619000,1,-1
8407,chr5,138724986,138725143,141618972,141619322,EH38E3664182,EH38E3666140,138724000,138725000,141618000,141619000,1,-1
8408,chr5,139649054,139649235,141618972,141619322,EH38E3664882,EH38E3666140,139649000,139650000,141618000,141619000,1,-1
8409,chr5,140174554,140174773,141618972,141619322,EH38E2414069,EH38E3666140,140174000,140175000,141618000,141619000,1,-1
8410,chr5,140401001,140401315,141618972,141619322,EH38E3665547,EH38E3666140,140401000,140402000,141618000,141619000,1,-1
8411,chr5,141002021,141002369,141618972,141619322,EH38E3665815,EH38E3666140,141002000,141003000,141618000,141619000,1,-1
8412,chr5,141002397,141002547,141618972,141619322,EH38E3665816,EH38E3666140,141002000,141003000,141618000,141619000,1,-1
8413,chr5,141320184,141320532,141618972,141619322,EH38E3665923,EH38E3666140,141320000,141321000,141618000,141619000,1,-1
8414,chr5,141513737,141514083,141618972,141619322,EH38E3666073,EH38E3666140,141513000,141514000,141618000,141619000,5,-1
8415,chr5,141514123,141514456,141618972,141619322,EH38E3666074,EH38E3666140,141514000,141515000,141618000,141619000,6,-1
8416,chr5,141514468,141514625,141618972,141619322,EH38E3666075,EH38E3666140,141514000,141515000,141618000,141619000,6,-1
8417,chr5,141514639,141514872,141618972,141619322,EH38E3666076,EH38E3666140,141514000,141515000,141618000,141619000,6,-1
8418,chr5,141524636,141524982,141618972,141619322,EH38E2414788,EH38E3666140,141524000,141525000,141618000,141619000,3,-1
8419,chr5,141557709,141558056,141618972,141619322,EH38E3666097,EH38E3666140,141557000,141558000,141618000,141619000,3,-1
8420,chr5,141636472,141636648,141618972,141619322,EH38E2414875,EH38E3666140,141636000,141637000,141618000,141619000,23,-1
8421,chr5,141680849,141681199,141618972,141619322,EH38E2414910,EH38E3666140,141680000,141681000,141618000,141619000,5,-1
8422,chr5,141681740,141682084,141618972,141619322,EH38E3666188,EH38E3666140,141681000,141682000,141618000,141619000,2,-1
8423,chr5,141816311,141816489,141618972,141619322,EH38E3666305,EH38E3666140,141816000,141817000,141618000,141619000,1,-1
8424,chr5,141816658,141816996,141618972,141619322,EH38E2415059,EH38E3666140,141816000,141817000,141618000,141619000,1,-1
8425,chr5,141821495,141821845,141618972,141619322,EH38E3666311,EH38E3666140,141821000,141822000,141618000,141619000,1,-1
8426,chr5,141843192,141843533,141618972,141619322,EH38E3666335,EH38E3666140,141843000,141844000,141618000,141619000,1,-1
8427,chr5,141845616,141845768,141618972,141619322,EH38E2415097,EH38E3666140,141845000,141846000,141618000,141619000,3,-1
8428,chr5,141850033,141850251,141618972,141619322,EH38E3666349,EH38E3666140,141850000,141851000,141618000,141619000,2,-1
8429,chr5,141850776,141851102,141618972,141619322,EH38E3666351,EH38E3666140,141850000,141851000,141618000,141619000,2,-1
8430,chr5,141851169,141851373,141618972,141619322,EH38E3666352,EH38E3666140,141851000,141852000,141618000,141619000,1,-1
8431,chr5,141858097,141858382,141618972,141619322,EH38E3666370,EH38E3666140,141858000,141859000,141618000,141619000,1,-1
8432,chr5,141875394,141875629,141618972,141619322,EH38E3666399,EH38E3666140,141875000,141876000,141618000,141619000,1,-1
8433,chr5,141875692,141875844,141618972,141619322,EH38E3666400,EH38E3666140,141875000,141876000,141618000,141619000,1,-1
8434,chr5,141875922,141876260,141618972,141619322,EH38E3666401,EH38E3666140,141875000,141876000,141618000,141619000,1,-1
8435,chr5,141876297,141876499,141618972,141619322,EH38E3666402,EH38E3666140,141876000,141877000,141618000,141619000,2,-1
8436,chr5,141876644,141876823,141618972,141619322,EH38E3666403,EH38E3666140,141876000,141877000,141618000,141619000,2,-1
8437,chr5,141876834,141877123,141618972,141619322,EH38E3666404,EH38E3666140,141876000,141877000,141618000,141619000,2,-1
8438,chr5,141877835,141878036,141618972,141619322,EH38E3666407,EH38E3666140,141878000,141879000,141618000,141619000,3,-1
8439,chr5,141878733,141878891,141618972,141619322,EH38E3666409,EH38E3666140,141878000,141879000,141618000,141619000,3,-1
8440,chr5,141878910,141879122,141618972,141619322,EH38E3666410,EH38E3666140,141878000,141879000,141618000,141619000,3,-1
8441,chr5,141879149,141879494,141618972,141619322,EH38E3666411,EH38E3666140,141879000,141880000,141618000,141619000,3,-1
8442,chr5,141969327,141969549,141618972,141619322,EH38E3666477,EH38E3666140,141969000,141970000,141618000,141619000,3,-1
8443,chr5,142012413,142012723,141618972,141619322,EH38E3666504,EH38E3666140,142012000,142013000,141618000,141619000,1,-1
8444,chr5,142108926,142109085,141618972,141619322,EH38E3666564,EH38E3666140,142108000,142109000,141618000,141619000,1,-1
8445,chr5,140175576,140175920,141618972,141619322,EH38E3665367,EH38E3666140,140175000,140176000,141619000,141620000,1,-1
8446,chr5,140302789,140302948,141618972,141619322,EH38E3665483,EH38E3666140,140302000,140303000,141619000,141620000,1,-1
8447,chr5,140400741,140400995,141618972,141619322,EH38E3665546,EH38E3666140,140400000,140401000,141619000,141620000,1,-1
8448,chr5,140639663,140639843,141618972,141619322,EH38E3665656,EH38E3666140,140639000,140640000,141619000,141620000,1,-1
8449,chr5,141560773,141561107,141618972,141619322,EH38E2414813,EH38E3666140,141560000,141561000,141619000,141620000,3,-1
8450,chr5,141564142,141564488,141618972,141619322,EH38E3666100,EH38E3666140,141564000,141565000,141619000,141620000,3,-1
8451,chr5,141839000,141839345,141618972,141619322,EH38E2415085,EH38E3666140,141839000,141840000,141619000,141620000,1,-1
8452,chr5,141839350,141839520,141618972,141619322,EH38E3666328,EH38E3666140,141839000,141840000,141619000,141620000,1,-1
8453,chr5,141849015,141849305,141618972,141619322,EH38E3666347,EH38E3666140,141849000,141850000,141619000,141620000,3,-1
8454,chr5,141849357,141849546,141618972,141619322,EH38E2415104,EH38E3666140,141849000,141850000,141619000,141620000,3,-1
8455,chr5,141849598,141849945,141618972,141619322,EH38E3666348,EH38E3666140,141849000,141850000,141619000,141620000,3,-1
8456,chr5,141872906,141873253,141618972,141619322,EH38E3666394,EH38E3666140,141872000,141873000,141619000,141620000,1,-1
8457,chr5,141923267,141923528,141618972,141619322,EH38E3666437,EH38E3666140,141923000,141924000,141619000,141620000,2,-1
8458,chr5,141923945,141924219,141618972,141619322,EH38E3666439,EH38E3666140,141923000,141924000,141619000,141620000,2,-1
8459,chr5,142235071,142235255,141618972,141619322,EH38E3666640,EH38E3666140,142235000,142236000,141619000,141620000,1,-1
8460,chr5,142235329,142235490,141618972,141619322,EH38E3666641,EH38E3666140,142235000,142236000,141619000,141620000,1,-1
8461,chr5,142235531,142235870,141618972,141619322,EH38E3666642,EH38E3666140,142235000,142236000,141619000,141620000,1,-1
8462,chr5,142235945,142236216,141618972,141619322,EH38E3666643,EH38E3666140,142235000,142236000,141619000,141620000,1,-1
8463,chr5,142269041,142269356,141618972,141619322,EH38E3666663,EH38E3666140,142269000,142270000,141619000,141620000,1,-1
8464,chr5,142325996,142326344,141618972,141619322,EH38E3666721,EH38E3666140,142326000,142327000,141619000,141620000,2,-1
8465,chr5,142326360,142326563,141618972,141619322,EH38E3666722,EH38E3666140,142326000,142327000,141619000,141620000,2,-1
8466,chr5,142326584,142326860,141618972,141619322,EH38E3666723,EH38E3666140,142326000,142327000,141619000,141620000,2,-1
8467,chr5,142360779,142361128,141618972,141619322,EH38E3666745,EH38E3666140,142361000,142362000,141619000,141620000,1,-1
8468,chr5,142863888,142864196,141618972,141619322,EH38E3667070,EH38E3666140,142863000,142864000,141619000,141620000,1,-1
8469,chr5,139649054,139649235,141636764,141637112,EH38E3664882,EH38E2414876,139649000,139650000,141636000,141637000,1,-1
8470,chr5,141002021,141002369,141636764,141637112,EH38E3665815,EH38E2414876,141002000,141003000,141636000,141637000,1,-1
8471,chr5,141002397,141002547,141636764,141637112,EH38E3665816,EH38E2414876,141002000,141003000,141636000,141637000,1,-1
8472,chr5,141094780,141094983,141636764,141637112,EH38E3665830,EH38E2414876,141094000,141095000,141636000,141637000,1,-1
8473,chr5,141135498,141135791,141636764,141637112,EH38E3665844,EH38E2414876,141135000,141136000,141636000,141637000,1,-1
8474,chr5,141320184,141320532,141636764,141637112,EH38E3665923,EH38E2414876,141320000,141321000,141636000,141637000,2,-1
8475,chr5,141513737,141514083,141636764,141637112,EH38E3666073,EH38E2414876,141513000,141514000,141636000,141637000,2,-1
8476,chr5,141557709,141558056,141636764,141637112,EH38E3666097,EH38E2414876,141557000,141558000,141636000,141637000,1,-1
8477,chr5,141560773,141561107,141636764,141637112,EH38E2414813,EH38E2414876,141560000,141561000,141636000,141637000,5,-1
8478,chr5,141636472,141636648,141636764,141637112,EH38E2414875,EH38E2414876,141636000,141637000,141636000,141637000,556,-1
8479,chr5,141680849,141681199,141636764,141637112,EH38E2414910,EH38E2414876,141680000,141681000,141636000,141637000,7,-1
8480,chr5,141845616,141845768,141636764,141637112,EH38E2415097,EH38E2414876,141845000,141846000,141636000,141637000,2,-1
8481,chr5,141849015,141849305,141636764,141637112,EH38E3666347,EH38E2414876,141849000,141850000,141636000,141637000,3,-1
8482,chr5,141849357,141849546,141636764,141637112,EH38E2415104,EH38E2414876,141849000,141850000,141636000,141637000,3,-1
8483,chr5,141849598,141849945,141636764,141637112,EH38E3666348,EH38E2414876,141849000,141850000,141636000,141637000,3,-1
8484,chr5,141858097,141858382,141636764,141637112,EH38E3666370,EH38E2414876,141858000,141859000,141636000,141637000,2,-1
8485,chr5,141872906,141873253,141636764,141637112,EH38E3666394,EH38E2414876,141872000,141873000,141636000,141637000,1,-1
8486,chr5,141878733,141878891,141636764,141637112,EH38E3666409,EH38E2414876,141878000,141879000,141636000,141637000,2,-1
8487,chr5,141878910,141879122,141636764,141637112,EH38E3666410,EH38E2414876,141878000,141879000,141636000,141637000,2,-1
8488,chr5,141923945,141924219,141636764,141637112,EH38E3666439,EH38E2414876,141924000,141925000,141636000,141637000,2,-1
8489,chr5,142108926,142109085,141636764,141637112,EH38E3666564,EH38E2414876,142108000,142109000,141636000,141637000,1,-1
8490,chr5,142157161,142157510,141636764,141637112,EH38E2415374,EH38E2414876,142157000,142158000,141636000,141637000,1,-1
8491,chr5,142174983,142175331,141636764,141637112,EH38E3666607,EH38E2414876,142174000,142175000,141636000,141637000,1,-1
8492,chr5,142235071,142235255,141636764,141637112,EH38E3666640,EH38E2414876,142235000,142236000,141636000,141637000,1,-1
8493,chr5,142235329,142235490,141636764,141637112,EH38E3666641,EH38E2414876,142235000,142236000,141636000,141637000,1,-1
8494,chr5,142235531,142235870,141636764,141637112,EH38E3666642,EH38E2414876,142235000,142236000,141636000,141637000,1,-1
8495,chr5,142235945,142236216,141636764,141637112,EH38E3666643,EH38E2414876,142235000,142236000,141636000,141637000,1,-1
8496,chr5,142325996,142326344,141636764,141637112,EH38E3666721,EH38E2414876,142326000,142327000,141636000,141637000,3,-1
8497,chr5,142326360,142326563,141636764,141637112,EH38E3666722,EH38E2414876,142326000,142327000,141636000,141637000,3,-1
8498,chr5,142326584,142326860,141636764,141637112,EH38E3666723,EH38E2414876,142326000,142327000,141636000,141637000,3,-1
8499,chr5,142327971,142328149,141636764,141637112,EH38E3666726,EH38E2414876,142328000,142329000,141636000,141637000,1,-1
8500,chr5,142356955,142357304,141636764,141637112,EH38E3666738,EH38E2414876,142357000,142358000,141636000,141637000,1,-1
8501,chr5,142357318,142357497,141636764,141637112,EH38E3666739,EH38E2414876,142357000,142358000,141636000,141637000,1,-1
8502,chr5,142701958,142702255,141636764,141637112,EH38E2415889,EH38E2414876,142701000,142702000,141636000,141637000,1,-1
8503,chr5,138752362,138752541,141636764,141637112,EH38E3664198,EH38E2414876,138752000,138753000,141637000,141638000,1,-1
8504,chr5,138752994,138753174,141636764,141637112,EH38E3664200,EH38E2414876,138752000,138753000,141637000,141638000,1,-1
8505,chr5,139473193,139473455,141636764,141637112,EH38E2413463,EH38E2414876,139473000,139474000,141637000,141638000,1,-1
8506,chr5,139710049,139710250,141636764,141637112,EH38E3665001,EH38E2414876,139710000,139711000,141637000,141638000,1,-1
8507,chr5,139710275,139710623,141636764,141637112,EH38E2413740,EH38E2414876,139710000,139711000,141637000,141638000,1,-1
8508,chr5,140175576,140175920,141636764,141637112,EH38E3665367,EH38E2414876,140175000,140176000,141637000,141638000,1,-1
8509,chr5,140402383,140402732,141636764,141637112,EH38E3665550,EH38E2414876,140402000,140403000,141637000,141638000,1,-1
8510,chr5,140402779,140402961,141636764,141637112,EH38E2414286,EH38E2414876,140402000,140403000,141637000,141638000,1,-1
8511,chr5,140639663,140639843,141636764,141637112,EH38E3665656,EH38E2414876,140639000,140640000,141637000,141638000,1,-1
8512,chr5,141514123,141514456,141636764,141637112,EH38E3666074,EH38E2414876,141514000,141515000,141637000,141638000,3,-1
8513,chr5,141514468,141514625,141636764,141637112,EH38E3666075,EH38E2414876,141514000,141515000,141637000,141638000,3,-1
8514,chr5,141514639,141514872,141636764,141637112,EH38E3666076,EH38E2414876,141514000,141515000,141637000,141638000,3,-1
8515,chr5,141524636,141524982,141636764,141637112,EH38E2414788,EH38E2414876,141524000,141525000,141637000,141638000,2,-1
8516,chr5,141564142,141564488,141636764,141637112,EH38E3666100,EH38E2414876,141564000,141565000,141637000,141638000,4,-1
8517,chr5,141681740,141682084,141636764,141637112,EH38E3666188,EH38E2414876,141681000,141682000,141637000,141638000,13,-1
8518,chr5,141816311,141816489,141636764,141637112,EH38E3666305,EH38E2414876,141816000,141817000,141637000,141638000,4,-1
8519,chr5,141816658,141816996,141636764,141637112,EH38E2415059,EH38E2414876,141816000,141817000,141637000,141638000,4,-1
8520,chr5,141821495,141821845,141636764,141637112,EH38E3666311,EH38E2414876,141821000,141822000,141637000,141638000,3,-1
8521,chr5,141838392,141838730,141636764,141637112,EH38E2415084,EH38E2414876,141838000,141839000,141637000,141638000,1,-1
8522,chr5,141839000,141839345,141636764,141637112,EH38E2415085,EH38E2414876,141839000,141840000,141637000,141638000,3,-1
8523,chr5,141839350,141839520,141636764,141637112,EH38E3666328,EH38E2414876,141839000,141840000,141637000,141638000,3,-1
8524,chr5,141843192,141843533,141636764,141637112,EH38E3666335,EH38E2414876,141843000,141844000,141637000,141638000,6,-1
8525,chr5,141850033,141850251,141636764,141637112,EH38E3666349,EH38E2414876,141850000,141851000,141637000,141638000,6,-1
8526,chr5,141850776,141851102,141636764,141637112,EH38E3666351,EH38E2414876,141850000,141851000,141637000,141638000,6,-1
8527,chr5,141851169,141851373,141636764,141637112,EH38E3666352,EH38E2414876,141851000,141852000,141637000,141638000,6,-1
8528,chr5,141875394,141875629,141636764,141637112,EH38E3666399,EH38E2414876,141875000,141876000,141637000,141638000,6,-1
8529,chr5,141875692,141875844,141636764,141637112,EH38E3666400,EH38E2414876,141875000,141876000,141637000,141638000,6,-1
8530,chr5,141875922,141876260,141636764,141637112,EH38E3666401,EH38E2414876,141875000,141876000,141637000,141638000,6,-1
8531,chr5,141876297,141876499,141636764,141637112,EH38E3666402,EH38E2414876,141876000,141877000,141637000,141638000,9,-1
8532,chr5,141876644,141876823,141636764,141637112,EH38E3666403,EH38E2414876,141876000,141877000,141637000,141638000,9,-1
8533,chr5,141876834,141877123,141636764,141637112,EH38E3666404,EH38E2414876,141876000,141877000,141637000,141638000,9,-1
8534,chr5,141877835,141878036,141636764,141637112,EH38E3666407,EH38E2414876,141877000,141878000,141637000,141638000,5,-1
8535,chr5,141879149,141879494,141636764,141637112,EH38E3666411,EH38E2414876,141879000,141880000,141637000,141638000,7,-1
8536,chr5,141923267,141923528,141636764,141637112,EH38E3666437,EH38E2414876,141923000,141924000,141637000,141638000,3,-1
8537,chr5,141969327,141969549,141636764,141637112,EH38E3666477,EH38E2414876,141969000,141970000,141637000,141638000,3,-1
8538,chr5,142012413,142012723,141636764,141637112,EH38E3666504,EH38E2414876,142012000,142013000,141637000,141638000,4,-1
8539,chr5,142295350,142295699,141636764,141637112,EH38E2415495,EH38E2414876,142295000,142296000,141637000,141638000,1,-1
8540,chr5,142325588,142325935,141636764,141637112,EH38E2415550,EH38E2414876,142325000,142326000,141637000,141638000,1,-1
8541,chr5,142356357,142356706,141636764,141637112,EH38E2415571,EH38E2414876,142356000,142357000,141637000,141638000,1,-1
8542,chr5,142356711,142356891,141636764,141637112,EH38E2415572,EH38E2414876,142356000,142357000,141637000,141638000,1,-1
8543,chr5,142360779,142361128,141636764,141637112,EH38E3666745,EH38E2414876,142361000,142362000,141637000,141638000,1,-1
8544,chr5,138945843,138946013,141651283,141651633,EH38E3664319,EH38E2414887,138946000,138947000,141651000,141652000,1,-1
8545,chr5,139294318,139294613,141651283,141651633,EH38E3664547,EH38E2414887,139294000,139295000,141651000,141652000,1,-1
8546,chr5,141513737,141514083,141651283,141651633,EH38E3666073,EH38E2414887,141513000,141514000,141651000,141652000,2,-1
8547,chr5,141524636,141524982,141651283,141651633,EH38E2414788,EH38E2414887,141524000,141525000,141651000,141652000,3,-1
8548,chr5,141557709,141558056,141651283,141651633,EH38E3666097,EH38E2414887,141557000,141558000,141651000,141652000,1,-1
8549,chr5,141636472,141636648,141651283,141651633,EH38E2414875,EH38E2414887,141636000,141637000,141651000,141652000,15,-1
8550,chr5,141680849,141681199,141651283,141651633,EH38E2414910,EH38E2414887,141680000,141681000,141651000,141652000,7,-1
8551,chr5,141681740,141682084,141651283,141651633,EH38E3666188,EH38E2414887,141681000,141682000,141651000,141652000,11,-1
8552,chr5,141816311,141816489,141651283,141651633,EH38E3666305,EH38E2414887,141816000,141817000,141651000,141652000,1,-1
8553,chr5,141816658,141816996,141651283,141651633,EH38E2415059,EH38E2414887,141816000,141817000,141651000,141652000,1,-1
8554,chr5,141821495,141821845,141651283,141651633,EH38E3666311,EH38E2414887,141821000,141822000,141651000,141652000,2,-1
8555,chr5,141838392,141838730,141651283,141651633,EH38E2415084,EH38E2414887,141838000,141839000,141651000,141652000,2,-1
8556,chr5,141839000,141839345,141651283,141651633,EH38E2415085,EH38E2414887,141839000,141840000,141651000,141652000,2,-1
8557,chr5,141839350,141839520,141651283,141651633,EH38E3666328,EH38E2414887,141839000,141840000,141651000,141652000,2,-1
8558,chr5,141843192,141843533,141651283,141651633,EH38E3666335,EH38E2414887,141843000,141844000,141651000,141652000,1,-1
8559,chr5,141845616,141845768,141651283,141651633,EH38E2415097,EH38E2414887,141845000,141846000,141651000,141652000,2,-1
8560,chr5,141849015,141849305,141651283,141651633,EH38E3666347,EH38E2414887,141849000,141850000,141651000,141652000,6,-1
8561,chr5,141849357,141849546,141651283,141651633,EH38E2415104,EH38E2414887,141849000,141850000,141651000,141652000,6,-1
8562,chr5,141849598,141849945,141651283,141651633,EH38E3666348,EH38E2414887,141849000,141850000,141651000,141652000,6,-1
8563,chr5,141850033,141850251,141651283,141651633,EH38E3666349,EH38E2414887,141850000,141851000,141651000,141652000,3,-1
8564,chr5,141850776,141851102,141651283,141651633,EH38E3666351,EH38E2414887,141850000,141851000,141651000,141652000,3,-1
8565,chr5,141851169,141851373,141651283,141651633,EH38E3666352,EH38E2414887,141851000,141852000,141651000,141652000,3,-1
8566,chr5,141858097,141858382,141651283,141651633,EH38E3666370,EH38E2414887,141858000,141859000,141651000,141652000,1,-1
8567,chr5,141872906,141873253,141651283,141651633,EH38E3666394,EH38E2414887,141872000,141873000,141651000,141652000,3,-1
8568,chr5,141875394,141875629,141651283,141651633,EH38E3666399,EH38E2414887,141875000,141876000,141651000,141652000,6,-1
8569,chr5,141875692,141875844,141651283,141651633,EH38E3666400,EH38E2414887,141875000,141876000,141651000,141652000,6,-1
8570,chr5,141875922,141876260,141651283,141651633,EH38E3666401,EH38E2414887,141875000,141876000,141651000,141652000,6,-1
8571,chr5,141876297,141876499,141651283,141651633,EH38E3666402,EH38E2414887,141876000,141877000,141651000,141652000,3,-1
8572,chr5,141876644,141876823,141651283,141651633,EH38E3666403,EH38E2414887,141876000,141877000,141651000,141652000,3,-1
8573,chr5,141876834,141877123,141651283,141651633,EH38E3666404,EH38E2414887,141876000,141877000,141651000,141652000,3,-1
8574,chr5,141877835,141878036,141651283,141651633,EH38E3666407,EH38E2414887,141877000,141878000,141651000,141652000,4,-1
8575,chr5,141878733,141878891,141651283,141651633,EH38E3666409,EH38E2414887,141878000,141879000,141651000,141652000,4,-1
8576,chr5,141878910,141879122,141651283,141651633,EH38E3666410,EH38E2414887,141878000,141879000,141651000,141652000,4,-1
8577,chr5,141879149,141879494,141651283,141651633,EH38E3666411,EH38E2414887,141879000,141880000,141651000,141652000,1,-1
8578,chr5,141923267,141923528,141651283,141651633,EH38E3666437,EH38E2414887,141923000,141924000,141651000,141652000,4,-1
8579,chr5,141923945,141924219,141651283,141651633,EH38E3666439,EH38E2414887,141923000,141924000,141651000,141652000,4,-1
8580,chr5,141969327,141969549,141651283,141651633,EH38E3666477,EH38E2414887,141969000,141970000,141651000,141652000,5,-1
8581,chr5,142012413,142012723,141651283,141651633,EH38E3666504,EH38E2414887,142012000,142013000,141651000,141652000,1,-1
8582,chr5,142108926,142109085,141651283,141651633,EH38E3666564,EH38E2414887,142109000,142110000,141651000,141652000,1,-1
8583,chr5,142174983,142175331,141651283,141651633,EH38E3666607,EH38E2414887,142174000,142175000,141651000,141652000,1,-1
8584,chr5,142269041,142269356,141651283,141651633,EH38E3666663,EH38E2414887,142269000,142270000,141651000,141652000,1,-1
8585,chr5,138945843,138946013,141682093,141682429,EH38E3664319,EH38E2414913,138945000,138946000,141682000,141683000,1,-1
8586,chr5,139668281,139668629,141682093,141682429,EH38E2413661,EH38E2414913,139668000,139669000,141682000,141683000,1,-1
8587,chr5,140400741,140400995,141682093,141682429,EH38E3665546,EH38E2414913,140400000,140401000,141682000,141683000,1,-1
8588,chr5,140557131,140557288,141682093,141682429,EH38E3665585,EH38E2414913,140557000,140558000,141682000,141683000,1,-1
8589,chr5,140557295,140557636,141682093,141682429,EH38E3665586,EH38E2414913,140557000,140558000,141682000,141683000,1,-1
8590,chr5,140557649,140557851,141682093,141682429,EH38E3665587,EH38E2414913,140557000,140558000,141682000,141683000,1,-1
8591,chr5,141320184,141320532,141682093,141682429,EH38E3665923,EH38E2414913,141320000,141321000,141682000,141683000,1,-1
8592,chr5,141513737,141514083,141682093,141682429,EH38E3666073,EH38E2414913,141514000,141515000,141682000,141683000,1,-1
8593,chr5,141514123,141514456,141682093,141682429,EH38E3666074,EH38E2414913,141514000,141515000,141682000,141683000,1,-1
8594,chr5,141514468,141514625,141682093,141682429,EH38E3666075,EH38E2414913,141514000,141515000,141682000,141683000,1,-1
8595,chr5,141514639,141514872,141682093,141682429,EH38E3666076,EH38E2414913,141514000,141515000,141682000,141683000,1,-1
8596,chr5,141557709,141558056,141682093,141682429,EH38E3666097,EH38E2414913,141558000,141559000,141682000,141683000,1,-1
8597,chr5,141560773,141561107,141682093,141682429,EH38E2414813,EH38E2414913,141560000,141561000,141682000,141683000,1,-1
8598,chr5,141636472,141636648,141682093,141682429,EH38E2414875,EH38E2414913,141636000,141637000,141682000,141683000,5,-1
8599,chr5,141680849,141681199,141682093,141682429,EH38E2414910,EH38E2414913,141680000,141681000,141682000,141683000,121,-1
8600,chr5,141681740,141682084,141682093,141682429,EH38E3666188,EH38E2414913,141681000,141682000,141682000,141683000,431,-1
8601,chr5,141681740,141682084,141682093,141682429,EH38E3666188,EH38E2414913,141682000,141683000,141682000,141683000,892,-1
8602,chr5,141816311,141816489,141682093,141682429,EH38E3666305,EH38E2414913,141816000,141817000,141682000,141683000,4,-1
8603,chr5,141816658,141816996,141682093,141682429,EH38E2415059,EH38E2414913,141816000,141817000,141682000,141683000,4,-1
8604,chr5,141821495,141821845,141682093,141682429,EH38E3666311,EH38E2414913,141821000,141822000,141682000,141683000,2,-1
8605,chr5,141838392,141838730,141682093,141682429,EH38E2415084,EH38E2414913,141838000,141839000,141682000,141683000,2,-1
8606,chr5,141839000,141839345,141682093,141682429,EH38E2415085,EH38E2414913,141839000,141840000,141682000,141683000,2,-1
8607,chr5,141843192,141843533,141682093,141682429,EH38E3666335,EH38E2414913,141843000,141844000,141682000,141683000,2,-1
8608,chr5,141845616,141845768,141682093,141682429,EH38E2415097,EH38E2414913,141845000,141846000,141682000,141683000,6,-1
8609,chr5,141849015,141849305,141682093,141682429,EH38E3666347,EH38E2414913,141849000,141850000,141682000,141683000,6,-1
8610,chr5,141849357,141849546,141682093,141682429,EH38E2415104,EH38E2414913,141849000,141850000,141682000,141683000,6,-1
8611,chr5,141849598,141849945,141682093,141682429,EH38E3666348,EH38E2414913,141849000,141850000,141682000,141683000,6,-1
8612,chr5,141850033,141850251,141682093,141682429,EH38E3666349,EH38E2414913,141850000,141851000,141682000,141683000,7,-1
8613,chr5,141850776,141851102,141682093,141682429,EH38E3666351,EH38E2414913,141850000,141851000,141682000,141683000,7,-1
8614,chr5,141851169,141851373,141682093,141682429,EH38E3666352,EH38E2414913,141851000,141852000,141682000,141683000,5,-1
8615,chr5,141858097,141858382,141682093,141682429,EH38E3666370,EH38E2414913,141858000,141859000,141682000,141683000,7,-1
8616,chr5,141872906,141873253,141682093,141682429,EH38E3666394,EH38E2414913,141872000,141873000,141682000,141683000,4,-1
8617,chr5,141875394,141875629,141682093,141682429,EH38E3666399,EH38E2414913,141875000,141876000,141682000,141683000,4,-1
8618,chr5,141875692,141875844,141682093,141682429,EH38E3666400,EH38E2414913,141875000,141876000,141682000,141683000,4,-1
8619,chr5,141875922,141876260,141682093,141682429,EH38E3666401,EH38E2414913,141875000,141876000,141682000,141683000,4,-1
8620,chr5,141876297,141876499,141682093,141682429,EH38E3666402,EH38E2414913,141876000,141877000,141682000,141683000,19,-1
8621,chr5,141876644,141876823,141682093,141682429,EH38E3666403,EH38E2414913,141876000,141877000,141682000,141683000,19,-1
8622,chr5,141876834,141877123,141682093,141682429,EH38E3666404,EH38E2414913,141876000,141877000,141682000,141683000,19,-1
8623,chr5,141877835,141878036,141682093,141682429,EH38E3666407,EH38E2414913,141877000,141878000,141682000,141683000,8,-1
8624,chr5,141878733,141878891,141682093,141682429,EH38E3666409,EH38E2414913,141878000,141879000,141682000,141683000,8,-1
8625,chr5,141878910,141879122,141682093,141682429,EH38E3666410,EH38E2414913,141878000,141879000,141682000,141683000,8,-1
8626,chr5,141879149,141879494,141682093,141682429,EH38E3666411,EH38E2414913,141879000,141880000,141682000,141683000,12,-1
8627,chr5,141923267,141923528,141682093,141682429,EH38E3666437,EH38E2414913,141923000,141924000,141682000,141683000,12,-1
8628,chr5,141923945,141924219,141682093,141682429,EH38E3666439,EH38E2414913,141923000,141924000,141682000,141683000,12,-1
8629,chr5,141969327,141969549,141682093,141682429,EH38E3666477,EH38E2414913,141969000,141970000,141682000,141683000,9,-1
8630,chr5,142012413,142012723,141682093,141682429,EH38E3666504,EH38E2414913,142012000,142013000,141682000,141683000,7,-1
8631,chr5,142108926,142109085,141682093,141682429,EH38E3666564,EH38E2414913,142108000,142109000,141682000,141683000,2,-1
8632,chr5,142174983,142175331,141682093,141682429,EH38E3666607,EH38E2414913,142175000,142176000,141682000,141683000,1,-1
8633,chr5,142235945,142236216,141682093,141682429,EH38E3666643,EH38E2414913,142236000,142237000,141682000,141683000,1,-1
8634,chr5,142325996,142326344,141682093,141682429,EH38E3666721,EH38E2414913,142326000,142327000,141682000,141683000,1,-1
8635,chr5,142326360,142326563,141682093,141682429,EH38E3666722,EH38E2414913,142326000,142327000,141682000,141683000,1,-1
8636,chr5,142326584,142326860,141682093,141682429,EH38E3666723,EH38E2414913,142326000,142327000,141682000,141683000,1,-1
8637,chr5,142356357,142356706,141682093,141682429,EH38E2415571,EH38E2414913,142356000,142357000,141682000,141683000,1,-1
8638,chr5,142356711,142356891,141682093,141682429,EH38E2415572,EH38E2414913,142356000,142357000,141682000,141683000,1,-1
8639,chr5,142356955,142357304,141682093,141682429,EH38E3666738,EH38E2414913,142356000,142357000,141682000,141683000,1,-1
8640,chr5,142357318,142357497,141682093,141682429,EH38E3666739,EH38E2414913,142357000,142358000,141682000,141683000,1,-1
8641,chr5,142360779,142361128,141682093,141682429,EH38E3666745,EH38E2414913,142361000,142362000,141682000,141683000,1,-1
8642,chr5,142362723,142363073,141682093,141682429,EH38E3666747,EH38E2414913,142362000,142363000,141682000,141683000,1,-1
8643,chr5,142684640,142684990,141682093,141682429,EH38E3666926,EH38E2414913,142684000,142685000,141682000,141683000,1,-1
8644,chr5,140175576,140175920,141882590,141882940,EH38E3665367,EH38E2415153,140175000,140176000,141882000,141883000,1,-1
8645,chr5,141513737,141514083,141882590,141882940,EH38E3666073,EH38E2415153,141514000,141515000,141882000,141883000,1,-1
8646,chr5,141514123,141514456,141882590,141882940,EH38E3666074,EH38E2415153,141514000,141515000,141882000,141883000,1,-1
8647,chr5,141514468,141514625,141882590,141882940,EH38E3666075,EH38E2415153,141514000,141515000,141882000,141883000,1,-1
8648,chr5,141514639,141514872,141882590,141882940,EH38E3666076,EH38E2415153,141514000,141515000,141882000,141883000,1,-1
8649,chr5,141557709,141558056,141882590,141882940,EH38E3666097,EH38E2415153,141558000,141559000,141882000,141883000,1,-1
8650,chr5,141560773,141561107,141882590,141882940,EH38E2414813,EH38E2415153,141561000,141562000,141882000,141883000,1,-1
8651,chr5,141680849,141681199,141882590,141882940,EH38E2414910,EH38E2415153,141680000,141681000,141882000,141883000,4,-1
8652,chr5,141681740,141682084,141882590,141882940,EH38E3666188,EH38E2415153,141681000,141682000,141882000,141883000,6,-1
8653,chr5,141816311,141816489,141882590,141882940,EH38E3666305,EH38E2415153,141816000,141817000,141882000,141883000,5,-1
8654,chr5,141816658,141816996,141882590,141882940,EH38E2415059,EH38E2415153,141816000,141817000,141882000,141883000,5,-1
8655,chr5,141821495,141821845,141882590,141882940,EH38E3666311,EH38E2415153,141821000,141822000,141882000,141883000,4,-1
8656,chr5,141838392,141838730,141882590,141882940,EH38E2415084,EH38E2415153,141838000,141839000,141882000,141883000,10,-1
8657,chr5,141839000,141839345,141882590,141882940,EH38E2415085,EH38E2415153,141839000,141840000,141882000,141883000,10,-1
8658,chr5,141839350,141839520,141882590,141882940,EH38E3666328,EH38E2415153,141839000,141840000,141882000,141883000,5,-1
8659,chr5,141843192,141843533,141882590,141882940,EH38E3666335,EH38E2415153,141843000,141844000,141882000,141883000,11,-1
8660,chr5,141845616,141845768,141882590,141882940,EH38E2415097,EH38E2415153,141845000,141846000,141882000,141883000,14,-1
8661,chr5,141849015,141849305,141882590,141882940,EH38E3666347,EH38E2415153,141849000,141850000,141882000,141883000,16,-1
8662,chr5,141849357,141849546,141882590,141882940,EH38E2415104,EH38E2415153,141849000,141850000,141882000,141883000,16,-1
8663,chr5,141849598,141849945,141882590,141882940,EH38E3666348,EH38E2415153,141849000,141850000,141882000,141883000,16,-1
8664,chr5,141850033,141850251,141882590,141882940,EH38E3666349,EH38E2415153,141850000,141851000,141882000,141883000,15,-1
8665,chr5,141850776,141851102,141882590,141882940,EH38E3666351,EH38E2415153,141850000,141851000,141882000,141883000,15,-1
8666,chr5,141851169,141851373,141882590,141882940,EH38E3666352,EH38E2415153,141851000,141852000,141882000,141883000,15,-1
8667,chr5,141858097,141858382,141882590,141882940,EH38E3666370,EH38E2415153,141858000,141859000,141882000,141883000,14,-1
8668,chr5,141872906,141873253,141882590,141882940,EH38E3666394,EH38E2415153,141872000,141873000,141882000,141883000,15,-1
8669,chr5,141875394,141875629,141882590,141882940,EH38E3666399,EH38E2415153,141875000,141876000,141882000,141883000,30,-1
8670,chr5,141875692,141875844,141882590,141882940,EH38E3666400,EH38E2415153,141875000,141876000,141882000,141883000,30,-1
8671,chr5,141875922,141876260,141882590,141882940,EH38E3666401,EH38E2415153,141875000,141876000,141882000,141883000,30,-1
8672,chr5,141876297,141876499,141882590,141882940,EH38E3666402,EH38E2415153,141876000,141877000,141882000,141883000,43,-1
8673,chr5,141876644,141876823,141882590,141882940,EH38E3666403,EH38E2415153,141876000,141877000,141882000,141883000,43,-1
8674,chr5,141876834,141877123,141882590,141882940,EH38E3666404,EH38E2415153,141876000,141877000,141882000,141883000,43,-1
8675,chr5,141877835,141878036,141882590,141882940,EH38E3666407,EH38E2415153,141877000,141878000,141882000,141883000,38,-1
8676,chr5,141878733,141878891,141882590,141882940,EH38E3666409,EH38E2415153,141878000,141879000,141882000,141883000,58,-1
8677,chr5,141878910,141879122,141882590,141882940,EH38E3666410,EH38E2415153,141878000,141879000,141882000,141883000,58,-1
8678,chr5,141879149,141879494,141882590,141882940,EH38E3666411,EH38E2415153,141879000,141880000,141882000,141883000,195,-1
8679,chr5,141923267,141923528,141882590,141882940,EH38E3666437,EH38E2415153,141923000,141924000,141882000,141883000,12,-1
8680,chr5,141923945,141924219,141882590,141882940,EH38E3666439,EH38E2415153,141923000,141924000,141882000,141883000,12,-1
8681,chr5,141969327,141969549,141882590,141882940,EH38E3666477,EH38E2415153,141969000,141970000,141882000,141883000,2,-1
8682,chr5,142012413,142012723,141882590,141882940,EH38E3666504,EH38E2415153,142012000,142013000,141882000,141883000,2,-1
8683,chr5,142108926,142109085,141882590,141882940,EH38E3666564,EH38E2415153,142108000,142109000,141882000,141883000,1,-1
8684,chr5,142157161,142157510,141882590,141882940,EH38E2415374,EH38E2415153,142157000,142158000,141882000,141883000,1,-1
8685,chr5,142235071,142235255,141882590,141882940,EH38E3666640,EH38E2415153,142235000,142236000,141882000,141883000,1,-1
8686,chr5,142235329,142235490,141882590,141882940,EH38E3666641,EH38E2415153,142235000,142236000,141882000,141883000,1,-1
8687,chr5,142235531,142235870,141882590,141882940,EH38E3666642,EH38E2415153,142235000,142236000,141882000,141883000,1,-1
8688,chr5,142235945,142236216,141882590,141882940,EH38E3666643,EH38E2415153,142235000,142236000,141882000,141883000,1,-1
8689,chr5,142701958,142702255,141882590,141882940,EH38E2415889,EH38E2415153,142701000,142702000,141882000,141883000,1,-1
8690,chr5,139473193,139473455,141883265,141883566,EH38E2413463,EH38E3666418,139473000,139474000,141883000,141884000,1,-1
8691,chr5,139709009,139709183,141883265,141883566,EH38E3664999,EH38E3666418,139709000,139710000,141883000,141884000,1,-1
8692,chr5,139709183,139709533,141883265,141883566,EH38E2413737,EH38E3666418,139709000,139710000,141883000,141884000,1,-1
8693,chr5,139709641,139709990,141883265,141883566,EH38E3665000,EH38E3666418,139709000,139710000,141883000,141884000,1,-1
8694,chr5,140401001,140401315,141883265,141883566,EH38E3665547,EH38E3666418,140401000,140402000,141883000,141884000,1,-1
8695,chr5,140548006,140548354,141883265,141883566,EH38E3665576,EH38E3666418,140548000,140549000,141883000,141884000,1,-1
8696,chr5,141003904,141004108,141883265,141883566,EH38E3665817,EH38E3666418,141004000,141005000,141883000,141884000,1,-1
8697,chr5,141004141,141004489,141883265,141883566,EH38E2414560,EH38E3666418,141004000,141005000,141883000,141884000,1,-1
8698,chr5,141320184,141320532,141883265,141883566,EH38E3665923,EH38E3666418,141320000,141321000,141883000,141884000,1,-1
8699,chr5,141513737,141514083,141883265,141883566,EH38E3666073,EH38E3666418,141513000,141514000,141883000,141884000,1,-1
8700,chr5,141680849,141681199,141883265,141883566,EH38E2414910,EH38E3666418,141680000,141681000,141883000,141884000,5,-1
8701,chr5,141681740,141682084,141883265,141883566,EH38E3666188,EH38E3666418,141681000,141682000,141883000,141884000,8,-1
8702,chr5,141816311,141816489,141883265,141883566,EH38E3666305,EH38E3666418,141816000,141817000,141883000,141884000,7,-1
8703,chr5,141816658,141816996,141883265,141883566,EH38E2415059,EH38E3666418,141816000,141817000,141883000,141884000,7,-1
8704,chr5,141821495,141821845,141883265,141883566,EH38E3666311,EH38E3666418,141821000,141822000,141883000,141884000,6,-1
8705,chr5,141838392,141838730,141883265,141883566,EH38E2415084,EH38E3666418,141838000,141839000,141883000,141884000,9,-1
8706,chr5,141839000,141839345,141883265,141883566,EH38E2415085,EH38E3666418,141839000,141840000,141883000,141884000,9,-1
8707,chr5,141839350,141839520,141883265,141883566,EH38E3666328,EH38E3666418,141839000,141840000,141883000,141884000,10,-1
8708,chr5,141843192,141843533,141883265,141883566,EH38E3666335,EH38E3666418,141843000,141844000,141883000,141884000,12,-1
8709,chr5,141845616,141845768,141883265,141883566,EH38E2415097,EH38E3666418,141845000,141846000,141883000,141884000,10,-1
8710,chr5,141849015,141849305,141883265,141883566,EH38E3666347,EH38E3666418,141849000,141850000,141883000,141884000,15,-1
8711,chr5,141849357,141849546,141883265,141883566,EH38E2415104,EH38E3666418,141849000,141850000,141883000,141884000,15,-1
8712,chr5,141849598,141849945,141883265,141883566,EH38E3666348,EH38E3666418,141849000,141850000,141883000,141884000,15,-1
8713,chr5,141850033,141850251,141883265,141883566,EH38E3666349,EH38E3666418,141850000,141851000,141883000,141884000,21,-1
8714,chr5,141850776,141851102,141883265,141883566,EH38E3666351,EH38E3666418,141850000,141851000,141883000,141884000,21,-1
8715,chr5,141851169,141851373,141883265,141883566,EH38E3666352,EH38E3666418,141851000,141852000,141883000,141884000,10,-1
8716,chr5,141858097,141858382,141883265,141883566,EH38E3666370,EH38E3666418,141858000,141859000,141883000,141884000,12,-1
8717,chr5,141872906,141873253,141883265,141883566,EH38E3666394,EH38E3666418,141872000,141873000,141883000,141884000,13,-1
8718,chr5,141875394,141875629,141883265,141883566,EH38E3666399,EH38E3666418,141875000,141876000,141883000,141884000,33,-1
8719,chr5,141875692,141875844,141883265,141883566,EH38E3666400,EH38E3666418,141875000,141876000,141883000,141884000,33,-1
8720,chr5,141875922,141876260,141883265,141883566,EH38E3666401,EH38E3666418,141875000,141876000,141883000,141884000,33,-1
8721,chr5,141876297,141876499,141883265,141883566,EH38E3666402,EH38E3666418,141876000,141877000,141883000,141884000,45,-1
8722,chr5,141876644,141876823,141883265,141883566,EH38E3666403,EH38E3666418,141876000,141877000,141883000,141884000,45,-1
8723,chr5,141876834,141877123,141883265,141883566,EH38E3666404,EH38E3666418,141876000,141877000,141883000,141884000,45,-1
8724,chr5,141877835,141878036,141883265,141883566,EH38E3666407,EH38E3666418,141877000,141878000,141883000,141884000,36,-1
8725,chr5,141878733,141878891,141883265,141883566,EH38E3666409,EH38E3666418,141878000,141879000,141883000,141884000,49,-1
8726,chr5,141878910,141879122,141883265,141883566,EH38E3666410,EH38E3666418,141878000,141879000,141883000,141884000,49,-1
8727,chr5,141879149,141879494,141883265,141883566,EH38E3666411,EH38E3666418,141879000,141880000,141883000,141884000,116,-1
8728,chr5,141923267,141923528,141883265,141883566,EH38E3666437,EH38E3666418,141923000,141924000,141883000,141884000,20,-1
8729,chr5,141923945,141924219,141883265,141883566,EH38E3666439,EH38E3666418,141923000,141924000,141883000,141884000,20,-1
8730,chr5,141969327,141969549,141883265,141883566,EH38E3666477,EH38E3666418,141969000,141970000,141883000,141884000,6,-1
8731,chr5,142108926,142109085,141883265,141883566,EH38E3666564,EH38E3666418,142108000,142109000,141883000,141884000,1,-1
8732,chr5,142174983,142175331,141883265,141883566,EH38E3666607,EH38E3666418,142175000,142176000,141883000,141884000,1,-1
8733,chr5,142325996,142326344,141883265,141883566,EH38E3666721,EH38E3666418,142326000,142327000,141883000,141884000,1,-1
8734,chr5,142326360,142326563,141883265,141883566,EH38E3666722,EH38E3666418,142326000,142327000,141883000,141884000,1,-1
8735,chr5,142326584,142326860,141883265,141883566,EH38E3666723,EH38E3666418,142326000,142327000,141883000,141884000,1,-1
8736,chr5,142327971,142328149,141883265,141883566,EH38E3666726,EH38E3666418,142328000,142329000,141883000,141884000,1,-1
8737,chr5,142356357,142356706,141883265,141883566,EH38E2415571,EH38E3666418,142356000,142357000,141883000,141884000,1,-1
8738,chr5,142356711,142356891,141883265,141883566,EH38E2415572,EH38E3666418,142356000,142357000,141883000,141884000,1,-1
8739,chr5,142356955,142357304,141883265,141883566,EH38E3666738,EH38E3666418,142356000,142357000,141883000,141884000,1,-1
8740,chr5,142360779,142361128,141883265,141883566,EH38E3666745,EH38E3666418,142361000,142362000,141883000,141884000,1,-1
8741,chr5,140174554,140174773,141923650,141923943,EH38E2414069,EH38E3666438,140174000,140175000,141923000,141924000,1,-1
8742,chr5,140557131,140557288,141923650,141923943,EH38E3665585,EH38E3666438,140557000,140558000,141923000,141924000,2,-1
8743,chr5,140557295,140557636,141923650,141923943,EH38E3665586,EH38E3666438,140557000,140558000,141923000,141924000,2,-1
8744,chr5,140557649,140557851,141923650,141923943,EH38E3665587,EH38E3666438,140557000,140558000,141923000,141924000,2,-1
8745,chr5,141320184,141320532,141923650,141923943,EH38E3665923,EH38E3666438,141320000,141321000,141923000,141924000,1,-1
8746,chr5,141557709,141558056,141923650,141923943,EH38E3666097,EH38E3666438,141558000,141559000,141923000,141924000,1,-1
8747,chr5,141560773,141561107,141923650,141923943,EH38E2414813,EH38E3666438,141561000,141562000,141923000,141924000,1,-1
8748,chr5,141680849,141681199,141923650,141923943,EH38E2414910,EH38E3666438,141680000,141681000,141923000,141924000,5,-1
8749,chr5,141681740,141682084,141923650,141923943,EH38E3666188,EH38E3666438,141681000,141682000,141923000,141924000,4,-1
8750,chr5,141816311,141816489,141923650,141923943,EH38E3666305,EH38E3666438,141816000,141817000,141923000,141924000,6,-1
8751,chr5,141816658,141816996,141923650,141923943,EH38E2415059,EH38E3666438,141816000,141817000,141923000,141924000,6,-1
8752,chr5,141821495,141821845,141923650,141923943,EH38E3666311,EH38E3666438,141821000,141822000,141923000,141924000,3,-1
8753,chr5,141838392,141838730,141923650,141923943,EH38E2415084,EH38E3666438,141838000,141839000,141923000,141924000,10,-1
8754,chr5,141839000,141839345,141923650,141923943,EH38E2415085,EH38E3666438,141839000,141840000,141923000,141924000,10,-1
8755,chr5,141839350,141839520,141923650,141923943,EH38E3666328,EH38E3666438,141839000,141840000,141923000,141924000,2,-1
8756,chr5,141843192,141843533,141923650,141923943,EH38E3666335,EH38E3666438,141843000,141844000,141923000,141924000,4,-1
8757,chr5,141845616,141845768,141923650,141923943,EH38E2415097,EH38E3666438,141845000,141846000,141923000,141924000,4,-1
8758,chr5,141849015,141849305,141923650,141923943,EH38E3666347,EH38E3666438,141849000,141850000,141923000,141924000,7,-1
8759,chr5,141849357,141849546,141923650,141923943,EH38E2415104,EH38E3666438,141849000,141850000,141923000,141924000,7,-1
8760,chr5,141849598,141849945,141923650,141923943,EH38E3666348,EH38E3666438,141849000,141850000,141923000,141924000,7,-1
8761,chr5,141850033,141850251,141923650,141923943,EH38E3666349,EH38E3666438,141850000,141851000,141923000,141924000,8,-1
8762,chr5,141850776,141851102,141923650,141923943,EH38E3666351,EH38E3666438,141850000,141851000,141923000,141924000,8,-1
8763,chr5,141851169,141851373,141923650,141923943,EH38E3666352,EH38E3666438,141851000,141852000,141923000,141924000,6,-1
8764,chr5,141858097,141858382,141923650,141923943,EH38E3666370,EH38E3666438,141858000,141859000,141923000,141924000,3,-1
8765,chr5,141872906,141873253,141923650,141923943,EH38E3666394,EH38E3666438,141872000,141873000,141923000,141924000,5,-1
8766,chr5,141875394,141875629,141923650,141923943,EH38E3666399,EH38E3666438,141875000,141876000,141923000,141924000,11,-1
8767,chr5,141875692,141875844,141923650,141923943,EH38E3666400,EH38E3666438,141875000,141876000,141923000,141924000,11,-1
8768,chr5,141875922,141876260,141923650,141923943,EH38E3666401,EH38E3666438,141875000,141876000,141923000,141924000,11,-1
8769,chr5,141876297,141876499,141923650,141923943,EH38E3666402,EH38E3666438,141876000,141877000,141923000,141924000,8,-1
8770,chr5,141876644,141876823,141923650,141923943,EH38E3666403,EH38E3666438,141876000,141877000,141923000,141924000,8,-1
8771,chr5,141876834,141877123,141923650,141923943,EH38E3666404,EH38E3666438,141876000,141877000,141923000,141924000,8,-1
8772,chr5,141877835,141878036,141923650,141923943,EH38E3666407,EH38E3666438,141877000,141878000,141923000,141924000,10,-1
8773,chr5,141878733,141878891,141923650,141923943,EH38E3666409,EH38E3666438,141878000,141879000,141923000,141924000,8,-1
8774,chr5,141878910,141879122,141923650,141923943,EH38E3666410,EH38E3666438,141878000,141879000,141923000,141924000,8,-1
8775,chr5,141879149,141879494,141923650,141923943,EH38E3666411,EH38E3666438,141879000,141880000,141923000,141924000,20,-1
8776,chr5,141923267,141923528,141923650,141923943,EH38E3666437,EH38E3666438,141923000,141924000,141923000,141924000,555,-1
8777,chr5,141923945,141924219,141923650,141923943,EH38E3666439,EH38E3666438,141923000,141924000,141923000,141924000,555,-1
8778,chr5,141969327,141969549,141923650,141923943,EH38E3666477,EH38E3666438,141969000,141970000,141923000,141924000,9,-1
8779,chr5,142012413,142012723,141923650,141923943,EH38E3666504,EH38E3666438,142012000,142013000,141923000,141924000,5,-1
8780,chr5,142108926,142109085,141923650,141923943,EH38E3666564,EH38E3666438,142108000,142109000,141923000,141924000,2,-1
8781,chr5,142235071,142235255,141923650,141923943,EH38E3666640,EH38E3666438,142235000,142236000,141923000,141924000,1,-1
8782,chr5,142235329,142235490,141923650,141923943,EH38E3666641,EH38E3666438,142235000,142236000,141923000,141924000,1,-1
8783,chr5,142235531,142235870,141923650,141923943,EH38E3666642,EH38E3666438,142235000,142236000,141923000,141924000,1,-1
8784,chr5,142235945,142236216,141923650,141923943,EH38E3666643,EH38E3666438,142235000,142236000,141923000,141924000,1,-1
8785,chr5,142269041,142269356,141923650,141923943,EH38E3666663,EH38E3666438,142269000,142270000,141923000,141924000,1,-1
8786,chr5,142325588,142325935,141923650,141923943,EH38E2415550,EH38E3666438,142325000,142326000,141923000,141924000,1,-1
8787,chr5,142325996,142326344,141923650,141923943,EH38E3666721,EH38E3666438,142325000,142326000,141923000,141924000,1,-1
8788,chr5,142327198,142327499,141923650,141923943,EH38E3666724,EH38E3666438,142327000,142328000,141923000,141924000,1,-1
8789,chr5,142327598,142327921,141923650,141923943,EH38E3666725,EH38E3666438,142327000,142328000,141923000,141924000,1,-1
8790,chr5,142327971,142328149,141923650,141923943,EH38E3666726,EH38E3666438,142327000,142328000,141923000,141924000,1,-1
8791,chr5,142356357,142356706,141923650,141923943,EH38E2415571,EH38E3666438,142356000,142357000,141923000,141924000,1,-1
8792,chr5,142356711,142356891,141923650,141923943,EH38E2415572,EH38E3666438,142356000,142357000,141923000,141924000,1,-1
8793,chr5,142356955,142357304,141923650,141923943,EH38E3666738,EH38E3666438,142356000,142357000,141923000,141924000,1,-1
8794,chr5,142357318,142357497,141923650,141923943,EH38E3666739,EH38E3666438,142357000,142358000,141923000,141924000,1,-1
8795,chr5,142360779,142361128,141923650,141923943,EH38E3666745,EH38E3666438,142360000,142361000,141923000,141924000,1,-1
8796,chr5,139649054,139649235,141968746,141968907,EH38E3664882,EH38E3666475,139649000,139650000,141968000,141969000,1,-1
8797,chr5,141680849,141681199,141968746,141968907,EH38E2414910,EH38E3666475,141680000,141681000,141968000,141969000,4,-1
8798,chr5,141681740,141682084,141968746,141968907,EH38E3666188,EH38E3666475,141681000,141682000,141968000,141969000,5,-1
8799,chr5,141838392,141838730,141968746,141968907,EH38E2415084,EH38E3666475,141838000,141839000,141968000,141969000,4,-1
8800,chr5,141839000,141839345,141968746,141968907,EH38E2415085,EH38E3666475,141839000,141840000,141968000,141969000,4,-1
8801,chr5,141839350,141839520,141968746,141968907,EH38E3666328,EH38E3666475,141839000,141840000,141968000,141969000,1,-1
8802,chr5,141843192,141843533,141968746,141968907,EH38E3666335,EH38E3666475,141843000,141844000,141968000,141969000,4,-1
8803,chr5,141845616,141845768,141968746,141968907,EH38E2415097,EH38E3666475,141845000,141846000,141968000,141969000,1,-1
8804,chr5,141849015,141849305,141968746,141968907,EH38E3666347,EH38E3666475,141849000,141850000,141968000,141969000,3,-1
8805,chr5,141849357,141849546,141968746,141968907,EH38E2415104,EH38E3666475,141849000,141850000,141968000,141969000,3,-1
8806,chr5,141849598,141849945,141968746,141968907,EH38E3666348,EH38E3666475,141849000,141850000,141968000,141969000,3,-1
8807,chr5,141850033,141850251,141968746,141968907,EH38E3666349,EH38E3666475,141850000,141851000,141968000,141969000,1,-1
8808,chr5,141850776,141851102,141968746,141968907,EH38E3666351,EH38E3666475,141850000,141851000,141968000,141969000,1,-1
8809,chr5,141858097,141858382,141968746,141968907,EH38E3666370,EH38E3666475,141858000,141859000,141968000,141969000,1,-1
8810,chr5,141872906,141873253,141968746,141968907,EH38E3666394,EH38E3666475,141872000,141873000,141968000,141969000,3,-1
8811,chr5,141875394,141875629,141968746,141968907,EH38E3666399,EH38E3666475,141875000,141876000,141968000,141969000,2,-1
8812,chr5,141875692,141875844,141968746,141968907,EH38E3666400,EH38E3666475,141875000,141876000,141968000,141969000,2,-1
8813,chr5,141875922,141876260,141968746,141968907,EH38E3666401,EH38E3666475,141875000,141876000,141968000,141969000,2,-1
8814,chr5,141876297,141876499,141968746,141968907,EH38E3666402,EH38E3666475,141876000,141877000,141968000,141969000,1,-1
8815,chr5,141876644,141876823,141968746,141968907,EH38E3666403,EH38E3666475,141876000,141877000,141968000,141969000,1,-1
8816,chr5,141876834,141877123,141968746,141968907,EH38E3666404,EH38E3666475,141876000,141877000,141968000,141969000,1,-1
8817,chr5,141877835,141878036,141968746,141968907,EH38E3666407,EH38E3666475,141877000,141878000,141968000,141969000,4,-1
8818,chr5,141878733,141878891,141968746,141968907,EH38E3666409,EH38E3666475,141878000,141879000,141968000,141969000,2,-1
8819,chr5,141878910,141879122,141968746,141968907,EH38E3666410,EH38E3666475,141878000,141879000,141968000,141969000,2,-1
8820,chr5,141879149,141879494,141968746,141968907,EH38E3666411,EH38E3666475,141879000,141880000,141968000,141969000,4,-1
8821,chr5,141923267,141923528,141968746,141968907,EH38E3666437,EH38E3666475,141923000,141924000,141968000,141969000,3,-1
8822,chr5,141923945,141924219,141968746,141968907,EH38E3666439,EH38E3666475,141923000,141924000,141968000,141969000,3,-1
8823,chr5,141969327,141969549,141968746,141968907,EH38E3666477,EH38E3666475,141969000,141970000,141968000,141969000,63,-1
8824,chr5,142012413,142012723,141968746,141968907,EH38E3666504,EH38E3666475,142012000,142013000,141968000,141969000,7,-1
8825,chr5,142108926,142109085,141968746,141968907,EH38E3666564,EH38E3666475,142109000,142110000,141968000,141969000,3,-1
8826,chr5,142157161,142157510,141968746,141968907,EH38E2415374,EH38E3666475,142157000,142158000,141968000,141969000,1,-1
8827,chr5,142235945,142236216,141968746,141968907,EH38E3666643,EH38E3666475,142236000,142237000,141968000,141969000,2,-1
8828,chr5,142325996,142326344,141968746,141968907,EH38E3666721,EH38E3666475,142326000,142327000,141968000,141969000,1,-1
8829,chr5,142326360,142326563,141968746,141968907,EH38E3666722,EH38E3666475,142326000,142327000,141968000,141969000,1,-1
8830,chr5,142326584,142326860,141968746,141968907,EH38E3666723,EH38E3666475,142326000,142327000,141968000,141969000,1,-1
8831,chr5,142684640,142684990,141968746,141968907,EH38E3666926,EH38E3666475,142684000,142685000,141968000,141969000,1,-1
8832,chr5,139649054,139649235,141968924,141969274,EH38E3664882,EH38E3666476,139649000,139650000,141968000,141969000,1,-1
8833,chr5,141681740,141682084,141968924,141969274,EH38E3666188,EH38E3666476,141681000,141682000,141968000,141969000,5,-1
8834,chr5,141838392,141838730,141968924,141969274,EH38E2415084,EH38E3666476,141838000,141839000,141968000,141969000,4,-1
8835,chr5,141839000,141839345,141968924,141969274,EH38E2415085,EH38E3666476,141838000,141839000,141968000,141969000,4,-1
8836,chr5,141839350,141839520,141968924,141969274,EH38E3666328,EH38E3666476,141839000,141840000,141968000,141969000,1,-1
8837,chr5,141843192,141843533,141968924,141969274,EH38E3666335,EH38E3666476,141843000,141844000,141968000,141969000,4,-1
8838,chr5,141849015,141849305,141968924,141969274,EH38E3666347,EH38E3666476,141849000,141850000,141968000,141969000,3,-1
8839,chr5,141849357,141849546,141968924,141969274,EH38E2415104,EH38E3666476,141849000,141850000,141968000,141969000,3,-1
8840,chr5,141849598,141849945,141968924,141969274,EH38E3666348,EH38E3666476,141849000,141850000,141968000,141969000,3,-1
8841,chr5,141872906,141873253,141968924,141969274,EH38E3666394,EH38E3666476,141872000,141873000,141968000,141969000,3,-1
8842,chr5,141875394,141875629,141968924,141969274,EH38E3666399,EH38E3666476,141875000,141876000,141968000,141969000,2,-1
8843,chr5,141875692,141875844,141968924,141969274,EH38E3666400,EH38E3666476,141875000,141876000,141968000,141969000,2,-1
8844,chr5,141875922,141876260,141968924,141969274,EH38E3666401,EH38E3666476,141875000,141876000,141968000,141969000,2,-1
8845,chr5,141877835,141878036,141968924,141969274,EH38E3666407,EH38E3666476,141877000,141878000,141968000,141969000,4,-1
8846,chr5,142157161,142157510,141968924,141969274,EH38E2415374,EH38E3666476,142157000,142158000,141968000,141969000,1,-1
8847,chr5,142235945,142236216,141968924,141969274,EH38E3666643,EH38E3666476,142236000,142237000,141968000,141969000,2,-1
8848,chr5,142325996,142326344,141968924,141969274,EH38E3666721,EH38E3666476,142326000,142327000,141968000,141969000,1,-1
8849,chr5,142326360,142326563,141968924,141969274,EH38E3666722,EH38E3666476,142326000,142327000,141968000,141969000,1,-1
8850,chr5,142326584,142326860,141968924,141969274,EH38E3666723,EH38E3666476,142326000,142327000,141968000,141969000,1,-1
8851,chr5,142684640,142684990,141968924,141969274,EH38E3666926,EH38E3666476,142684000,142685000,141968000,141969000,1,-1
8852,chr5,141513737,141514083,141968924,141969274,EH38E3666073,EH38E3666476,141513000,141514000,141969000,141970000,1,-1
8853,chr5,141560773,141561107,141968924,141969274,EH38E2414813,EH38E3666476,141561000,141562000,141969000,141970000,1,-1
8854,chr5,141636472,141636648,141968924,141969274,EH38E2414875,EH38E3666476,141636000,141637000,141969000,141970000,2,-1
8855,chr5,141680849,141681199,141968924,141969274,EH38E2414910,EH38E3666476,141680000,141681000,141969000,141970000,7,-1
8856,chr5,141816311,141816489,141968924,141969274,EH38E3666305,EH38E3666476,141816000,141817000,141969000,141970000,4,-1
8857,chr5,141816658,141816996,141968924,141969274,EH38E2415059,EH38E3666476,141816000,141817000,141969000,141970000,4,-1
8858,chr5,141845616,141845768,141968924,141969274,EH38E2415097,EH38E3666476,141845000,141846000,141969000,141970000,2,-1
8859,chr5,141850033,141850251,141968924,141969274,EH38E3666349,EH38E3666476,141850000,141851000,141969000,141970000,2,-1
8860,chr5,141850776,141851102,141968924,141969274,EH38E3666351,EH38E3666476,141850000,141851000,141969000,141970000,2,-1
8861,chr5,141851169,141851373,141968924,141969274,EH38E3666352,EH38E3666476,141851000,141852000,141969000,141970000,2,-1
8862,chr5,141858097,141858382,141968924,141969274,EH38E3666370,EH38E3666476,141858000,141859000,141969000,141970000,2,-1
8863,chr5,141876297,141876499,141968924,141969274,EH38E3666402,EH38E3666476,141876000,141877000,141969000,141970000,2,-1
8864,chr5,141876644,141876823,141968924,141969274,EH38E3666403,EH38E3666476,141876000,141877000,141969000,141970000,2,-1
8865,chr5,141876834,141877123,141968924,141969274,EH38E3666404,EH38E3666476,141876000,141877000,141969000,141970000,2,-1
8866,chr5,141878733,141878891,141968924,141969274,EH38E3666409,EH38E3666476,141878000,141879000,141969000,141970000,5,-1
8867,chr5,141878910,141879122,141968924,141969274,EH38E3666410,EH38E3666476,141878000,141879000,141969000,141970000,5,-1
8868,chr5,141879149,141879494,141968924,141969274,EH38E3666411,EH38E3666476,141879000,141880000,141969000,141970000,8,-1
8869,chr5,141923267,141923528,141968924,141969274,EH38E3666437,EH38E3666476,141923000,141924000,141969000,141970000,9,-1
8870,chr5,141923945,141924219,141968924,141969274,EH38E3666439,EH38E3666476,141923000,141924000,141969000,141970000,9,-1
8871,chr5,141969327,141969549,141968924,141969274,EH38E3666477,EH38E3666476,141969000,141970000,141969000,141970000,437,-1
8872,chr5,142012413,142012723,141968924,141969274,EH38E3666504,EH38E3666476,142012000,142013000,141969000,141970000,10,-1
8873,chr5,142108926,142109085,141968924,141969274,EH38E3666564,EH38E3666476,142109000,142110000,141969000,141970000,5,-1
8874,chr5,142295350,142295699,141968924,141969274,EH38E2415495,EH38E3666476,142295000,142296000,141969000,141970000,1,-1
8875,chr5,142325588,142325935,141968924,141969274,EH38E2415550,EH38E3666476,142325000,142326000,141969000,141970000,2,-1
8876,chr5,142327971,142328149,141968924,141969274,EH38E3666726,EH38E3666476,142328000,142329000,141969000,141970000,2,-1
8877,chr5,142362723,142363073,141968924,141969274,EH38E3666747,EH38E3666476,142363000,142364000,141969000,141970000,2,-1
8878,chr5,142701958,142702255,141968924,141969274,EH38E2415889,EH38E3666476,142701000,142702000,141969000,141970000,1,-1
8879,chr5,142863888,142864196,141968924,141969274,EH38E3667070,EH38E3666476,142864000,142865000,141969000,141970000,1,-1
8880,chr5,142864459,142864754,141968924,141969274,EH38E2416082,EH38E3666476,142864000,142865000,141969000,141970000,1,-1
8881,chr5,142896358,142896691,141968924,141969274,EH38E2416113,EH38E3666476,142896000,142897000,141969000,141970000,1,-1
8882,chr5,139518277,139518522,142012883,142013225,EH38E2413503,EH38E3666505,139518000,139519000,142012000,142013000,1,-1
8883,chr5,141514123,141514456,142012883,142013225,EH38E3666074,EH38E3666505,141514000,141515000,142012000,142013000,2,-1
8884,chr5,141514468,141514625,142012883,142013225,EH38E3666075,EH38E3666505,141514000,141515000,142012000,142013000,2,-1
8885,chr5,141514639,141514872,142012883,142013225,EH38E3666076,EH38E3666505,141514000,141515000,142012000,142013000,2,-1
8886,chr5,141636472,141636648,142012883,142013225,EH38E2414875,EH38E3666505,141636000,141637000,142012000,142013000,1,-1
8887,chr5,141680849,141681199,142012883,142013225,EH38E2414910,EH38E3666505,141680000,141681000,142012000,142013000,5,-1
8888,chr5,141681740,141682084,142012883,142013225,EH38E3666188,EH38E3666505,141681000,141682000,142012000,142013000,4,-1
8889,chr5,141816311,141816489,142012883,142013225,EH38E3666305,EH38E3666505,141816000,141817000,142012000,142013000,2,-1
8890,chr5,141816658,141816996,142012883,142013225,EH38E2415059,EH38E3666505,141816000,141817000,142012000,142013000,2,-1
8891,chr5,141821495,141821845,142012883,142013225,EH38E3666311,EH38E3666505,141821000,141822000,142012000,142013000,1,-1
8892,chr5,141838392,141838730,142012883,142013225,EH38E2415084,EH38E3666505,141838000,141839000,142012000,142013000,3,-1
8893,chr5,141839000,141839345,142012883,142013225,EH38E2415085,EH38E3666505,141838000,141839000,142012000,142013000,3,-1
8894,chr5,141839350,141839520,142012883,142013225,EH38E3666328,EH38E3666505,141839000,141840000,142012000,142013000,1,-1
8895,chr5,141875394,141875629,142012883,142013225,EH38E3666399,EH38E3666505,141875000,141876000,142012000,142013000,2,-1
8896,chr5,141875692,141875844,142012883,142013225,EH38E3666400,EH38E3666505,141875000,141876000,142012000,142013000,2,-1
8897,chr5,141875922,141876260,142012883,142013225,EH38E3666401,EH38E3666505,141875000,141876000,142012000,142013000,2,-1
8898,chr5,141877835,141878036,142012883,142013225,EH38E3666407,EH38E3666505,141877000,141878000,142012000,142013000,3,-1
8899,chr5,141878733,141878891,142012883,142013225,EH38E3666409,EH38E3666505,141878000,141879000,142012000,142013000,2,-1
8900,chr5,141878910,141879122,142012883,142013225,EH38E3666410,EH38E3666505,141878000,141879000,142012000,142013000,2,-1
8901,chr5,141923267,141923528,142012883,142013225,EH38E3666437,EH38E3666505,141923000,141924000,142012000,142013000,5,-1
8902,chr5,141923945,141924219,142012883,142013225,EH38E3666439,EH38E3666505,141923000,141924000,142012000,142013000,5,-1
8903,chr5,141969327,141969549,142012883,142013225,EH38E3666477,EH38E3666505,141969000,141970000,142012000,142013000,10,-1
8904,chr5,142012413,142012723,142012883,142013225,EH38E3666504,EH38E3666505,142012000,142013000,142012000,142013000,561,-1
8905,chr5,142108926,142109085,142012883,142013225,EH38E3666564,EH38E3666505,142108000,142109000,142012000,142013000,7,-1
8906,chr5,142157161,142157510,142012883,142013225,EH38E2415374,EH38E3666505,142157000,142158000,142012000,142013000,3,-1
8907,chr5,142174983,142175331,142012883,142013225,EH38E3666607,EH38E3666505,142174000,142175000,142012000,142013000,1,-1
8908,chr5,142235071,142235255,142012883,142013225,EH38E3666640,EH38E3666505,142235000,142236000,142012000,142013000,1,-1
8909,chr5,142235329,142235490,142012883,142013225,EH38E3666641,EH38E3666505,142235000,142236000,142012000,142013000,1,-1
8910,chr5,142235531,142235870,142012883,142013225,EH38E3666642,EH38E3666505,142235000,142236000,142012000,142013000,1,-1
8911,chr5,142235945,142236216,142012883,142013225,EH38E3666643,EH38E3666505,142235000,142236000,142012000,142013000,1,-1
8912,chr5,142295350,142295699,142012883,142013225,EH38E2415495,EH38E3666505,142295000,142296000,142012000,142013000,2,-1
8913,chr5,142325588,142325935,142012883,142013225,EH38E2415550,EH38E3666505,142325000,142326000,142012000,142013000,3,-1
8914,chr5,142325996,142326344,142012883,142013225,EH38E3666721,EH38E3666505,142325000,142326000,142012000,142013000,3,-1
8915,chr5,142326360,142326563,142012883,142013225,EH38E3666722,EH38E3666505,142326000,142327000,142012000,142013000,3,-1
8916,chr5,142326584,142326860,142012883,142013225,EH38E3666723,EH38E3666505,142326000,142327000,142012000,142013000,3,-1
8917,chr5,142327198,142327499,142012883,142013225,EH38E3666724,EH38E3666505,142327000,142328000,142012000,142013000,1,-1
8918,chr5,142327598,142327921,142012883,142013225,EH38E3666725,EH38E3666505,142327000,142328000,142012000,142013000,1,-1
8919,chr5,142327971,142328149,142012883,142013225,EH38E3666726,EH38E3666505,142327000,142328000,142012000,142013000,1,-1
8920,chr5,142356955,142357304,142012883,142013225,EH38E3666738,EH38E3666505,142357000,142358000,142012000,142013000,1,-1
8921,chr5,142357318,142357497,142012883,142013225,EH38E3666739,EH38E3666505,142357000,142358000,142012000,142013000,1,-1
8922,chr5,142360779,142361128,142012883,142013225,EH38E3666745,EH38E3666505,142361000,142362000,142012000,142013000,1,-1
8923,chr5,142701958,142702255,142012883,142013225,EH38E2415889,EH38E3666505,142701000,142702000,142012000,142013000,3,-1
8924,chr5,142863888,142864196,142012883,142013225,EH38E3667070,EH38E3666505,142863000,142864000,142012000,142013000,1,-1
8925,chr5,143405220,143405568,142012883,142013225,EH38E3667457,EH38E3666505,143405000,143406000,142012000,142013000,1,-1
8926,chr5,143405579,143405756,142012883,142013225,EH38E2416694,EH38E3666505,143405000,143406000,142012000,142013000,1,-1
8927,chr5,141513737,141514083,142012883,142013225,EH38E3666073,EH38E3666505,141513000,141514000,142013000,142014000,1,-1
8928,chr5,141843192,141843533,142012883,142013225,EH38E3666335,EH38E3666505,141843000,141844000,142013000,142014000,1,-1
8929,chr5,141845616,141845768,142012883,142013225,EH38E2415097,EH38E3666505,141845000,141846000,142013000,142014000,2,-1
8930,chr5,141850776,141851102,142012883,142013225,EH38E3666351,EH38E3666505,141851000,141852000,142013000,142014000,2,-1
8931,chr5,141851169,141851373,142012883,142013225,EH38E3666352,EH38E3666505,141851000,141852000,142013000,142014000,2,-1
8932,chr5,141858097,141858382,142012883,142013225,EH38E3666370,EH38E3666505,141858000,141859000,142013000,142014000,1,-1
8933,chr5,141872906,141873253,142012883,142013225,EH38E3666394,EH38E3666505,141872000,141873000,142013000,142014000,1,-1
8934,chr5,141876297,141876499,142012883,142013225,EH38E3666402,EH38E3666505,141876000,141877000,142013000,142014000,3,-1
8935,chr5,141876644,141876823,142012883,142013225,EH38E3666403,EH38E3666505,141876000,141877000,142013000,142014000,3,-1
8936,chr5,141876834,141877123,142012883,142013225,EH38E3666404,EH38E3666505,141876000,141877000,142013000,142014000,3,-1
8937,chr5,141879149,141879494,142012883,142013225,EH38E3666411,EH38E3666505,141879000,141880000,142013000,142014000,6,-1
8938,chr5,139649054,139649235,142108574,142108917,EH38E3664882,EH38E3666563,139649000,139650000,142108000,142109000,1,-1
8939,chr5,140557131,140557288,142108574,142108917,EH38E3665585,EH38E3666563,140557000,140558000,142108000,142109000,1,-1
8940,chr5,140557295,140557636,142108574,142108917,EH38E3665586,EH38E3666563,140557000,140558000,142108000,142109000,1,-1
8941,chr5,140557649,140557851,142108574,142108917,EH38E3665587,EH38E3666563,140557000,140558000,142108000,142109000,1,-1
8942,chr5,141002021,141002369,142108574,142108917,EH38E3665815,EH38E3666563,141002000,141003000,142108000,142109000,1,-1
8943,chr5,141002397,141002547,142108574,142108917,EH38E3665816,EH38E3666563,141002000,141003000,142108000,142109000,1,-1
8944,chr5,141564142,141564488,142108574,142108917,EH38E3666100,EH38E3666563,141564000,141565000,142108000,142109000,1,-1
8945,chr5,141636472,141636648,142108574,142108917,EH38E2414875,EH38E3666563,141636000,141637000,142108000,142109000,1,-1
8946,chr5,141680849,141681199,142108574,142108917,EH38E2414910,EH38E3666563,141680000,141681000,142108000,142109000,2,-1
8947,chr5,141681740,141682084,142108574,142108917,EH38E3666188,EH38E3666563,141682000,141683000,142108000,142109000,2,-1
8948,chr5,141839000,141839345,142108574,142108917,EH38E2415085,EH38E3666563,141839000,141840000,142108000,142109000,1,-1
8949,chr5,141839350,141839520,142108574,142108917,EH38E3666328,EH38E3666563,141839000,141840000,142108000,142109000,1,-1
8950,chr5,141850033,141850251,142108574,142108917,EH38E3666349,EH38E3666563,141850000,141851000,142108000,142109000,1,-1
8951,chr5,141850776,141851102,142108574,142108917,EH38E3666351,EH38E3666563,141850000,141851000,142108000,142109000,1,-1
8952,chr5,141858097,141858382,142108574,142108917,EH38E3666370,EH38E3666563,141858000,141859000,142108000,142109000,1,-1
8953,chr5,141875394,141875629,142108574,142108917,EH38E3666399,EH38E3666563,141875000,141876000,142108000,142109000,2,-1
8954,chr5,141875692,141875844,142108574,142108917,EH38E3666400,EH38E3666563,141875000,141876000,142108000,142109000,2,-1
8955,chr5,141875922,141876260,142108574,142108917,EH38E3666401,EH38E3666563,141875000,141876000,142108000,142109000,2,-1
8956,chr5,141876834,141877123,142108574,142108917,EH38E3666404,EH38E3666563,141877000,141878000,142108000,142109000,1,-1
8957,chr5,141877835,141878036,142108574,142108917,EH38E3666407,EH38E3666563,141877000,141878000,142108000,142109000,1,-1
8958,chr5,141878910,141879122,142108574,142108917,EH38E3666410,EH38E3666563,141879000,141880000,142108000,142109000,1,-1
8959,chr5,141879149,141879494,142108574,142108917,EH38E3666411,EH38E3666563,141879000,141880000,142108000,142109000,1,-1
8960,chr5,141923267,141923528,142108574,142108917,EH38E3666437,EH38E3666563,141923000,141924000,142108000,142109000,2,-1
8961,chr5,141923945,141924219,142108574,142108917,EH38E3666439,EH38E3666563,141923000,141924000,142108000,142109000,2,-1
8962,chr5,141969327,141969549,142108574,142108917,EH38E3666477,EH38E3666563,141969000,141970000,142108000,142109000,3,-1
8963,chr5,142012413,142012723,142108574,142108917,EH38E3666504,EH38E3666563,142012000,142013000,142108000,142109000,7,-1
8964,chr5,142108926,142109085,142108574,142108917,EH38E3666564,EH38E3666563,142108000,142109000,142108000,142109000,288,-1
8965,chr5,142174983,142175331,142108574,142108917,EH38E3666607,EH38E3666563,142175000,142176000,142108000,142109000,2,-1
8966,chr5,142235071,142235255,142108574,142108917,EH38E3666640,EH38E3666563,142235000,142236000,142108000,142109000,1,-1
8967,chr5,142235329,142235490,142108574,142108917,EH38E3666641,EH38E3666563,142235000,142236000,142108000,142109000,1,-1
8968,chr5,142235531,142235870,142108574,142108917,EH38E3666642,EH38E3666563,142235000,142236000,142108000,142109000,1,-1
8969,chr5,142235945,142236216,142108574,142108917,EH38E3666643,EH38E3666563,142235000,142236000,142108000,142109000,1,-1
8970,chr5,142269041,142269356,142108574,142108917,EH38E3666663,EH38E3666563,142269000,142270000,142108000,142109000,1,-1
8971,chr5,142325588,142325935,142108574,142108917,EH38E2415550,EH38E3666563,142325000,142326000,142108000,142109000,1,-1
8972,chr5,142325996,142326344,142108574,142108917,EH38E3666721,EH38E3666563,142325000,142326000,142108000,142109000,1,-1
8973,chr5,142326360,142326563,142108574,142108917,EH38E3666722,EH38E3666563,142326000,142327000,142108000,142109000,2,-1
8974,chr5,142326584,142326860,142108574,142108917,EH38E3666723,EH38E3666563,142326000,142327000,142108000,142109000,2,-1
8975,chr5,142356357,142356706,142108574,142108917,EH38E2415571,EH38E3666563,142356000,142357000,142108000,142109000,2,-1
8976,chr5,142356711,142356891,142108574,142108917,EH38E2415572,EH38E3666563,142356000,142357000,142108000,142109000,2,-1
8977,chr5,142356955,142357304,142108574,142108917,EH38E3666738,EH38E3666563,142356000,142357000,142108000,142109000,2,-1
8978,chr5,142357318,142357497,142108574,142108917,EH38E3666739,EH38E3666563,142357000,142358000,142108000,142109000,1,-1
8979,chr5,142360779,142361128,142108574,142108917,EH38E3666745,EH38E3666563,142360000,142361000,142108000,142109000,1,-1
8980,chr5,142362723,142363073,142108574,142108917,EH38E3666747,EH38E3666563,142362000,142363000,142108000,142109000,1,-1
8981,chr5,142684640,142684990,142108574,142108917,EH38E3666926,EH38E3666563,142684000,142685000,142108000,142109000,1,-1
8982,chr5,142701958,142702255,142108574,142108917,EH38E2415889,EH38E3666563,142701000,142702000,142108000,142109000,1,-1
8983,chr5,142863888,142864196,142108574,142108917,EH38E3667070,EH38E3666563,142863000,142864000,142108000,142109000,1,-1
8984,chr5,141636472,141636648,142324931,142325281,EH38E2414875,EH38E2415548,141636000,141637000,142324000,142325000,1,-1
8985,chr5,141681740,141682084,142324931,142325281,EH38E3666188,EH38E2415548,141681000,141682000,142324000,142325000,1,-1
8986,chr5,141816311,141816489,142324931,142325281,EH38E3666305,EH38E2415548,141816000,141817000,142324000,142325000,2,-1
8987,chr5,141816658,141816996,142324931,142325281,EH38E2415059,EH38E2415548,141816000,141817000,142324000,142325000,2,-1
8988,chr5,141839000,141839345,142324931,142325281,EH38E2415085,EH38E2415548,141839000,141840000,142324000,142325000,2,-1
8989,chr5,141839350,141839520,142324931,142325281,EH38E3666328,EH38E2415548,141839000,141840000,142324000,142325000,2,-1
8990,chr5,141843192,141843533,142324931,142325281,EH38E3666335,EH38E2415548,141843000,141844000,142324000,142325000,1,-1
8991,chr5,141875922,141876260,142324931,142325281,EH38E3666401,EH38E2415548,141876000,141877000,142324000,142325000,2,-1
8992,chr5,141876297,141876499,142324931,142325281,EH38E3666402,EH38E2415548,141876000,141877000,142324000,142325000,2,-1
8993,chr5,141876644,141876823,142324931,142325281,EH38E3666403,EH38E2415548,141876000,141877000,142324000,142325000,2,-1
8994,chr5,141876834,141877123,142324931,142325281,EH38E3666404,EH38E2415548,141876000,141877000,142324000,142325000,2,-1
8995,chr5,141877835,141878036,142324931,142325281,EH38E3666407,EH38E2415548,141877000,141878000,142324000,142325000,1,-1
8996,chr5,141878733,141878891,142324931,142325281,EH38E3666409,EH38E2415548,141878000,141879000,142324000,142325000,2,-1
8997,chr5,141878910,141879122,142324931,142325281,EH38E3666410,EH38E2415548,141878000,141879000,142324000,142325000,2,-1
8998,chr5,141879149,141879494,142324931,142325281,EH38E3666411,EH38E2415548,141879000,141880000,142324000,142325000,1,-1
8999,chr5,141923267,141923528,142324931,142325281,EH38E3666437,EH38E2415548,141923000,141924000,142324000,142325000,1,-1
9000,chr5,141923945,141924219,142324931,142325281,EH38E3666439,EH38E2415548,141923000,141924000,142324000,142325000,1,-1
9001,chr5,141969327,141969549,142324931,142325281,EH38E3666477,EH38E2415548,141969000,141970000,142324000,142325000,2,-1
9002,chr5,142108926,142109085,142324931,142325281,EH38E3666564,EH38E2415548,142108000,142109000,142324000,142325000,2,-1
9003,chr5,142157161,142157510,142324931,142325281,EH38E2415374,EH38E2415548,142157000,142158000,142324000,142325000,6,-1
9004,chr5,142174983,142175331,142324931,142325281,EH38E3666607,EH38E2415548,142174000,142175000,142324000,142325000,9,-1
9005,chr5,142235071,142235255,142324931,142325281,EH38E3666640,EH38E2415548,142235000,142236000,142324000,142325000,9,-1
9006,chr5,142235329,142235490,142324931,142325281,EH38E3666641,EH38E2415548,142235000,142236000,142324000,142325000,9,-1
9007,chr5,142235531,142235870,142324931,142325281,EH38E3666642,EH38E2415548,142235000,142236000,142324000,142325000,9,-1
9008,chr5,142235945,142236216,142324931,142325281,EH38E3666643,EH38E2415548,142235000,142236000,142324000,142325000,9,-1
9009,chr5,142269041,142269356,142324931,142325281,EH38E3666663,EH38E2415548,142269000,142270000,142324000,142325000,3,-1
9010,chr5,142701958,142702255,142324931,142325281,EH38E2415889,EH38E2415548,142701000,142702000,142324000,142325000,2,-1
9011,chr5,142863888,142864196,142324931,142325281,EH38E3667070,EH38E2415548,142863000,142864000,142324000,142325000,1,-1
9012,chr5,142864459,142864754,142324931,142325281,EH38E2416082,EH38E2415548,142864000,142865000,142324000,142325000,1,-1
9013,chr5,143405220,143405568,142324931,142325281,EH38E3667457,EH38E2415548,143405000,143406000,142324000,142325000,1,-1
9014,chr5,143405579,143405756,142324931,142325281,EH38E2416694,EH38E2415548,143405000,143406000,142324000,142325000,1,-1
9015,chr5,139518277,139518522,142324931,142325281,EH38E2413503,EH38E2415548,139518000,139519000,142325000,142326000,1,-1
9016,chr5,140557131,140557288,142324931,142325281,EH38E3665585,EH38E2415548,140557000,140558000,142325000,142326000,1,-1
9017,chr5,140557295,140557636,142324931,142325281,EH38E3665586,EH38E2415548,140557000,140558000,142325000,142326000,1,-1
9018,chr5,140557649,140557851,142324931,142325281,EH38E3665587,EH38E2415548,140557000,140558000,142325000,142326000,1,-1
9019,chr5,141680849,141681199,142324931,142325281,EH38E2414910,EH38E2415548,141680000,141681000,142325000,142326000,2,-1
9020,chr5,141849015,141849305,142324931,142325281,EH38E3666347,EH38E2415548,141849000,141850000,142325000,142326000,3,-1
9021,chr5,141849357,141849546,142324931,142325281,EH38E2415104,EH38E2415548,141849000,141850000,142325000,142326000,3,-1
9022,chr5,141849598,141849945,142324931,142325281,EH38E3666348,EH38E2415548,141849000,141850000,142325000,142326000,3,-1
9023,chr5,141850776,141851102,142324931,142325281,EH38E3666351,EH38E2415548,141851000,141852000,142325000,142326000,2,-1
9024,chr5,141851169,141851373,142324931,142325281,EH38E3666352,EH38E2415548,141851000,141852000,142325000,142326000,2,-1
9025,chr5,141858097,141858382,142324931,142325281,EH38E3666370,EH38E2415548,141858000,141859000,142325000,142326000,1,-1
9026,chr5,142012413,142012723,142324931,142325281,EH38E3666504,EH38E2415548,142012000,142013000,142325000,142326000,3,-1
9027,chr5,142295350,142295699,142324931,142325281,EH38E2415495,EH38E2415548,142295000,142296000,142325000,142326000,11,-1
9028,chr5,142325588,142325935,142324931,142325281,EH38E2415550,EH38E2415548,142325000,142326000,142325000,142326000,615,-1
9029,chr5,142325996,142326344,142324931,142325281,EH38E3666721,EH38E2415548,142325000,142326000,142325000,142326000,615,-1
9030,chr5,142326360,142326563,142324931,142325281,EH38E3666722,EH38E2415548,142326000,142327000,142325000,142326000,377,-1
9031,chr5,142326584,142326860,142324931,142325281,EH38E3666723,EH38E2415548,142326000,142327000,142325000,142326000,377,-1
9032,chr5,142327198,142327499,142324931,142325281,EH38E3666724,EH38E2415548,142327000,142328000,142325000,142326000,83,-1
9033,chr5,142327598,142327921,142324931,142325281,EH38E3666725,EH38E2415548,142327000,142328000,142325000,142326000,83,-1
9034,chr5,142327971,142328149,142324931,142325281,EH38E3666726,EH38E2415548,142327000,142328000,142325000,142326000,83,-1
9035,chr5,142356357,142356706,142324931,142325281,EH38E2415571,EH38E2415548,142356000,142357000,142325000,142326000,30,-1
9036,chr5,142356711,142356891,142324931,142325281,EH38E2415572,EH38E2415548,142356000,142357000,142325000,142326000,30,-1
9037,chr5,142356955,142357304,142324931,142325281,EH38E3666738,EH38E2415548,142356000,142357000,142325000,142326000,30,-1
9038,chr5,142357318,142357497,142324931,142325281,EH38E3666739,EH38E2415548,142357000,142358000,142325000,142326000,19,-1
9039,chr5,142360779,142361128,142324931,142325281,EH38E3666745,EH38E2415548,142360000,142361000,142325000,142326000,9,-1
9040,chr5,142362723,142363073,142324931,142325281,EH38E3666747,EH38E2415548,142362000,142363000,142325000,142326000,10,-1
9041,chr5,142684640,142684990,142324931,142325281,EH38E3666926,EH38E2415548,142684000,142685000,142325000,142326000,1,-1
9042,chr5,139518277,139518522,142325305,142325507,EH38E2413503,EH38E3666720,139518000,139519000,142325000,142326000,1,-1
9043,chr5,140557131,140557288,142325305,142325507,EH38E3665585,EH38E3666720,140557000,140558000,142325000,142326000,1,-1
9044,chr5,140557295,140557636,142325305,142325507,EH38E3665586,EH38E3666720,140557000,140558000,142325000,142326000,1,-1
9045,chr5,140557649,140557851,142325305,142325507,EH38E3665587,EH38E3666720,140557000,140558000,142325000,142326000,1,-1
9046,chr5,141680849,141681199,142325305,142325507,EH38E2414910,EH38E3666720,141680000,141681000,142325000,142326000,2,-1
9047,chr5,141681740,141682084,142325305,142325507,EH38E3666188,EH38E3666720,141681000,141682000,142325000,142326000,1,-1
9048,chr5,141849015,141849305,142325305,142325507,EH38E3666347,EH38E3666720,141849000,141850000,142325000,142326000,3,-1
9049,chr5,141849357,141849546,142325305,142325507,EH38E2415104,EH38E3666720,141849000,141850000,142325000,142326000,3,-1
9050,chr5,141849598,141849945,142325305,142325507,EH38E3666348,EH38E3666720,141849000,141850000,142325000,142326000,3,-1
9051,chr5,141850776,141851102,142325305,142325507,EH38E3666351,EH38E3666720,141851000,141852000,142325000,142326000,2,-1
9052,chr5,141851169,141851373,142325305,142325507,EH38E3666352,EH38E3666720,141851000,141852000,142325000,142326000,2,-1
9053,chr5,141858097,141858382,142325305,142325507,EH38E3666370,EH38E3666720,141858000,141859000,142325000,142326000,1,-1
9054,chr5,141875922,141876260,142325305,142325507,EH38E3666401,EH38E3666720,141876000,141877000,142325000,142326000,1,-1
9055,chr5,141876297,141876499,142325305,142325507,EH38E3666402,EH38E3666720,141876000,141877000,142325000,142326000,1,-1
9056,chr5,141876644,141876823,142325305,142325507,EH38E3666403,EH38E3666720,141876000,141877000,142325000,142326000,1,-1
9057,chr5,141876834,141877123,142325305,142325507,EH38E3666404,EH38E3666720,141876000,141877000,142325000,142326000,1,-1
9058,chr5,141877835,141878036,142325305,142325507,EH38E3666407,EH38E3666720,141877000,141878000,142325000,142326000,1,-1
9059,chr5,141878733,141878891,142325305,142325507,EH38E3666409,EH38E3666720,141878000,141879000,142325000,142326000,1,-1
9060,chr5,141878910,141879122,142325305,142325507,EH38E3666410,EH38E3666720,141878000,141879000,142325000,142326000,1,-1
9061,chr5,141923267,141923528,142325305,142325507,EH38E3666437,EH38E3666720,141923000,141924000,142325000,142326000,1,-1
9062,chr5,141923945,141924219,142325305,142325507,EH38E3666439,EH38E3666720,141923000,141924000,142325000,142326000,1,-1
9063,chr5,141969327,141969549,142325305,142325507,EH38E3666477,EH38E3666720,141969000,141970000,142325000,142326000,2,-1
9064,chr5,142012413,142012723,142325305,142325507,EH38E3666504,EH38E3666720,142012000,142013000,142325000,142326000,3,-1
9065,chr5,142108926,142109085,142325305,142325507,EH38E3666564,EH38E3666720,142108000,142109000,142325000,142326000,1,-1
9066,chr5,142157161,142157510,142325305,142325507,EH38E2415374,EH38E3666720,142157000,142158000,142325000,142326000,3,-1
9067,chr5,142174983,142175331,142325305,142325507,EH38E3666607,EH38E3666720,142174000,142175000,142325000,142326000,2,-1
9068,chr5,142235071,142235255,142325305,142325507,EH38E3666640,EH38E3666720,142235000,142236000,142325000,142326000,7,-1
9069,chr5,142235329,142235490,142325305,142325507,EH38E3666641,EH38E3666720,142235000,142236000,142325000,142326000,7,-1
9070,chr5,142235531,142235870,142325305,142325507,EH38E3666642,EH38E3666720,142235000,142236000,142325000,142326000,7,-1
9071,chr5,142235945,142236216,142325305,142325507,EH38E3666643,EH38E3666720,142235000,142236000,142325000,142326000,7,-1
9072,chr5,142269041,142269356,142325305,142325507,EH38E3666663,EH38E3666720,142269000,142270000,142325000,142326000,2,-1
9073,chr5,142295350,142295699,142325305,142325507,EH38E2415495,EH38E3666720,142295000,142296000,142325000,142326000,11,-1
9074,chr5,142325588,142325935,142325305,142325507,EH38E2415550,EH38E3666720,142325000,142326000,142325000,142326000,615,-1
9075,chr5,142325996,142326344,142325305,142325507,EH38E3666721,EH38E3666720,142325000,142326000,142325000,142326000,615,-1
9076,chr5,142326360,142326563,142325305,142325507,EH38E3666722,EH38E3666720,142326000,142327000,142325000,142326000,377,-1
9077,chr5,142326584,142326860,142325305,142325507,EH38E3666723,EH38E3666720,142326000,142327000,142325000,142326000,377,-1
9078,chr5,142327198,142327499,142325305,142325507,EH38E3666724,EH38E3666720,142327000,142328000,142325000,142326000,83,-1
9079,chr5,142327598,142327921,142325305,142325507,EH38E3666725,EH38E3666720,142327000,142328000,142325000,142326000,83,-1
9080,chr5,142327971,142328149,142325305,142325507,EH38E3666726,EH38E3666720,142327000,142328000,142325000,142326000,83,-1
9081,chr5,142356357,142356706,142325305,142325507,EH38E2415571,EH38E3666720,142356000,142357000,142325000,142326000,30,-1
9082,chr5,142356711,142356891,142325305,142325507,EH38E2415572,EH38E3666720,142356000,142357000,142325000,142326000,30,-1
9083,chr5,142356955,142357304,142325305,142325507,EH38E3666738,EH38E3666720,142356000,142357000,142325000,142326000,30,-1
9084,chr5,142357318,142357497,142325305,142325507,EH38E3666739,EH38E3666720,142357000,142358000,142325000,142326000,19,-1
9085,chr5,142360779,142361128,142325305,142325507,EH38E3666745,EH38E3666720,142360000,142361000,142325000,142326000,9,-1
9086,chr5,142362723,142363073,142325305,142325507,EH38E3666747,EH38E3666720,142362000,142363000,142325000,142326000,10,-1
9087,chr5,142684640,142684990,142325305,142325507,EH38E3666926,EH38E3666720,142684000,142685000,142325000,142326000,1,-1
9088,chr5,142701958,142702255,142325305,142325507,EH38E2415889,EH38E3666720,142701000,142702000,142325000,142326000,2,-1
9089,chr5,142863888,142864196,142325305,142325507,EH38E3667070,EH38E3666720,142864000,142865000,142325000,142326000,1,-1
9090,chr5,142864459,142864754,142325305,142325507,EH38E2416082,EH38E3666720,142864000,142865000,142325000,142326000,1,-1
9091,chr5,140401001,140401315,142770161,142770511,EH38E3665547,EH38E2415949,140401000,140402000,142770000,142771000,1,-1
9092,chr5,141135498,141135791,142770161,142770511,EH38E3665844,EH38E2415949,141135000,141136000,142770000,142771000,1,-1
9093,chr5,141636472,141636648,142770161,142770511,EH38E2414875,EH38E2415949,141636000,141637000,142770000,142771000,1,-1
9094,chr5,141838392,141838730,142770161,142770511,EH38E2415084,EH38E2415949,141838000,141839000,142770000,142771000,1,-1
9095,chr5,141839000,141839345,142770161,142770511,EH38E2415085,EH38E2415949,141839000,141840000,142770000,142771000,1,-1
9096,chr5,141872906,141873253,142770161,142770511,EH38E3666394,EH38E2415949,141872000,141873000,142770000,142771000,1,-1
9097,chr5,141923267,141923528,142770161,142770511,EH38E3666437,EH38E2415949,141923000,141924000,142770000,142771000,1,-1
9098,chr5,141923945,141924219,142770161,142770511,EH38E3666439,EH38E2415949,141923000,141924000,142770000,142771000,1,-1
9099,chr5,142012413,142012723,142770161,142770511,EH38E3666504,EH38E2415949,142012000,142013000,142770000,142771000,1,-1
9100,chr5,142108926,142109085,142770161,142770511,EH38E3666564,EH38E2415949,142108000,142109000,142770000,142771000,1,-1
9101,chr5,142235071,142235255,142770161,142770511,EH38E3666640,EH38E2415949,142235000,142236000,142770000,142771000,1,-1
9102,chr5,142235329,142235490,142770161,142770511,EH38E3666641,EH38E2415949,142235000,142236000,142770000,142771000,1,-1
9103,chr5,142235531,142235870,142770161,142770511,EH38E3666642,EH38E2415949,142235000,142236000,142770000,142771000,1,-1
9104,chr5,142235945,142236216,142770161,142770511,EH38E3666643,EH38E2415949,142235000,142236000,142770000,142771000,1,-1
9105,chr5,142325588,142325935,142770161,142770511,EH38E2415550,EH38E2415949,142325000,142326000,142770000,142771000,2,-1
9106,chr5,142325996,142326344,142770161,142770511,EH38E3666721,EH38E2415949,142325000,142326000,142770000,142771000,2,-1
9107,chr5,142326360,142326563,142770161,142770511,EH38E3666722,EH38E2415949,142326000,142327000,142770000,142771000,1,-1
9108,chr5,142326584,142326860,142770161,142770511,EH38E3666723,EH38E2415949,142326000,142327000,142770000,142771000,1,-1
9109,chr5,142356955,142357304,142770161,142770511,EH38E3666738,EH38E2415949,142357000,142358000,142770000,142771000,2,-1
9110,chr5,142357318,142357497,142770161,142770511,EH38E3666739,EH38E2415949,142357000,142358000,142770000,142771000,2,-1
9111,chr5,142362723,142363073,142770161,142770511,EH38E3666747,EH38E2415949,142362000,142363000,142770000,142771000,3,-1
9112,chr5,142684640,142684990,142770161,142770511,EH38E3666926,EH38E2415949,142684000,142685000,142770000,142771000,1,-1
9113,chr5,142863888,142864196,142770161,142770511,EH38E3667070,EH38E2415949,142863000,142864000,142770000,142771000,12,-1
9114,chr5,142864459,142864754,142770161,142770511,EH38E2416082,EH38E2415949,142864000,142865000,142770000,142771000,17,-1
9115,chr5,143871743,143871923,142770161,142770511,EH38E2417041,EH38E2415949,143871000,143872000,142770000,142771000,1,-1
9116,chr5,140401001,140401315,142770855,142771088,EH38E3665547,EH38E3666993,140401000,140402000,142770000,142771000,1,-1
9117,chr5,141135498,141135791,142770855,142771088,EH38E3665844,EH38E3666993,141135000,141136000,142770000,142771000,1,-1
9118,chr5,141636472,141636648,142770855,142771088,EH38E2414875,EH38E3666993,141636000,141637000,142770000,142771000,1,-1
9119,chr5,141838392,141838730,142770855,142771088,EH38E2415084,EH38E3666993,141838000,141839000,142770000,142771000,1,-1
9120,chr5,141839000,141839345,142770855,142771088,EH38E2415085,EH38E3666993,141838000,141839000,142770000,142771000,1,-1
9121,chr5,141872906,141873253,142770855,142771088,EH38E3666394,EH38E3666993,141872000,141873000,142770000,142771000,1,-1
9122,chr5,141923267,141923528,142770855,142771088,EH38E3666437,EH38E3666993,141923000,141924000,142770000,142771000,1,-1
9123,chr5,141923945,141924219,142770855,142771088,EH38E3666439,EH38E3666993,141923000,141924000,142770000,142771000,1,-1
9124,chr5,142012413,142012723,142770855,142771088,EH38E3666504,EH38E3666993,142012000,142013000,142770000,142771000,1,-1
9125,chr5,142108926,142109085,142770855,142771088,EH38E3666564,EH38E3666993,142108000,142109000,142770000,142771000,1,-1
9126,chr5,142235071,142235255,142770855,142771088,EH38E3666640,EH38E3666993,142235000,142236000,142770000,142771000,1,-1
9127,chr5,142235329,142235490,142770855,142771088,EH38E3666641,EH38E3666993,142235000,142236000,142770000,142771000,1,-1
9128,chr5,142235531,142235870,142770855,142771088,EH38E3666642,EH38E3666993,142235000,142236000,142770000,142771000,1,-1
9129,chr5,142235945,142236216,142770855,142771088,EH38E3666643,EH38E3666993,142235000,142236000,142770000,142771000,1,-1
9130,chr5,142325588,142325935,142770855,142771088,EH38E2415550,EH38E3666993,142325000,142326000,142770000,142771000,2,-1
9131,chr5,142325996,142326344,142770855,142771088,EH38E3666721,EH38E3666993,142325000,142326000,142770000,142771000,2,-1
9132,chr5,142326360,142326563,142770855,142771088,EH38E3666722,EH38E3666993,142326000,142327000,142770000,142771000,1,-1
9133,chr5,142326584,142326860,142770855,142771088,EH38E3666723,EH38E3666993,142326000,142327000,142770000,142771000,1,-1
9134,chr5,142356955,142357304,142770855,142771088,EH38E3666738,EH38E3666993,142357000,142358000,142770000,142771000,2,-1
9135,chr5,142357318,142357497,142770855,142771088,EH38E3666739,EH38E3666993,142357000,142358000,142770000,142771000,2,-1
9136,chr5,142362723,142363073,142770855,142771088,EH38E3666747,EH38E3666993,142362000,142363000,142770000,142771000,3,-1
9137,chr5,142863888,142864196,142770855,142771088,EH38E3667070,EH38E3666993,142863000,142864000,142770000,142771000,12,-1
9138,chr5,143871743,143871923,142770855,142771088,EH38E2417041,EH38E3666993,143871000,143872000,142770000,142771000,1,-1
9139,chr5,141560773,141561107,142770855,142771088,EH38E2414813,EH38E3666993,141561000,141562000,142771000,142772000,1,-1
9140,chr5,141680849,141681199,142770855,142771088,EH38E2414910,EH38E3666993,141681000,141682000,142771000,142772000,1,-1
9141,chr5,141681740,141682084,142770855,142771088,EH38E3666188,EH38E3666993,141681000,141682000,142771000,142772000,1,-1
9142,chr5,141849015,141849305,142770855,142771088,EH38E3666347,EH38E3666993,141849000,141850000,142771000,142772000,1,-1
9143,chr5,141849357,141849546,142770855,142771088,EH38E2415104,EH38E3666993,141849000,141850000,142771000,142772000,1,-1
9144,chr5,141849598,141849945,142770855,142771088,EH38E3666348,EH38E3666993,141849000,141850000,142771000,142772000,1,-1
9145,chr5,141875394,141875629,142770855,142771088,EH38E3666399,EH38E3666993,141875000,141876000,142771000,142772000,1,-1
9146,chr5,141875692,141875844,142770855,142771088,EH38E3666400,EH38E3666993,141875000,141876000,142771000,142772000,1,-1
9147,chr5,141875922,141876260,142770855,142771088,EH38E3666401,EH38E3666993,141875000,141876000,142771000,142772000,1,-1
9148,chr5,141969327,141969549,142770855,142771088,EH38E3666477,EH38E3666993,141969000,141970000,142771000,142772000,1,-1
9149,chr5,142157161,142157510,142770855,142771088,EH38E2415374,EH38E3666993,142157000,142158000,142771000,142772000,1,-1
9150,chr5,142174983,142175331,142770855,142771088,EH38E3666607,EH38E3666993,142175000,142176000,142771000,142772000,1,-1
9151,chr5,142327198,142327499,142770855,142771088,EH38E3666724,EH38E3666993,142327000,142328000,142771000,142772000,2,-1
9152,chr5,142327598,142327921,142770855,142771088,EH38E3666725,EH38E3666993,142327000,142328000,142771000,142772000,2,-1
9153,chr5,142327971,142328149,142770855,142771088,EH38E3666726,EH38E3666993,142327000,142328000,142771000,142772000,2,-1
9154,chr5,142360779,142361128,142770855,142771088,EH38E3666745,EH38E3666993,142360000,142361000,142771000,142772000,1,-1
9155,chr5,142684640,142684990,142770855,142771088,EH38E3666926,EH38E3666993,142684000,142685000,142771000,142772000,2,-1
9156,chr5,142701958,142702255,142770855,142771088,EH38E2415889,EH38E3666993,142702000,142703000,142771000,142772000,2,-1
9157,chr5,142864459,142864754,142770855,142771088,EH38E2416082,EH38E3666993,142864000,142865000,142771000,142772000,21,-1
9158,chr5,142896358,142896691,142770855,142771088,EH38E2416113,EH38E3666993,142896000,142897000,142771000,142772000,5,-1
9159,chr5,143405220,143405568,142770855,142771088,EH38E3667457,EH38E3666993,143405000,143406000,142771000,142772000,2,-1
9160,chr5,143405579,143405756,142770855,142771088,EH38E2416694,EH38E3666993,143405000,143406000,142771000,142772000,2,-1
9161,chr5,141560773,141561107,142771095,142771314,EH38E2414813,EH38E3666994,141561000,141562000,142771000,142772000,1,-1
9162,chr5,141680849,141681199,142771095,142771314,EH38E2414910,EH38E3666994,141681000,141682000,142771000,142772000,1,-1
9163,chr5,141681740,141682084,142771095,142771314,EH38E3666188,EH38E3666994,141681000,141682000,142771000,142772000,1,-1
9164,chr5,141849015,141849305,142771095,142771314,EH38E3666347,EH38E3666994,141849000,141850000,142771000,142772000,1,-1
9165,chr5,141849357,141849546,142771095,142771314,EH38E2415104,EH38E3666994,141849000,141850000,142771000,142772000,1,-1
9166,chr5,141849598,141849945,142771095,142771314,EH38E3666348,EH38E3666994,141849000,141850000,142771000,142772000,1,-1
9167,chr5,141875394,141875629,142771095,142771314,EH38E3666399,EH38E3666994,141875000,141876000,142771000,142772000,1,-1
9168,chr5,141875692,141875844,142771095,142771314,EH38E3666400,EH38E3666994,141875000,141876000,142771000,142772000,1,-1
9169,chr5,141875922,141876260,142771095,142771314,EH38E3666401,EH38E3666994,141875000,141876000,142771000,142772000,1,-1
9170,chr5,141969327,141969549,142771095,142771314,EH38E3666477,EH38E3666994,141969000,141970000,142771000,142772000,1,-1
9171,chr5,142012413,142012723,142771095,142771314,EH38E3666504,EH38E3666994,142012000,142013000,142771000,142772000,1,-1
9172,chr5,142157161,142157510,142771095,142771314,EH38E2415374,EH38E3666994,142157000,142158000,142771000,142772000,1,-1
9173,chr5,142174983,142175331,142771095,142771314,EH38E3666607,EH38E3666994,142175000,142176000,142771000,142772000,1,-1
9174,chr5,142235945,142236216,142771095,142771314,EH38E3666643,EH38E3666994,142236000,142237000,142771000,142772000,1,-1
9175,chr5,142327198,142327499,142771095,142771314,EH38E3666724,EH38E3666994,142327000,142328000,142771000,142772000,2,-1
9176,chr5,142327598,142327921,142771095,142771314,EH38E3666725,EH38E3666994,142327000,142328000,142771000,142772000,2,-1
9177,chr5,142327971,142328149,142771095,142771314,EH38E3666726,EH38E3666994,142327000,142328000,142771000,142772000,2,-1
9178,chr5,142356955,142357304,142771095,142771314,EH38E3666738,EH38E3666994,142357000,142358000,142771000,142772000,1,-1
9179,chr5,142357318,142357497,142771095,142771314,EH38E3666739,EH38E3666994,142357000,142358000,142771000,142772000,1,-1
9180,chr5,142360779,142361128,142771095,142771314,EH38E3666745,EH38E3666994,142360000,142361000,142771000,142772000,1,-1
9181,chr5,142362723,142363073,142771095,142771314,EH38E3666747,EH38E3666994,142362000,142363000,142771000,142772000,1,-1
9182,chr5,142684640,142684990,142771095,142771314,EH38E3666926,EH38E3666994,142684000,142685000,142771000,142772000,2,-1
9183,chr5,142701958,142702255,142771095,142771314,EH38E2415889,EH38E3666994,142702000,142703000,142771000,142772000,2,-1
9184,chr5,142863888,142864196,142771095,142771314,EH38E3667070,EH38E3666994,142863000,142864000,142771000,142772000,7,-1
9185,chr5,142864459,142864754,142771095,142771314,EH38E2416082,EH38E3666994,142864000,142865000,142771000,142772000,21,-1
9186,chr5,142896358,142896691,142771095,142771314,EH38E2416113,EH38E3666994,142896000,142897000,142771000,142772000,5,-1
9187,chr5,143405220,143405568,142771095,142771314,EH38E3667457,EH38E3666994,143405000,143406000,142771000,142772000,2,-1
9188,chr5,143405579,143405756,142771095,142771314,EH38E2416694,EH38E3666994,143405000,143406000,142771000,142772000,2,-1
9189,chr5,141513737,141514083,143404124,143404414,EH38E3666073,EH38E2416690,141513000,141514000,143404000,143405000,1,-1
9190,chr5,141845616,141845768,143404124,143404414,EH38E2415097,EH38E2416690,141845000,141846000,143404000,143405000,1,-1
9191,chr5,142863888,142864196,143404124,143404414,EH38E3667070,EH38E2416690,142864000,142865000,143404000,143405000,1,-1
9192,chr5,142864459,142864754,143404124,143404414,EH38E2416082,EH38E2416690,142864000,142865000,143404000,143405000,1,-1
9193,chr5,143405220,143405568,143404124,143404414,EH38E3667457,EH38E2416690,143405000,143406000,143404000,143405000,448,-1
9194,chr5,143405579,143405756,143404124,143404414,EH38E2416694,EH38E2416690,143405000,143406000,143404000,143405000,448,-1
9195,chr5,143871743,143871923,143404124,143404414,EH38E2417041,EH38E2416690,143871000,143872000,143404000,143405000,2,-1
9196,chr5,144170290,144170487,143404124,143404414,EH38E3667779,EH38E2416690,144170000,144171000,143404000,143405000,2,-1
9197,chr5,141513737,141514083,143404433,143404672,EH38E3666073,EH38E3667454,141513000,141514000,143404000,143405000,1,-1
9198,chr5,141845616,141845768,143404433,143404672,EH38E2415097,EH38E3667454,141845000,141846000,143404000,143405000,1,-1
9199,chr5,142863888,142864196,143404433,143404672,EH38E3667070,EH38E3667454,142864000,142865000,143404000,143405000,1,-1
9200,chr5,142864459,142864754,143404433,143404672,EH38E2416082,EH38E3667454,142864000,142865000,143404000,143405000,1,-1
9201,chr5,143405220,143405568,143404433,143404672,EH38E3667457,EH38E3667454,143405000,143406000,143404000,143405000,448,-1
9202,chr5,143405579,143405756,143404433,143404672,EH38E2416694,EH38E3667454,143405000,143406000,143404000,143405000,448,-1
9203,chr5,143871743,143871923,143404433,143404672,EH38E2417041,EH38E3667454,143871000,143872000,143404000,143405000,2,-1
9204,chr5,144170290,144170487,143404433,143404672,EH38E3667779,EH38E3667454,144170000,144171000,143404000,143405000,2,-1
9205,chr5,143405220,143405568,144170573,144170920,EH38E3667457,EH38E3667780,143405000,143406000,144170000,144171000,1,-1
9206,chr5,143405579,143405756,144170573,144170920,EH38E2416694,EH38E3667780,143405000,143406000,144170000,144171000,1,-1
9207,chr5,143871743,143871923,144170573,144170920,EH38E2417041,EH38E3667780,143871000,143872000,144170000,144171000,1,-1
9208,chr5,144170290,144170487,144170573,144170920,EH38E3667779,EH38E3667780,144170000,144171000,144170000,144171000,258,-1
9209,chr5,145856286,145856448,144170573,144170920,EH38E3668112,EH38E3667780,145856000,145857000,144170000,144171000,1,-1
9210,chr5,145856508,145856847,144170573,144170920,EH38E3668113,EH38E3667780,145856000,145857000,144170000,144171000,1,-1
9211,chr5,142863888,142864196,144205136,144205486,EH38E3667070,EH38E3667796,142863000,142864000,144205000,144206000,1,-1
9212,chr5,144170290,144170487,144205136,144205486,EH38E3667779,EH38E3667796,144170000,144171000,144205000,144206000,2,-1
9213,chr5,145856286,145856448,145835300,145835649,EH38E3668112,EH38E2417654,145856000,145857000,145835000,145836000,20,-1
9214,chr5,145856508,145856847,145835300,145835649,EH38E3668113,EH38E2417654,145856000,145857000,145835000,145836000,20,-1
9215,chr5,146203736,146204007,145835300,145835649,EH38E3668278,EH38E2417654,146203000,146204000,145835000,145836000,1,-1
9216,chr5,144170290,144170487,145936437,145936787,EH38E3667779,EH38E3668142,144170000,144171000,145936000,145937000,1,-1
9217,chr5,145856286,145856448,145936437,145936787,EH38E3668112,EH38E3668142,145856000,145857000,145936000,145937000,4,-1
9218,chr5,145856508,145856847,145936437,145936787,EH38E3668113,EH38E3668142,145856000,145857000,145936000,145937000,4,-1
9219,chr5,145856286,145856448,145937548,145937861,EH38E3668112,EH38E2417713,145856000,145857000,145937000,145938000,2,-1
9220,chr5,145856508,145856847,145937548,145937861,EH38E3668113,EH38E2417713,145856000,145857000,145937000,145938000,2,-1
9221,chr5,146203736,146204007,145937548,145937861,EH38E3668278,EH38E2417713,146203000,146204000,145937000,145938000,1,-1
9222,chr5,147388254,147388486,145937548,145937861,EH38E2418455,EH38E2417713,147388000,147389000,145937000,145938000,1,-1
9223,chr5,146203736,146204007,146182369,146182520,EH38E3668278,EH38E2417884,146203000,146204000,146182000,146183000,12,-1
9224,chr5,146203736,146204007,146182569,146182919,EH38E3668278,EH38E3668263,146203000,146204000,146182000,146183000,12,-1
9225,chr5,145856286,145856448,146203341,146203691,EH38E3668112,EH38E3668277,145856000,145857000,146203000,146204000,1,-1
9226,chr5,145856508,145856847,146203341,146203691,EH38E3668113,EH38E3668277,145856000,145857000,146203000,146204000,1,-1
9227,chr5,146203736,146204007,146203341,146203691,EH38E3668278,EH38E3668277,146203000,146204000,146203000,146204000,211,-1
9228,chr5,147453595,147453844,146203341,146203691,EH38E3668697,EH38E3668277,147453000,147454000,146203000,146204000,1,-1
9229,chr5,146789892,146790238,146338748,146339094,EH38E2418203,EH38E3668315,146789000,146790000,146338000,146339000,1,-1
9230,chr5,146203736,146204007,146338748,146339094,EH38E3668278,EH38E3668315,146203000,146204000,146339000,146340000,2,-1
9231,chr5,147453595,147453844,146446996,146447346,EH38E3668697,EH38E3668356,147453000,147454000,146446000,146447000,1,-1
9232,chr5,147567873,147568222,146446996,146447346,EH38E3668736,EH38E3668356,147568000,147569000,146446000,146447000,1,-1
9233,chr5,147568263,147568472,146446996,146447346,EH38E3668737,EH38E3668356,147568000,147569000,146446000,146447000,1,-1
9234,chr5,147568721,147568973,146446996,146447346,EH38E2418629,EH38E3668356,147568000,147569000,146446000,146447000,1,-1
9235,chr5,145856286,145856448,146446996,146447346,EH38E3668112,EH38E3668356,145856000,145857000,146447000,146448000,2,-1
9236,chr5,145856508,145856847,146446996,146447346,EH38E3668113,EH38E3668356,145856000,145857000,146447000,146448000,2,-1
9237,chr5,146203736,146204007,146446996,146447346,EH38E3668278,EH38E3668356,146203000,146204000,146447000,146448000,4,-1
9238,chr5,147388254,147388486,146446996,146447346,EH38E2418455,EH38E3668356,147388000,147389000,146447000,146448000,1,-1
9239,chr5,149423021,149423260,146446996,146447346,EH38E3669571,EH38E3668356,149423000,149424000,146447000,146448000,1,-1
9240,chr5,146789892,146790238,146878597,146878942,EH38E2418203,EH38E2418260,146789000,146790000,146878000,146879000,2,-1
9241,chr5,147567873,147568222,146878597,146878942,EH38E3668736,EH38E2418260,147567000,147568000,146878000,146879000,1,-1
9242,chr5,147568263,147568472,146878597,146878942,EH38E3668737,EH38E2418260,147568000,147569000,146878000,146879000,1,-1
9243,chr5,147568721,147568973,146878597,146878942,EH38E2418629,EH38E2418260,147568000,147569000,146878000,146879000,1,-1
9244,chr5,148914109,148914457,146878597,146878942,EH38E2419404,EH38E2418260,148914000,148915000,146878000,146879000,1,-1
9245,chr5,147452159,147452497,147234781,147235131,EH38E2418523,EH38E3668615,147452000,147453000,147234000,147235000,1,-1
9246,chr5,147453595,147453844,147234781,147235131,EH38E3668697,EH38E3668615,147453000,147454000,147234000,147235000,4,-1
9247,chr5,147567873,147568222,147234781,147235131,EH38E3668736,EH38E3668615,147567000,147568000,147234000,147235000,1,-1
9248,chr5,147946947,147947168,147234781,147235131,EH38E2418870,EH38E3668615,147947000,147948000,147234000,147235000,2,-1
9249,chr5,148384121,148384289,147234781,147235131,EH38E2419058,EH38E3668615,148384000,148385000,147234000,147235000,1,-1
9250,chr5,147388254,147388486,147234781,147235131,EH38E2418455,EH38E3668615,147388000,147389000,147235000,147236000,3,-1
9251,chr5,147568263,147568472,147234781,147235131,EH38E3668737,EH38E3668615,147568000,147569000,147235000,147236000,1,-1
9252,chr5,147568721,147568973,147234781,147235131,EH38E2418629,EH38E3668615,147568000,147569000,147235000,147236000,1,-1
9253,chr5,148912848,148913016,147234781,147235131,EH38E3669205,EH38E3668615,148913000,148914000,147235000,147236000,1,-1
9254,chr5,148913065,148913414,147234781,147235131,EH38E3669206,EH38E3668615,148913000,148914000,147235000,147236000,1,-1
9255,chr5,146203736,146204007,147453898,147454176,EH38E3668278,EH38E3668698,146203000,146204000,147453000,147454000,1,-1
9256,chr5,147452159,147452497,147453898,147454176,EH38E2418523,EH38E3668698,147452000,147453000,147453000,147454000,543,-1
9257,chr5,147453595,147453844,147453898,147454176,EH38E3668697,EH38E3668698,147453000,147454000,147453000,147454000,630,-1
9258,chr5,147561040,147561349,147453898,147454176,EH38E2418621,EH38E3668698,147561000,147562000,147453000,147454000,9,-1
9259,chr5,147568263,147568472,147453898,147454176,EH38E3668737,EH38E3668698,147568000,147569000,147453000,147454000,8,-1
9260,chr5,147568721,147568973,147453898,147454176,EH38E2418629,EH38E3668698,147568000,147569000,147453000,147454000,8,-1
9261,chr5,147869117,147869450,147453898,147454176,EH38E2418823,EH38E3668698,147869000,147870000,147453000,147454000,1,-1
9262,chr5,148398030,148398311,147453898,147454176,EH38E2419072,EH38E3668698,148398000,148399000,147453000,147454000,1,-1
9263,chr5,149442561,149442856,147453898,147454176,EH38E3669604,EH38E3668698,149442000,149443000,147453000,147454000,1,-1
9264,chr5,147388254,147388486,147453898,147454176,EH38E2418455,EH38E3668698,147388000,147389000,147454000,147455000,6,-1
9265,chr5,147454203,147454361,147453898,147454176,EH38E2418529,EH38E3668698,147454000,147455000,147454000,147455000,495,-1
9266,chr5,147567873,147568222,147453898,147454176,EH38E3668736,EH38E3668698,147567000,147568000,147454000,147455000,9,-1
9267,chr5,148384121,148384289,147453898,147454176,EH38E2419058,EH38E3668698,148384000,148385000,147454000,147455000,1,-1
9268,chr5,148393320,148393659,147453898,147454176,EH38E2419068,EH38E3668698,148393000,148394000,147454000,147455000,1,-1
9269,chr5,150138722,150139069,147453898,147454176,EH38E3670187,EH38E3668698,150138000,150139000,147454000,147455000,1,-1
9270,chr5,147388254,147388486,147509904,147510254,EH38E2418455,EH38E2418579,147388000,147389000,147509000,147510000,5,-1
9271,chr5,147453595,147453844,147509904,147510254,EH38E3668697,EH38E2418579,147453000,147454000,147509000,147510000,22,-1
9272,chr5,147454203,147454361,147509904,147510254,EH38E2418529,EH38E2418579,147454000,147455000,147509000,147510000,26,-1
9273,chr5,147561040,147561349,147509904,147510254,EH38E2418621,EH38E2418579,147561000,147562000,147509000,147510000,11,-1
9274,chr5,147567873,147568222,147509904,147510254,EH38E3668736,EH38E2418579,147567000,147568000,147509000,147510000,5,-1
9275,chr5,147568263,147568472,147509904,147510254,EH38E3668737,EH38E2418579,147568000,147569000,147509000,147510000,12,-1
9276,chr5,147568721,147568973,147509904,147510254,EH38E2418629,EH38E2418579,147568000,147569000,147509000,147510000,12,-1
9277,chr5,147869117,147869450,147509904,147510254,EH38E2418823,EH38E2418579,147869000,147870000,147509000,147510000,1,-1
9278,chr5,147452159,147452497,147509904,147510254,EH38E2418523,EH38E2418579,147452000,147453000,147510000,147511000,20,-1
9279,chr5,147875142,147875322,147509904,147510254,EH38E2418827,EH38E2418579,147875000,147876000,147510000,147511000,1,-1
9280,chr5,148384121,148384289,147509904,147510254,EH38E2419058,EH38E2418579,148384000,148385000,147510000,147511000,1,-1
9281,chr5,147388254,147388486,147559792,147560077,EH38E2418455,EH38E2418619,147388000,147389000,147559000,147560000,3,-1
9282,chr5,147454203,147454361,147559792,147560077,EH38E2418529,EH38E2418619,147454000,147455000,147559000,147560000,25,-1
9283,chr5,147567873,147568222,147559792,147560077,EH38E3668736,EH38E2418619,147567000,147568000,147559000,147560000,15,-1
9284,chr5,148912848,148913016,147559792,147560077,EH38E3669205,EH38E2418619,148913000,148914000,147559000,147560000,1,-1
9285,chr5,148913065,148913414,147559792,147560077,EH38E3669206,EH38E2418619,148913000,148914000,147559000,147560000,1,-1
9286,chr5,147452159,147452497,147559792,147560077,EH38E2418523,EH38E2418619,147452000,147453000,147560000,147561000,10,-1
9287,chr5,147453595,147453844,147559792,147560077,EH38E3668697,EH38E2418619,147453000,147454000,147560000,147561000,25,-1
9288,chr5,147561040,147561349,147559792,147560077,EH38E2418621,EH38E2418619,147561000,147562000,147560000,147561000,91,-1
9289,chr5,147568263,147568472,147559792,147560077,EH38E3668737,EH38E2418619,147568000,147569000,147560000,147561000,13,-1
9290,chr5,147568721,147568973,147559792,147560077,EH38E2418629,EH38E2418619,147568000,147569000,147560000,147561000,13,-1
9291,chr5,147452159,147452497,147782590,147782940,EH38E2418523,EH38E3668814,147452000,147453000,147782000,147783000,2,-1
9292,chr5,147453595,147453844,147782590,147782940,EH38E3668697,EH38E3668814,147453000,147454000,147782000,147783000,1,-1
9293,chr5,147567873,147568222,147782590,147782940,EH38E3668736,EH38E3668814,147567000,147568000,147782000,147783000,1,-1
9294,chr5,147869117,147869450,147782590,147782940,EH38E2418823,EH38E3668814,147869000,147870000,147782000,147783000,1,-1
9295,chr5,149561824,149562164,147782590,147782940,EH38E2420062,EH38E3668814,149562000,149563000,147782000,147783000,2,-1
9296,chr5,147946947,147947168,148383719,148384069,EH38E2418870,EH38E3668997,147947000,147948000,148383000,148384000,1,-1
9297,chr5,147388254,147388486,148383719,148384069,EH38E2418455,EH38E3668997,147388000,147389000,148384000,148385000,1,-1
9298,chr5,147454203,147454361,148383719,148384069,EH38E2418529,EH38E3668997,147454000,147455000,148384000,148385000,1,-1
9299,chr5,148384121,148384289,148383719,148384069,EH38E2419058,EH38E3668997,148384000,148385000,148384000,148385000,518,-1
9300,chr5,148393320,148393659,148383719,148384069,EH38E2419068,EH38E3668997,148393000,148394000,148384000,148385000,28,-1
9301,chr5,148398030,148398311,148383719,148384069,EH38E2419072,EH38E3668997,148398000,148399000,148384000,148385000,12,-1
9302,chr5,148912848,148913016,148383719,148384069,EH38E3669205,EH38E3668997,148912000,148913000,148384000,148385000,1,-1
9303,chr5,148914109,148914457,148383719,148384069,EH38E2419404,EH38E3668997,148914000,148915000,148384000,148385000,1,-1
9304,chr5,150485408,150485558,148383719,148384069,EH38E3670546,EH38E3668997,150485000,150486000,148384000,148385000,1,-1
9305,chr5,150498003,150498249,148383719,148384069,EH38E3670564,EH38E3668997,150498000,150499000,148384000,148385000,1,-1
9306,chr5,150498479,150498826,148383719,148384069,EH38E3670565,EH38E3668997,150498000,150499000,148384000,148385000,1,-1
9307,chr5,148912848,148913016,148826338,148826688,EH38E3669205,EH38E3669160,148912000,148913000,148826000,148827000,9,-1
9308,chr5,148913065,148913414,148826338,148826688,EH38E3669206,EH38E3669160,148913000,148914000,148826000,148827000,8,-1
9309,chr5,148914109,148914457,148826338,148826688,EH38E2419404,EH38E3669160,148914000,148915000,148826000,148827000,2,-1
9310,chr5,149439917,149440266,148826338,148826688,EH38E3669600,EH38E3669160,149440000,149441000,148826000,148827000,1,-1
9311,chr5,149561824,149562164,148826338,148826688,EH38E2420062,EH38E3669160,149561000,149562000,148826000,148827000,1,-1
9312,chr5,148912848,148913016,149141335,149141623,EH38E3669205,EH38E3669336,148912000,148913000,149141000,149142000,2,-1
9313,chr5,148913065,148913414,149141335,149141623,EH38E3669206,EH38E3669336,148913000,148914000,149141000,149142000,3,-1
9314,chr5,148914109,148914457,149141335,149141623,EH38E2419404,EH38E3669336,148914000,148915000,149141000,149142000,2,-1
9315,chr5,149345725,149345897,149141335,149141623,EH38E2419810,EH38E3669336,149345000,149346000,149141000,149142000,3,-1
9316,chr5,149423021,149423260,149141335,149141623,EH38E3669571,EH38E3669336,149423000,149424000,149141000,149142000,2,-1
9317,chr5,149439917,149440266,149141335,149141623,EH38E3669600,EH38E3669336,149439000,149440000,149141000,149142000,1,-1
9318,chr5,149442561,149442856,149141335,149141623,EH38E3669604,EH38E3669336,149442000,149443000,149141000,149142000,1,-1
9319,chr5,149551769,149551981,149141335,149141623,EH38E2420055,EH38E3669336,149551000,149552000,149141000,149142000,1,-1
9320,chr5,149561824,149562164,149141335,149141623,EH38E2420062,EH38E3669336,149561000,149562000,149141000,149142000,2,-1
9321,chr5,150000941,150001286,149141335,149141623,EH38E3670047,EH38E3669336,150001000,150002000,149141000,149142000,1,-1
9322,chr5,151770658,151771008,149141335,149141623,EH38E3671561,EH38E3669336,151770000,151771000,149141000,149142000,1,-1
9323,chr5,148912848,148913016,149141635,149141809,EH38E3669205,EH38E3669337,148912000,148913000,149141000,149142000,2,-1
9324,chr5,148913065,148913414,149141635,149141809,EH38E3669206,EH38E3669337,148913000,148914000,149141000,149142000,3,-1
9325,chr5,148914109,148914457,149141635,149141809,EH38E2419404,EH38E3669337,148914000,148915000,149141000,149142000,2,-1
9326,chr5,149345725,149345897,149141635,149141809,EH38E2419810,EH38E3669337,149345000,149346000,149141000,149142000,3,-1
9327,chr5,149423021,149423260,149141635,149141809,EH38E3669571,EH38E3669337,149423000,149424000,149141000,149142000,2,-1
9328,chr5,149439917,149440266,149141635,149141809,EH38E3669600,EH38E3669337,149439000,149440000,149141000,149142000,1,-1
9329,chr5,149442561,149442856,149141635,149141809,EH38E3669604,EH38E3669337,149442000,149443000,149141000,149142000,1,-1
9330,chr5,149551769,149551981,149141635,149141809,EH38E2420055,EH38E3669337,149551000,149552000,149141000,149142000,1,-1
9331,chr5,149561824,149562164,149141635,149141809,EH38E2420062,EH38E3669337,149561000,149562000,149141000,149142000,2,-1
9332,chr5,150000941,150001286,149141635,149141809,EH38E3670047,EH38E3669337,150001000,150002000,149141000,149142000,1,-1
9333,chr5,151770658,151771008,149141635,149141809,EH38E3671561,EH38E3669337,151770000,151771000,149141000,149142000,1,-1
9334,chr5,148912848,148913016,149345292,149345641,EH38E3669205,EH38E3669475,148913000,148914000,149345000,149346000,1,-1
9335,chr5,148913065,148913414,149345292,149345641,EH38E3669206,EH38E3669475,148913000,148914000,149345000,149346000,1,-1
9336,chr5,149345725,149345897,149345292,149345641,EH38E2419810,EH38E3669475,149345000,149346000,149345000,149346000,383,-1
9337,chr5,149423021,149423260,149345292,149345641,EH38E3669571,EH38E3669475,149423000,149424000,149345000,149346000,2,-1
9338,chr5,149439917,149440266,149345292,149345641,EH38E3669600,EH38E3669475,149439000,149440000,149345000,149346000,2,-1
9339,chr5,149442561,149442856,149345292,149345641,EH38E3669604,EH38E3669475,149442000,149443000,149345000,149346000,1,-1
9340,chr5,149549451,149549794,149345292,149345641,EH38E3669681,EH38E3669475,149549000,149550000,149345000,149346000,2,-1
9341,chr5,149551769,149551981,149345292,149345641,EH38E2420055,EH38E3669475,149551000,149552000,149345000,149346000,7,-1
9342,chr5,149561824,149562164,149345292,149345641,EH38E2420062,EH38E3669475,149562000,149563000,149345000,149346000,6,-1
9343,chr5,150000941,150001286,149345292,149345641,EH38E3670047,EH38E3669475,150001000,150002000,149345000,149346000,1,-1
9344,chr5,150138722,150139069,149345292,149345641,EH38E3670187,EH38E3669475,150138000,150139000,149345000,149346000,1,-1
9345,chr5,150498003,150498249,149345292,149345641,EH38E3670564,EH38E3669475,150498000,150499000,149345000,149346000,1,-1
9346,chr5,150498479,150498826,149345292,149345641,EH38E3670565,EH38E3669475,150498000,150499000,149345000,149346000,1,-1
9347,chr5,150778951,150779120,149345292,149345641,EH38E3670865,EH38E3669475,150779000,150780000,149345000,149346000,1,-1
9348,chr5,147561040,147561349,149357728,149358076,EH38E2418621,EH38E3669484,147561000,147562000,149357000,149358000,1,-1
9349,chr5,147869117,147869450,149357728,149358076,EH38E2418823,EH38E3669484,147869000,147870000,149357000,149358000,1,-1
9350,chr5,149345725,149345897,149357728,149358076,EH38E2419810,EH38E3669484,149345000,149346000,149357000,149358000,20,-1
9351,chr5,149551769,149551981,149357728,149358076,EH38E2420055,EH38E3669484,149551000,149552000,149357000,149358000,5,-1
9352,chr5,147874482,147874706,149357728,149358076,EH38E2418825,EH38E3669484,147874000,147875000,149358000,149359000,1,-1
9353,chr5,149423021,149423260,149357728,149358076,EH38E3669571,EH38E3669484,149423000,149424000,149358000,149359000,5,-1
9354,chr5,149439917,149440266,149357728,149358076,EH38E3669600,EH38E3669484,149439000,149440000,149358000,149359000,3,-1
9355,chr5,149442561,149442856,149357728,149358076,EH38E3669604,EH38E3669484,149442000,149443000,149358000,149359000,5,-1
9356,chr5,149549451,149549794,149357728,149358076,EH38E3669681,EH38E3669484,149549000,149550000,149358000,149359000,1,-1
9357,chr5,149561824,149562164,149357728,149358076,EH38E2420062,EH38E3669484,149562000,149563000,149358000,149359000,3,-1
9358,chr5,150000941,150001286,149357728,149358076,EH38E3670047,EH38E3669484,150001000,150002000,149358000,149359000,3,-1
9359,chr5,150497600,150497948,149357728,149358076,EH38E3670563,EH38E3669484,150497000,150498000,149358000,149359000,1,-1
9360,chr5,150511743,150512091,149357728,149358076,EH38E3670588,EH38E3669484,150511000,150512000,149358000,149359000,1,-1
9361,chr5,148914109,148914457,149551374,149551724,EH38E2419404,EH38E2420054,148914000,148915000,149551000,149552000,1,-1
9362,chr5,149345725,149345897,149551374,149551724,EH38E2419810,EH38E2420054,149345000,149346000,149551000,149552000,7,-1
9363,chr5,149423021,149423260,149551374,149551724,EH38E3669571,EH38E2420054,149423000,149424000,149551000,149552000,3,-1
9364,chr5,149439917,149440266,149551374,149551724,EH38E3669600,EH38E2420054,149439000,149440000,149551000,149552000,3,-1
9365,chr5,149442561,149442856,149551374,149551724,EH38E3669604,EH38E2420054,149442000,149443000,149551000,149552000,10,-1
9366,chr5,149549451,149549794,149551374,149551724,EH38E3669681,EH38E2420054,149549000,149550000,149551000,149552000,114,-1
9367,chr5,149551769,149551981,149551374,149551724,EH38E2420055,EH38E2420054,149551000,149552000,149551000,149552000,389,-1
9368,chr5,149561824,149562164,149551374,149551724,EH38E2420062,EH38E2420054,149561000,149562000,149551000,149552000,8,-1
9369,chr5,150000941,150001286,149551374,149551724,EH38E3670047,EH38E2420054,150000000,150001000,149551000,149552000,1,-1
9370,chr5,150449928,150450184,149551374,149551724,EH38E3670505,EH38E2420054,150449000,150450000,149551000,149552000,1,-1
9371,chr5,150498003,150498249,149551374,149551724,EH38E3670564,EH38E2420054,150498000,150499000,149551000,149552000,1,-1
9372,chr5,150498479,150498826,149551374,149551724,EH38E3670565,EH38E2420054,150498000,150499000,149551000,149552000,1,-1
9373,chr5,148912848,148913016,149581187,149581506,EH38E3669205,EH38E3669699,148913000,148914000,149581000,149582000,1,-1
9374,chr5,148913065,148913414,149581187,149581506,EH38E3669206,EH38E3669699,148913000,148914000,149581000,149582000,1,-1
9375,chr5,149345725,149345897,149581187,149581506,EH38E2419810,EH38E3669699,149345000,149346000,149581000,149582000,5,-1
9376,chr5,149423021,149423260,149581187,149581506,EH38E3669571,EH38E3669699,149423000,149424000,149581000,149582000,5,-1
9377,chr5,149439917,149440266,149581187,149581506,EH38E3669600,EH38E3669699,149439000,149440000,149581000,149582000,1,-1
9378,chr5,149442561,149442856,149581187,149581506,EH38E3669604,EH38E3669699,149442000,149443000,149581000,149582000,7,-1
9379,chr5,149549451,149549794,149581187,149581506,EH38E3669681,EH38E3669699,149549000,149550000,149581000,149582000,1,-1
9380,chr5,149551769,149551981,149581187,149581506,EH38E2420055,EH38E3669699,149551000,149552000,149581000,149582000,5,-1
9381,chr5,149561824,149562164,149581187,149581506,EH38E2420062,EH38E3669699,149561000,149562000,149581000,149582000,3,-1
9382,chr5,150000941,150001286,149581187,149581506,EH38E3670047,EH38E3669699,150000000,150001000,149581000,149582000,1,-1
9383,chr5,150410479,150410828,149581187,149581506,EH38E2420962,EH38E3669699,150410000,150411000,149581000,149582000,1,-1
9384,chr5,150442062,150442393,149581187,149581506,EH38E2420994,EH38E3669699,150442000,150443000,149581000,149582000,1,-1
9385,chr5,150672705,150672900,149581187,149581506,EH38E3670813,EH38E3669699,150672000,150673000,149581000,149582000,1,-1
9386,chr5,151496124,151496463,149581187,149581506,EH38E2421896,EH38E3669699,151496000,151497000,149581000,149582000,1,-1
9387,chr5,151740005,151740349,149581187,149581506,EH38E3671530,EH38E3669699,151740000,151741000,149581000,149582000,1,-1
9388,chr5,151740351,151740553,149581187,149581506,EH38E3671531,EH38E3669699,151740000,151741000,149581000,149582000,1,-1
9389,chr5,151740667,151740829,149581187,149581506,EH38E2422109,EH38E3669699,151740000,151741000,149581000,149582000,1,-1
9390,chr5,148912848,148913016,149730105,149730419,EH38E3669205,EH38E3669809,148912000,148913000,149730000,149731000,1,-1
9391,chr5,148913065,148913414,149730105,149730419,EH38E3669206,EH38E3669809,148913000,148914000,149730000,149731000,1,-1
9392,chr5,149345725,149345897,149730105,149730419,EH38E2419810,EH38E3669809,149345000,149346000,149730000,149731000,1,-1
9393,chr5,149439917,149440266,149730105,149730419,EH38E3669600,EH38E3669809,149440000,149441000,149730000,149731000,1,-1
9394,chr5,149442561,149442856,149730105,149730419,EH38E3669604,EH38E3669809,149442000,149443000,149730000,149731000,1,-1
9395,chr5,149551769,149551981,149730105,149730419,EH38E2420055,EH38E3669809,149551000,149552000,149730000,149731000,2,-1
9396,chr5,150000941,150001286,149730105,149730419,EH38E3670047,EH38E3669809,150000000,150001000,149730000,149731000,1,-1
9397,chr5,150138722,150139069,149730105,149730419,EH38E3670187,EH38E3669809,150138000,150139000,149730000,149731000,1,-1
9398,chr5,150449928,150450184,149730105,149730419,EH38E3670505,EH38E3669809,150449000,150450000,149730000,149731000,1,-1
9399,chr5,150485408,150485558,149730105,149730419,EH38E3670546,EH38E3669809,150485000,150486000,149730000,149731000,1,-1
9400,chr5,150778951,150779120,149730105,149730419,EH38E3670865,EH38E3669809,150779000,150780000,149730000,149731000,2,-1
9401,chr5,151685069,151685390,149730105,149730419,EH38E3671485,EH38E3669809,151685000,151686000,149730000,149731000,2,-1
9402,chr5,149345725,149345897,149960553,149960903,EH38E2419810,EH38E2420467,149345000,149346000,149960000,149961000,1,-1
9403,chr5,149439917,149440266,149960553,149960903,EH38E3669600,EH38E2420467,149440000,149441000,149960000,149961000,2,-1
9404,chr5,149549451,149549794,149960553,149960903,EH38E3669681,EH38E2420467,149549000,149550000,149960000,149961000,1,-1
9405,chr5,149561824,149562164,149960553,149960903,EH38E2420062,EH38E2420467,149562000,149563000,149960000,149961000,1,-1
9406,chr5,150000941,150001286,149960553,149960903,EH38E3670047,EH38E2420467,150000000,150001000,149960000,149961000,4,-1
9407,chr5,150138722,150139069,149960553,149960903,EH38E3670187,EH38E2420467,150139000,150140000,149960000,149961000,1,-1
9408,chr5,150441244,150441495,149960553,149960903,EH38E3670492,EH38E2420467,150441000,150442000,149960000,149961000,1,-1
9409,chr5,150441766,150441917,149960553,149960903,EH38E3670493,EH38E2420467,150441000,150442000,149960000,149961000,1,-1
9410,chr5,150498003,150498249,149960553,149960903,EH38E3670564,EH38E2420467,150498000,150499000,149960000,149961000,1,-1
9411,chr5,150498479,150498826,149960553,149960903,EH38E3670565,EH38E2420467,150498000,150499000,149960000,149961000,1,-1
9412,chr5,151770658,151771008,149960553,149960903,EH38E3671561,EH38E2420467,151771000,151772000,149960000,149961000,1,-1
9413,chr5,151771105,151771325,149960553,149960903,EH38E2422137,EH38E2420467,151771000,151772000,149960000,149961000,1,-1
9414,chr5,149423021,149423260,150000104,150000389,EH38E3669571,EH38E2420498,149423000,149424000,150000000,150001000,1,-1
9415,chr5,149442561,149442856,150000104,150000389,EH38E3669604,EH38E2420498,149442000,149443000,150000000,150001000,1,-1
9416,chr5,149551769,149551981,150000104,150000389,EH38E2420055,EH38E2420498,149551000,149552000,150000000,150001000,1,-1
9417,chr5,150000941,150001286,150000104,150000389,EH38E3670047,EH38E2420498,150000000,150001000,150000000,150001000,343,-1
9418,chr5,150138722,150139069,150000104,150000389,EH38E3670187,EH38E2420498,150138000,150139000,150000000,150001000,6,-1
9419,chr5,150410479,150410828,150000104,150000389,EH38E2420962,EH38E2420498,150410000,150411000,150000000,150001000,1,-1
9420,chr5,150449928,150450184,150000104,150000389,EH38E3670505,EH38E2420498,150449000,150450000,150000000,150001000,1,-1
9421,chr5,150672705,150672900,150000104,150000389,EH38E3670813,EH38E2420498,150672000,150673000,150000000,150001000,2,-1
9422,chr5,151685069,151685390,150000104,150000389,EH38E3671485,EH38E2420498,151685000,151686000,150000000,150001000,1,-1
9423,chr5,149423021,149423260,150000399,150000745,EH38E3669571,EH38E2420499,149423000,149424000,150000000,150001000,1,-1
9424,chr5,149442561,149442856,150000399,150000745,EH38E3669604,EH38E2420499,149442000,149443000,150000000,150001000,1,-1
9425,chr5,149551769,149551981,150000399,150000745,EH38E2420055,EH38E2420499,149551000,149552000,150000000,150001000,1,-1
9426,chr5,150000941,150001286,150000399,150000745,EH38E3670047,EH38E2420499,150000000,150001000,150000000,150001000,343,-1
9427,chr5,150138722,150139069,150000399,150000745,EH38E3670187,EH38E2420499,150138000,150139000,150000000,150001000,6,-1
9428,chr5,150410479,150410828,150000399,150000745,EH38E2420962,EH38E2420499,150410000,150411000,150000000,150001000,1,-1
9429,chr5,150449928,150450184,150000399,150000745,EH38E3670505,EH38E2420499,150449000,150450000,150000000,150001000,1,-1
9430,chr5,150672705,150672900,150000399,150000745,EH38E3670813,EH38E2420499,150672000,150673000,150000000,150001000,2,-1
9431,chr5,151685069,151685390,150000399,150000745,EH38E3671485,EH38E2420499,151685000,151686000,150000000,150001000,1,-1
9432,chr5,150000941,150001286,150155680,150156027,EH38E3670047,EH38E2420667,150000000,150001000,150155000,150156000,3,-1
9433,chr5,150138722,150139069,150155680,150156027,EH38E3670187,EH38E2420667,150138000,150139000,150155000,150156000,30,-1
9434,chr5,150410479,150410828,150155680,150156027,EH38E2420962,EH38E2420667,150410000,150411000,150155000,150156000,3,-1
9435,chr5,150442062,150442393,150155680,150156027,EH38E2420994,EH38E2420667,150442000,150443000,150155000,150156000,3,-1
9436,chr5,150511743,150512091,150155680,150156027,EH38E3670588,EH38E2420667,150512000,150513000,150155000,150156000,3,-1
9437,chr5,150656264,150656557,150155680,150156027,EH38E3670793,EH38E2420667,150656000,150657000,150155000,150156000,2,-1
9438,chr5,150656565,150656904,150155680,150156027,EH38E3670794,EH38E2420667,150656000,150657000,150155000,150156000,2,-1
9439,chr5,147874482,147874706,150155680,150156027,EH38E2418825,EH38E2420667,147874000,147875000,150156000,150157000,1,-1
9440,chr5,149551769,149551981,150155680,150156027,EH38E2420055,EH38E2420667,149551000,149552000,150156000,150157000,1,-1
9441,chr5,150441244,150441495,150155680,150156027,EH38E3670492,EH38E2420667,150441000,150442000,150156000,150157000,4,-1
9442,chr5,150441766,150441917,150155680,150156027,EH38E3670493,EH38E2420667,150441000,150442000,150156000,150157000,4,-1
9443,chr5,150449928,150450184,150155680,150156027,EH38E3670505,EH38E2420667,150449000,150450000,150156000,150157000,2,-1
9444,chr5,150486565,150486912,150155680,150156027,EH38E2421050,EH38E2420667,150486000,150487000,150156000,150157000,1,-1
9445,chr5,150671614,150671854,150155680,150156027,EH38E3670811,EH38E2420667,150671000,150672000,150156000,150157000,3,-1
9446,chr5,150778951,150779120,150155680,150156027,EH38E3670865,EH38E2420667,150779000,150780000,150156000,150157000,1,-1
9447,chr5,149551769,149551981,150302861,150303207,EH38E2420055,EH38E2420824,149551000,149552000,150302000,150303000,1,-1
9448,chr5,150000941,150001286,150302861,150303207,EH38E3670047,EH38E2420824,150000000,150001000,150302000,150303000,2,-1
9449,chr5,150138722,150139069,150302861,150303207,EH38E3670187,EH38E2420824,150138000,150139000,150302000,150303000,3,-1
9450,chr5,150441244,150441495,150302861,150303207,EH38E3670492,EH38E2420824,150441000,150442000,150302000,150303000,2,-1
9451,chr5,150441766,150441917,150302861,150303207,EH38E3670493,EH38E2420824,150441000,150442000,150302000,150303000,2,-1
9452,chr5,150485408,150485558,150302861,150303207,EH38E3670546,EH38E2420824,150485000,150486000,150302000,150303000,3,-1
9453,chr5,150486565,150486912,150302861,150303207,EH38E2421050,EH38E2420824,150486000,150487000,150302000,150303000,1,-1
9454,chr5,150497600,150497948,150302861,150303207,EH38E3670563,EH38E2420824,150497000,150498000,150302000,150303000,1,-1
9455,chr5,150498003,150498249,150302861,150303207,EH38E3670564,EH38E2420824,150498000,150499000,150302000,150303000,4,-1
9456,chr5,150498479,150498826,150302861,150303207,EH38E3670565,EH38E2420824,150498000,150499000,150302000,150303000,4,-1
9457,chr5,150672705,150672900,150302861,150303207,EH38E3670813,EH38E2420824,150672000,150673000,150302000,150303000,2,-1
9458,chr5,151080550,151080880,150302861,150303207,EH38E3671023,EH38E2420824,151080000,151081000,150302000,150303000,1,-1
9459,chr5,151081308,151081561,150302861,150303207,EH38E2421536,EH38E2420824,151081000,151082000,150302000,150303000,1,-1
9460,chr5,148393320,148393659,150302861,150303207,EH38E2419068,EH38E2420824,148393000,148394000,150303000,150304000,1,-1
9461,chr5,149439917,149440266,150302861,150303207,EH38E3669600,EH38E2420824,149439000,149440000,150303000,150304000,1,-1
9462,chr5,150410479,150410828,150302861,150303207,EH38E2420962,EH38E2420824,150410000,150411000,150303000,150304000,1,-1
9463,chr5,150442062,150442393,150302861,150303207,EH38E2420994,EH38E2420824,150442000,150443000,150303000,150304000,1,-1
9464,chr5,150449928,150450184,150302861,150303207,EH38E3670505,EH38E2420824,150450000,150451000,150303000,150304000,2,-1
9465,chr5,150511743,150512091,150302861,150303207,EH38E3670588,EH38E2420824,150511000,150512000,150303000,150304000,2,-1
9466,chr5,150656264,150656557,150302861,150303207,EH38E3670793,EH38E2420824,150656000,150657000,150303000,150304000,2,-1
9467,chr5,150656565,150656904,150302861,150303207,EH38E3670794,EH38E2420824,150656000,150657000,150303000,150304000,2,-1
9468,chr5,150700499,150700811,150302861,150303207,EH38E3670824,EH38E2420824,150700000,150701000,150303000,150304000,1,-1
9469,chr5,150778951,150779120,150302861,150303207,EH38E3670865,EH38E2420824,150778000,150779000,150303000,150304000,1,-1
9470,chr5,151496124,151496463,150302861,150303207,EH38E2421896,EH38E2420824,151496000,151497000,150303000,150304000,1,-1
9471,chr5,150000941,150001286,150357405,150357754,EH38E3670047,EH38E3670417,150000000,150001000,150357000,150358000,1,-1
9472,chr5,150138722,150139069,150357405,150357754,EH38E3670187,EH38E3670417,150138000,150139000,150357000,150358000,1,-1
9473,chr5,150410479,150410828,150357405,150357754,EH38E2420962,EH38E3670417,150410000,150411000,150357000,150358000,5,-1
9474,chr5,150441244,150441495,150357405,150357754,EH38E3670492,EH38E3670417,150441000,150442000,150357000,150358000,2,-1
9475,chr5,150441766,150441917,150357405,150357754,EH38E3670493,EH38E3670417,150441000,150442000,150357000,150358000,2,-1
9476,chr5,150442062,150442393,150357405,150357754,EH38E2420994,EH38E3670417,150442000,150443000,150357000,150358000,3,-1
9477,chr5,150449928,150450184,150357405,150357754,EH38E3670505,EH38E3670417,150449000,150450000,150357000,150358000,6,-1
9478,chr5,150485408,150485558,150357405,150357754,EH38E3670546,EH38E3670417,150485000,150486000,150357000,150358000,2,-1
9479,chr5,150498003,150498249,150357405,150357754,EH38E3670564,EH38E3670417,150498000,150499000,150357000,150358000,1,-1
9480,chr5,150498479,150498826,150357405,150357754,EH38E3670565,EH38E3670417,150498000,150499000,150357000,150358000,1,-1
9481,chr5,150511743,150512091,150357405,150357754,EH38E3670588,EH38E3670417,150511000,150512000,150357000,150358000,1,-1
9482,chr5,150656264,150656557,150357405,150357754,EH38E3670793,EH38E3670417,150656000,150657000,150357000,150358000,1,-1
9483,chr5,150656565,150656904,150357405,150357754,EH38E3670794,EH38E3670417,150656000,150657000,150357000,150358000,1,-1
9484,chr5,150671614,150671854,150357405,150357754,EH38E3670811,EH38E3670417,150671000,150672000,150357000,150358000,2,-1
9485,chr5,150672705,150672900,150357405,150357754,EH38E3670813,EH38E3670417,150672000,150673000,150357000,150358000,3,-1
9486,chr5,150778951,150779120,150357405,150357754,EH38E3670865,EH38E3670417,150778000,150779000,150357000,150358000,1,-1
9487,chr5,151141567,151141915,150357405,150357754,EH38E3671099,EH38E3670417,151141000,151142000,150357000,150358000,2,-1
9488,chr5,147454203,147454361,150412696,150413045,EH38E2418529,EH38E3670472,147454000,147455000,150412000,150413000,1,-1
9489,chr5,150000941,150001286,150412696,150413045,EH38E3670047,EH38E3670472,150001000,150002000,150412000,150413000,2,-1
9490,chr5,150410479,150410828,150412696,150413045,EH38E2420962,EH38E3670472,150410000,150411000,150412000,150413000,193,-1
9491,chr5,150441244,150441495,150412696,150413045,EH38E3670492,EH38E3670472,150441000,150442000,150412000,150413000,10,-1
9492,chr5,150441766,150441917,150412696,150413045,EH38E3670493,EH38E3670472,150441000,150442000,150412000,150413000,10,-1
9493,chr5,150442062,150442393,150412696,150413045,EH38E2420994,EH38E3670472,150442000,150443000,150412000,150413000,7,-1
9494,chr5,150449928,150450184,150412696,150413045,EH38E3670505,EH38E3670472,150449000,150450000,150412000,150413000,12,-1
9495,chr5,150485408,150485558,150412696,150413045,EH38E3670546,EH38E3670472,150485000,150486000,150412000,150413000,2,-1
9496,chr5,150486565,150486912,150412696,150413045,EH38E2421050,EH38E3670472,150486000,150487000,150412000,150413000,2,-1
9497,chr5,150497600,150497948,150412696,150413045,EH38E3670563,EH38E3670472,150497000,150498000,150412000,150413000,2,-1
9498,chr5,150498003,150498249,150412696,150413045,EH38E3670564,EH38E3670472,150498000,150499000,150412000,150413000,4,-1
9499,chr5,150498479,150498826,150412696,150413045,EH38E3670565,EH38E3670472,150498000,150499000,150412000,150413000,4,-1
9500,chr5,150671614,150671854,150412696,150413045,EH38E3670811,EH38E3670472,150671000,150672000,150412000,150413000,1,-1
9501,chr5,150672705,150672900,150412696,150413045,EH38E3670813,EH38E3670472,150672000,150673000,150412000,150413000,3,-1
9502,chr5,150905114,150905294,150412696,150413045,EH38E3670897,EH38E3670472,150905000,150906000,150412000,150413000,1,-1
9503,chr5,150138722,150139069,150412696,150413045,EH38E3670187,EH38E3670472,150138000,150139000,150413000,150414000,2,-1
9504,chr5,150511743,150512091,150412696,150413045,EH38E3670588,EH38E3670472,150511000,150512000,150413000,150414000,3,-1
9505,chr5,150656264,150656557,150412696,150413045,EH38E3670793,EH38E3670472,150656000,150657000,150413000,150414000,1,-1
9506,chr5,150656565,150656904,150412696,150413045,EH38E3670794,EH38E3670472,150656000,150657000,150413000,150414000,1,-1
9507,chr5,150700499,150700811,150412696,150413045,EH38E3670824,EH38E3670472,150700000,150701000,150413000,150414000,4,-1
9508,chr5,150778951,150779120,150412696,150413045,EH38E3670865,EH38E3670472,150778000,150779000,150413000,150414000,1,-1
9509,chr5,151080550,151080880,150412696,150413045,EH38E3671023,EH38E3670472,151080000,151081000,150413000,150414000,1,-1
9510,chr5,147561040,147561349,150449437,150449598,EH38E2418621,EH38E3670503,147561000,147562000,150449000,150450000,1,-1
9511,chr5,149551769,149551981,150449437,150449598,EH38E2420055,EH38E3670503,149551000,149552000,150449000,150450000,1,-1
9512,chr5,150000941,150001286,150449437,150449598,EH38E3670047,EH38E3670503,150000000,150001000,150449000,150450000,1,-1
9513,chr5,150138722,150139069,150449437,150449598,EH38E3670187,EH38E3670503,150138000,150139000,150449000,150450000,2,-1
9514,chr5,150410479,150410828,150449437,150449598,EH38E2420962,EH38E3670503,150410000,150411000,150449000,150450000,11,-1
9515,chr5,150441244,150441495,150449437,150449598,EH38E3670492,EH38E3670503,150441000,150442000,150449000,150450000,45,-1
9516,chr5,150441766,150441917,150449437,150449598,EH38E3670493,EH38E3670503,150441000,150442000,150449000,150450000,45,-1
9517,chr5,150442062,150442393,150449437,150449598,EH38E2420994,EH38E3670503,150442000,150443000,150449000,150450000,34,-1
9518,chr5,150449928,150450184,150449437,150449598,EH38E3670505,EH38E3670503,150449000,150450000,150449000,150450000,713,-1
9519,chr5,150485408,150485558,150449437,150449598,EH38E3670546,EH38E3670503,150485000,150486000,150449000,150450000,11,-1
9520,chr5,150486565,150486912,150449437,150449598,EH38E2421050,EH38E3670503,150486000,150487000,150449000,150450000,9,-1
9521,chr5,150498003,150498249,150449437,150449598,EH38E3670564,EH38E3670503,150498000,150499000,150449000,150450000,3,-1
9522,chr5,150498479,150498826,150449437,150449598,EH38E3670565,EH38E3670503,150498000,150499000,150449000,150450000,3,-1
9523,chr5,150511743,150512091,150449437,150449598,EH38E3670588,EH38E3670503,150511000,150512000,150449000,150450000,3,-1
9524,chr5,150656264,150656557,150449437,150449598,EH38E3670793,EH38E3670503,150656000,150657000,150449000,150450000,2,-1
9525,chr5,150656565,150656904,150449437,150449598,EH38E3670794,EH38E3670503,150656000,150657000,150449000,150450000,2,-1
9526,chr5,150671614,150671854,150449437,150449598,EH38E3670811,EH38E3670503,150671000,150672000,150449000,150450000,6,-1
9527,chr5,150672705,150672900,150449437,150449598,EH38E3670813,EH38E3670503,150672000,150673000,150449000,150450000,4,-1
9528,chr5,150700499,150700811,150449437,150449598,EH38E3670824,EH38E3670503,150700000,150701000,150449000,150450000,3,-1
9529,chr5,150778951,150779120,150449437,150449598,EH38E3670865,EH38E3670503,150778000,150779000,150449000,150450000,4,-1
9530,chr5,147561040,147561349,150449618,150449924,EH38E2418621,EH38E3670504,147561000,147562000,150449000,150450000,1,-1
9531,chr5,149551769,149551981,150449618,150449924,EH38E2420055,EH38E3670504,149551000,149552000,150449000,150450000,1,-1
9532,chr5,150000941,150001286,150449618,150449924,EH38E3670047,EH38E3670504,150000000,150001000,150449000,150450000,1,-1
9533,chr5,150138722,150139069,150449618,150449924,EH38E3670187,EH38E3670504,150138000,150139000,150449000,150450000,2,-1
9534,chr5,150410479,150410828,150449618,150449924,EH38E2420962,EH38E3670504,150410000,150411000,150449000,150450000,11,-1
9535,chr5,150441244,150441495,150449618,150449924,EH38E3670492,EH38E3670504,150441000,150442000,150449000,150450000,45,-1
9536,chr5,150441766,150441917,150449618,150449924,EH38E3670493,EH38E3670504,150441000,150442000,150449000,150450000,45,-1
9537,chr5,150442062,150442393,150449618,150449924,EH38E2420994,EH38E3670504,150442000,150443000,150449000,150450000,34,-1
9538,chr5,150449928,150450184,150449618,150449924,EH38E3670505,EH38E3670504,150449000,150450000,150449000,150450000,713,-1
9539,chr5,150485408,150485558,150449618,150449924,EH38E3670546,EH38E3670504,150485000,150486000,150449000,150450000,11,-1
9540,chr5,150486565,150486912,150449618,150449924,EH38E2421050,EH38E3670504,150486000,150487000,150449000,150450000,9,-1
9541,chr5,150498003,150498249,150449618,150449924,EH38E3670564,EH38E3670504,150498000,150499000,150449000,150450000,3,-1
9542,chr5,150498479,150498826,150449618,150449924,EH38E3670565,EH38E3670504,150498000,150499000,150449000,150450000,3,-1
9543,chr5,150511743,150512091,150449618,150449924,EH38E3670588,EH38E3670504,150511000,150512000,150449000,150450000,3,-1
9544,chr5,150656264,150656557,150449618,150449924,EH38E3670793,EH38E3670504,150656000,150657000,150449000,150450000,2,-1
9545,chr5,150656565,150656904,150449618,150449924,EH38E3670794,EH38E3670504,150656000,150657000,150449000,150450000,2,-1
9546,chr5,150671614,150671854,150449618,150449924,EH38E3670811,EH38E3670504,150671000,150672000,150449000,150450000,6,-1
9547,chr5,150672705,150672900,150449618,150449924,EH38E3670813,EH38E3670504,150672000,150673000,150449000,150450000,4,-1
9548,chr5,150700499,150700811,150449618,150449924,EH38E3670824,EH38E3670504,150700000,150701000,150449000,150450000,3,-1
9549,chr5,150778951,150779120,150449618,150449924,EH38E3670865,EH38E3670504,150778000,150779000,150449000,150450000,4,-1
9550,chr5,150138722,150139069,150671999,150672347,EH38E3670187,EH38E2421292,150138000,150139000,150671000,150672000,1,-1
9551,chr5,150442062,150442393,150671999,150672347,EH38E2420994,EH38E2421292,150442000,150443000,150671000,150672000,6,-1
9552,chr5,150449928,150450184,150671999,150672347,EH38E3670505,EH38E2421292,150449000,150450000,150671000,150672000,6,-1
9553,chr5,150497600,150497948,150671999,150672347,EH38E3670563,EH38E2421292,150497000,150498000,150671000,150672000,5,-1
9554,chr5,150498003,150498249,150671999,150672347,EH38E3670564,EH38E2421292,150498000,150499000,150671000,150672000,4,-1
9555,chr5,150498479,150498826,150671999,150672347,EH38E3670565,EH38E2421292,150498000,150499000,150671000,150672000,4,-1
9556,chr5,150511743,150512091,150671999,150672347,EH38E3670588,EH38E2421292,150511000,150512000,150671000,150672000,4,-1
9557,chr5,150671614,150671854,150671999,150672347,EH38E3670811,EH38E2421292,150671000,150672000,150671000,150672000,572,-1
9558,chr5,150672705,150672900,150671999,150672347,EH38E3670813,EH38E2421292,150672000,150673000,150671000,150672000,770,-1
9559,chr5,150778951,150779120,150671999,150672347,EH38E3670865,EH38E2421292,150778000,150779000,150671000,150672000,6,-1
9560,chr5,151080550,151080880,150671999,150672347,EH38E3671023,EH38E2421292,151080000,151081000,150671000,150672000,3,-1
9561,chr5,151770658,151771008,150671999,150672347,EH38E3671561,EH38E2421292,151771000,151772000,150671000,150672000,1,-1
9562,chr5,151771105,151771325,150671999,150672347,EH38E2422137,EH38E2421292,151771000,151772000,150671000,150672000,1,-1
9563,chr5,148914109,148914457,150671999,150672347,EH38E2419404,EH38E2421292,148914000,148915000,150672000,150673000,1,-1
9564,chr5,149549451,149549794,150671999,150672347,EH38E3669681,EH38E2421292,149549000,149550000,150672000,150673000,1,-1
9565,chr5,150000941,150001286,150671999,150672347,EH38E3670047,EH38E2421292,150000000,150001000,150672000,150673000,2,-1
9566,chr5,150410479,150410828,150671999,150672347,EH38E2420962,EH38E2421292,150410000,150411000,150672000,150673000,3,-1
9567,chr5,150441244,150441495,150671999,150672347,EH38E3670492,EH38E2421292,150441000,150442000,150672000,150673000,2,-1
9568,chr5,150441766,150441917,150671999,150672347,EH38E3670493,EH38E2421292,150441000,150442000,150672000,150673000,2,-1
9569,chr5,150485408,150485558,150671999,150672347,EH38E3670546,EH38E2421292,150485000,150486000,150672000,150673000,4,-1
9570,chr5,150486565,150486912,150671999,150672347,EH38E2421050,EH38E2421292,150486000,150487000,150672000,150673000,5,-1
9571,chr5,150656264,150656557,150671999,150672347,EH38E3670793,EH38E2421292,150656000,150657000,150672000,150673000,25,-1
9572,chr5,150656565,150656904,150671999,150672347,EH38E3670794,EH38E2421292,150656000,150657000,150672000,150673000,25,-1
9573,chr5,150671614,150671854,150671999,150672347,EH38E3670811,EH38E2421292,150671000,150672000,150672000,150673000,770,-1
9574,chr5,150672705,150672900,150671999,150672347,EH38E3670813,EH38E2421292,150672000,150673000,150672000,150673000,699,-1
9575,chr5,150700499,150700811,150671999,150672347,EH38E3670824,EH38E2421292,150700000,150701000,150672000,150673000,22,-1
9576,chr5,150905114,150905294,150671999,150672347,EH38E3670897,EH38E2421292,150905000,150906000,150672000,150673000,3,-1
9577,chr5,151081308,151081561,150671999,150672347,EH38E2421536,EH38E2421292,151081000,151082000,150672000,150673000,1,-1
9578,chr5,151687011,151687360,150671999,150672347,EH38E3671490,EH38E2421292,151687000,151688000,150672000,150673000,1,-1
9579,chr5,148914109,148914457,150672356,150672629,EH38E2419404,EH38E3670812,148914000,148915000,150672000,150673000,1,-1
9580,chr5,149549451,149549794,150672356,150672629,EH38E3669681,EH38E3670812,149549000,149550000,150672000,150673000,1,-1
9581,chr5,150000941,150001286,150672356,150672629,EH38E3670047,EH38E3670812,150000000,150001000,150672000,150673000,2,-1
9582,chr5,150410479,150410828,150672356,150672629,EH38E2420962,EH38E3670812,150410000,150411000,150672000,150673000,3,-1
9583,chr5,150441244,150441495,150672356,150672629,EH38E3670492,EH38E3670812,150441000,150442000,150672000,150673000,2,-1
9584,chr5,150441766,150441917,150672356,150672629,EH38E3670493,EH38E3670812,150441000,150442000,150672000,150673000,2,-1
9585,chr5,150442062,150442393,150672356,150672629,EH38E2420994,EH38E3670812,150442000,150443000,150672000,150673000,1,-1
9586,chr5,150449928,150450184,150672356,150672629,EH38E3670505,EH38E3670812,150449000,150450000,150672000,150673000,4,-1
9587,chr5,150485408,150485558,150672356,150672629,EH38E3670546,EH38E3670812,150485000,150486000,150672000,150673000,4,-1
9588,chr5,150486565,150486912,150672356,150672629,EH38E2421050,EH38E3670812,150486000,150487000,150672000,150673000,5,-1
9589,chr5,150498003,150498249,150672356,150672629,EH38E3670564,EH38E3670812,150498000,150499000,150672000,150673000,3,-1
9590,chr5,150498479,150498826,150672356,150672629,EH38E3670565,EH38E3670812,150498000,150499000,150672000,150673000,3,-1
9591,chr5,150511743,150512091,150672356,150672629,EH38E3670588,EH38E3670812,150511000,150512000,150672000,150673000,3,-1
9592,chr5,150656264,150656557,150672356,150672629,EH38E3670793,EH38E3670812,150656000,150657000,150672000,150673000,25,-1
9593,chr5,150656565,150656904,150672356,150672629,EH38E3670794,EH38E3670812,150656000,150657000,150672000,150673000,25,-1
9594,chr5,150671614,150671854,150672356,150672629,EH38E3670811,EH38E3670812,150671000,150672000,150672000,150673000,770,-1
9595,chr5,150672705,150672900,150672356,150672629,EH38E3670813,EH38E3670812,150672000,150673000,150672000,150673000,699,-1
9596,chr5,150700499,150700811,150672356,150672629,EH38E3670824,EH38E3670812,150700000,150701000,150672000,150673000,22,-1
9597,chr5,150778951,150779120,150672356,150672629,EH38E3670865,EH38E3670812,150778000,150779000,150672000,150673000,4,-1
9598,chr5,150905114,150905294,150672356,150672629,EH38E3670897,EH38E3670812,150905000,150906000,150672000,150673000,3,-1
9599,chr5,151080550,151080880,150672356,150672629,EH38E3671023,EH38E3670812,151080000,151081000,150672000,150673000,1,-1
9600,chr5,151081308,151081561,150672356,150672629,EH38E2421536,EH38E3670812,151081000,151082000,150672000,150673000,1,-1
9601,chr5,151687011,151687360,150672356,150672629,EH38E3671490,EH38E3670812,151687000,151688000,150672000,150673000,1,-1
9602,chr5,150000941,150001286,150700904,150701249,EH38E3670047,EH38E3670825,150001000,150002000,150700000,150701000,2,-1
9603,chr5,150441244,150441495,150700904,150701249,EH38E3670492,EH38E3670825,150441000,150442000,150700000,150701000,1,-1
9604,chr5,150441766,150441917,150700904,150701249,EH38E3670493,EH38E3670825,150441000,150442000,150700000,150701000,1,-1
9605,chr5,150449928,150450184,150700904,150701249,EH38E3670505,EH38E3670825,150449000,150450000,150700000,150701000,3,-1
9606,chr5,150485408,150485558,150700904,150701249,EH38E3670546,EH38E3670825,150485000,150486000,150700000,150701000,4,-1
9607,chr5,150497600,150497948,150700904,150701249,EH38E3670563,EH38E3670825,150497000,150498000,150700000,150701000,1,-1
9608,chr5,150498003,150498249,150700904,150701249,EH38E3670564,EH38E3670825,150498000,150499000,150700000,150701000,5,-1
9609,chr5,150498479,150498826,150700904,150701249,EH38E3670565,EH38E3670825,150498000,150499000,150700000,150701000,5,-1
9610,chr5,150656264,150656557,150700904,150701249,EH38E3670793,EH38E3670825,150656000,150657000,150700000,150701000,5,-1
9611,chr5,150656565,150656904,150700904,150701249,EH38E3670794,EH38E3670825,150656000,150657000,150700000,150701000,5,-1
9612,chr5,150671614,150671854,150700904,150701249,EH38E3670811,EH38E3670825,150671000,150672000,150700000,150701000,11,-1
9613,chr5,150672705,150672900,150700904,150701249,EH38E3670813,EH38E3670825,150672000,150673000,150700000,150701000,22,-1
9614,chr5,150700499,150700811,150700904,150701249,EH38E3670824,EH38E3670825,150700000,150701000,150700000,150701000,580,-1
9615,chr5,151081308,151081561,150700904,150701249,EH38E2421536,EH38E3670825,151081000,151082000,150700000,150701000,1,-1
9616,chr5,150442062,150442393,150700904,150701249,EH38E2420994,EH38E3670825,150442000,150443000,150701000,150702000,2,-1
9617,chr5,150511743,150512091,150700904,150701249,EH38E3670588,EH38E3670825,150511000,150512000,150701000,150702000,2,-1
9618,chr5,150778951,150779120,150700904,150701249,EH38E3670865,EH38E3670825,150778000,150779000,150701000,150702000,10,-1
9619,chr5,150000941,150001286,150758338,150758496,EH38E3670047,EH38E3670849,150001000,150002000,150758000,150759000,1,-1
9620,chr5,150410479,150410828,150758338,150758496,EH38E2420962,EH38E3670849,150410000,150411000,150758000,150759000,1,-1
9621,chr5,150442062,150442393,150758338,150758496,EH38E2420994,EH38E3670849,150442000,150443000,150758000,150759000,2,-1
9622,chr5,150449928,150450184,150758338,150758496,EH38E3670505,EH38E3670849,150449000,150450000,150758000,150759000,3,-1
9623,chr5,150485408,150485558,150758338,150758496,EH38E3670546,EH38E3670849,150485000,150486000,150758000,150759000,1,-1
9624,chr5,150486565,150486912,150758338,150758496,EH38E2421050,EH38E3670849,150486000,150487000,150758000,150759000,2,-1
9625,chr5,150497600,150497948,150758338,150758496,EH38E3670563,EH38E3670849,150497000,150498000,150758000,150759000,2,-1
9626,chr5,150498003,150498249,150758338,150758496,EH38E3670564,EH38E3670849,150498000,150499000,150758000,150759000,1,-1
9627,chr5,150498479,150498826,150758338,150758496,EH38E3670565,EH38E3670849,150498000,150499000,150758000,150759000,1,-1
9628,chr5,150511743,150512091,150758338,150758496,EH38E3670588,EH38E3670849,150512000,150513000,150758000,150759000,1,-1
9629,chr5,150656264,150656557,150758338,150758496,EH38E3670793,EH38E3670849,150656000,150657000,150758000,150759000,1,-1
9630,chr5,150656565,150656904,150758338,150758496,EH38E3670794,EH38E3670849,150656000,150657000,150758000,150759000,1,-1
9631,chr5,150671614,150671854,150758338,150758496,EH38E3670811,EH38E3670849,150671000,150672000,150758000,150759000,5,-1
9632,chr5,150672705,150672900,150758338,150758496,EH38E3670813,EH38E3670849,150672000,150673000,150758000,150759000,6,-1
9633,chr5,150700499,150700811,150758338,150758496,EH38E3670824,EH38E3670849,150700000,150701000,150758000,150759000,10,-1
9634,chr5,150778951,150779120,150758338,150758496,EH38E3670865,EH38E3670849,150778000,150779000,150758000,150759000,20,-1
9635,chr5,150905114,150905294,150758338,150758496,EH38E3670897,EH38E3670849,150905000,150906000,150758000,150759000,2,-1
9636,chr5,151080550,151080880,150758338,150758496,EH38E3671023,EH38E3670849,151080000,151081000,150758000,150759000,1,-1
9637,chr5,151081308,151081561,150758338,150758496,EH38E2421536,EH38E3670849,151081000,151082000,150758000,150759000,1,-1
9638,chr5,151770658,151771008,150758338,150758496,EH38E3671561,EH38E3670849,151770000,151771000,150758000,150759000,1,-1
9639,chr5,150000941,150001286,150758521,150758870,EH38E3670047,EH38E3670850,150001000,150002000,150758000,150759000,1,-1
9640,chr5,150410479,150410828,150758521,150758870,EH38E2420962,EH38E3670850,150410000,150411000,150758000,150759000,1,-1
9641,chr5,150442062,150442393,150758521,150758870,EH38E2420994,EH38E3670850,150442000,150443000,150758000,150759000,2,-1
9642,chr5,150449928,150450184,150758521,150758870,EH38E3670505,EH38E3670850,150449000,150450000,150758000,150759000,3,-1
9643,chr5,150485408,150485558,150758521,150758870,EH38E3670546,EH38E3670850,150485000,150486000,150758000,150759000,1,-1
9644,chr5,150486565,150486912,150758521,150758870,EH38E2421050,EH38E3670850,150486000,150487000,150758000,150759000,2,-1
9645,chr5,150497600,150497948,150758521,150758870,EH38E3670563,EH38E3670850,150497000,150498000,150758000,150759000,2,-1
9646,chr5,150498003,150498249,150758521,150758870,EH38E3670564,EH38E3670850,150498000,150499000,150758000,150759000,1,-1
9647,chr5,150498479,150498826,150758521,150758870,EH38E3670565,EH38E3670850,150498000,150499000,150758000,150759000,1,-1
9648,chr5,150511743,150512091,150758521,150758870,EH38E3670588,EH38E3670850,150512000,150513000,150758000,150759000,1,-1
9649,chr5,150656264,150656557,150758521,150758870,EH38E3670793,EH38E3670850,150656000,150657000,150758000,150759000,1,-1
9650,chr5,150656565,150656904,150758521,150758870,EH38E3670794,EH38E3670850,150656000,150657000,150758000,150759000,1,-1
9651,chr5,150671614,150671854,150758521,150758870,EH38E3670811,EH38E3670850,150671000,150672000,150758000,150759000,5,-1
9652,chr5,150672705,150672900,150758521,150758870,EH38E3670813,EH38E3670850,150672000,150673000,150758000,150759000,6,-1
9653,chr5,150700499,150700811,150758521,150758870,EH38E3670824,EH38E3670850,150700000,150701000,150758000,150759000,10,-1
9654,chr5,150778951,150779120,150758521,150758870,EH38E3670865,EH38E3670850,150778000,150779000,150758000,150759000,20,-1
9655,chr5,150905114,150905294,150758521,150758870,EH38E3670897,EH38E3670850,150905000,150906000,150758000,150759000,2,-1
9656,chr5,151080550,151080880,150758521,150758870,EH38E3671023,EH38E3670850,151080000,151081000,150758000,150759000,1,-1
9657,chr5,151081308,151081561,150758521,150758870,EH38E2421536,EH38E3670850,151081000,151082000,150758000,150759000,1,-1
9658,chr5,151770658,151771008,150758521,150758870,EH38E3671561,EH38E3670850,151770000,151771000,150758000,150759000,1,-1
9659,chr5,150000941,150001286,150758877,150759227,EH38E3670047,EH38E3670851,150001000,150002000,150758000,150759000,1,-1
9660,chr5,150410479,150410828,150758877,150759227,EH38E2420962,EH38E3670851,150410000,150411000,150758000,150759000,1,-1
9661,chr5,150442062,150442393,150758877,150759227,EH38E2420994,EH38E3670851,150442000,150443000,150758000,150759000,2,-1
9662,chr5,150449928,150450184,150758877,150759227,EH38E3670505,EH38E3670851,150449000,150450000,150758000,150759000,3,-1
9663,chr5,150485408,150485558,150758877,150759227,EH38E3670546,EH38E3670851,150485000,150486000,150758000,150759000,1,-1
9664,chr5,150486565,150486912,150758877,150759227,EH38E2421050,EH38E3670851,150486000,150487000,150758000,150759000,2,-1
9665,chr5,150497600,150497948,150758877,150759227,EH38E3670563,EH38E3670851,150497000,150498000,150758000,150759000,2,-1
9666,chr5,150498003,150498249,150758877,150759227,EH38E3670564,EH38E3670851,150498000,150499000,150758000,150759000,1,-1
9667,chr5,150498479,150498826,150758877,150759227,EH38E3670565,EH38E3670851,150498000,150499000,150758000,150759000,1,-1
9668,chr5,150671614,150671854,150758877,150759227,EH38E3670811,EH38E3670851,150671000,150672000,150758000,150759000,5,-1
9669,chr5,150672705,150672900,150758877,150759227,EH38E3670813,EH38E3670851,150672000,150673000,150758000,150759000,6,-1
9670,chr5,150700499,150700811,150758877,150759227,EH38E3670824,EH38E3670851,150700000,150701000,150758000,150759000,10,-1
9671,chr5,150778951,150779120,150758877,150759227,EH38E3670865,EH38E3670851,150778000,150779000,150758000,150759000,20,-1
9672,chr5,150905114,150905294,150758877,150759227,EH38E3670897,EH38E3670851,150905000,150906000,150758000,150759000,2,-1
9673,chr5,151080550,151080880,150758877,150759227,EH38E3671023,EH38E3670851,151080000,151081000,150758000,150759000,1,-1
9674,chr5,151081308,151081561,150758877,150759227,EH38E2421536,EH38E3670851,151081000,151082000,150758000,150759000,1,-1
9675,chr5,151770658,151771008,150758877,150759227,EH38E3671561,EH38E3670851,151770000,151771000,150758000,150759000,1,-1
9676,chr5,147875142,147875322,150758877,150759227,EH38E2418827,EH38E3670851,147875000,147876000,150759000,150760000,1,-1
9677,chr5,148912848,148913016,150758877,150759227,EH38E3669205,EH38E3670851,148912000,148913000,150759000,150760000,1,-1
9678,chr5,150138722,150139069,150758877,150759227,EH38E3670187,EH38E3670851,150138000,150139000,150759000,150760000,1,-1
9679,chr5,150511743,150512091,150758877,150759227,EH38E3670588,EH38E3670851,150511000,150512000,150759000,150760000,3,-1
9680,chr5,150656264,150656557,150758877,150759227,EH38E3670793,EH38E3670851,150656000,150657000,150759000,150760000,4,-1
9681,chr5,150656565,150656904,150758877,150759227,EH38E3670794,EH38E3670851,150656000,150657000,150759000,150760000,4,-1
9682,chr5,151388080,151388423,150758877,150759227,EH38E2421828,EH38E3670851,151388000,151389000,150759000,150760000,1,-1
9683,chr5,151687011,151687360,150758877,150759227,EH38E3671490,EH38E3670851,151687000,151688000,150759000,150760000,1,-1
9684,chr5,150000941,150001286,150778567,150778907,EH38E3670047,EH38E3670864,150001000,150002000,150778000,150779000,1,-1
9685,chr5,150138722,150139069,150778567,150778907,EH38E3670187,EH38E3670864,150139000,150140000,150778000,150779000,1,-1
9686,chr5,150441244,150441495,150778567,150778907,EH38E3670492,EH38E3670864,150441000,150442000,150778000,150779000,3,-1
9687,chr5,150441766,150441917,150778567,150778907,EH38E3670493,EH38E3670864,150441000,150442000,150778000,150779000,3,-1
9688,chr5,150449928,150450184,150778567,150778907,EH38E3670505,EH38E3670864,150449000,150450000,150778000,150779000,4,-1
9689,chr5,150485408,150485558,150778567,150778907,EH38E3670546,EH38E3670864,150485000,150486000,150778000,150779000,1,-1
9690,chr5,150486565,150486912,150778567,150778907,EH38E2421050,EH38E3670864,150486000,150487000,150778000,150779000,2,-1
9691,chr5,150498003,150498249,150778567,150778907,EH38E3670564,EH38E3670864,150498000,150499000,150778000,150779000,2,-1
9692,chr5,150498479,150498826,150778567,150778907,EH38E3670565,EH38E3670864,150498000,150499000,150778000,150779000,2,-1
9693,chr5,150511743,150512091,150778567,150778907,EH38E3670588,EH38E3670864,150511000,150512000,150778000,150779000,1,-1
9694,chr5,150656264,150656557,150778567,150778907,EH38E3670793,EH38E3670864,150656000,150657000,150778000,150779000,4,-1
9695,chr5,150656565,150656904,150778567,150778907,EH38E3670794,EH38E3670864,150656000,150657000,150778000,150779000,4,-1
9696,chr5,150671614,150671854,150778567,150778907,EH38E3670811,EH38E3670864,150671000,150672000,150778000,150779000,6,-1
9697,chr5,150672705,150672900,150778567,150778907,EH38E3670813,EH38E3670864,150672000,150673000,150778000,150779000,4,-1
9698,chr5,150700499,150700811,150778567,150778907,EH38E3670824,EH38E3670864,150700000,150701000,150778000,150779000,7,-1
9699,chr5,150778951,150779120,150778567,150778907,EH38E3670865,EH38E3670864,150778000,150779000,150778000,150779000,514,-1
9700,chr5,150905114,150905294,150778567,150778907,EH38E3670897,EH38E3670864,150905000,150906000,150778000,150779000,2,-1
9701,chr5,151080550,151080880,150778567,150778907,EH38E3671023,EH38E3670864,151080000,151081000,150778000,150779000,2,-1
9702,chr5,151081308,151081561,150778567,150778907,EH38E2421536,EH38E3670864,151081000,151082000,150778000,150779000,2,-1
9703,chr5,151141567,151141915,150778567,150778907,EH38E3671099,EH38E3670864,151141000,151142000,150778000,150779000,1,-1
9704,chr5,151740005,151740349,150778567,150778907,EH38E3671530,EH38E3670864,151740000,151741000,150778000,150779000,1,-1
9705,chr5,151740351,151740553,150778567,150778907,EH38E3671531,EH38E3670864,151740000,151741000,150778000,150779000,1,-1
9706,chr5,151740667,151740829,150778567,150778907,EH38E2422109,EH38E3670864,151740000,151741000,150778000,150779000,1,-1
9707,chr5,150441244,150441495,150904632,150904788,EH38E3670492,EH38E3670896,150441000,150442000,150904000,150905000,1,-1
9708,chr5,150441766,150441917,150904632,150904788,EH38E3670493,EH38E3670896,150441000,150442000,150904000,150905000,1,-1
9709,chr5,150449928,150450184,150904632,150904788,EH38E3670505,EH38E3670896,150449000,150450000,150904000,150905000,1,-1
9710,chr5,150486565,150486912,150904632,150904788,EH38E2421050,EH38E3670896,150486000,150487000,150904000,150905000,1,-1
9711,chr5,150511743,150512091,150904632,150904788,EH38E3670588,EH38E3670896,150511000,150512000,150904000,150905000,1,-1
9712,chr5,150671614,150671854,150904632,150904788,EH38E3670811,EH38E3670896,150671000,150672000,150904000,150905000,1,-1
9713,chr5,150672705,150672900,150904632,150904788,EH38E3670813,EH38E3670896,150672000,150673000,150904000,150905000,1,-1
9714,chr5,150700499,150700811,150904632,150904788,EH38E3670824,EH38E3670896,150700000,150701000,150904000,150905000,1,-1
9715,chr5,150778951,150779120,150904632,150904788,EH38E3670865,EH38E3670896,150778000,150779000,150904000,150905000,1,-1
9716,chr5,150905114,150905294,150904632,150904788,EH38E3670897,EH38E3670896,150905000,150906000,150904000,150905000,160,-1
9717,chr5,151687011,151687360,150904632,150904788,EH38E3671490,EH38E3670896,151687000,151688000,150904000,150905000,1,-1
9718,chr5,151740005,151740349,150904632,150904788,EH38E3671530,EH38E3670896,151740000,151741000,150904000,150905000,1,-1
9719,chr5,151740351,151740553,150904632,150904788,EH38E3671531,EH38E3670896,151740000,151741000,150904000,150905000,1,-1
9720,chr5,151740667,151740829,150904632,150904788,EH38E2422109,EH38E3670896,151740000,151741000,150904000,150905000,1,-1
9721,chr5,150441244,150441495,150904826,150905111,EH38E3670492,EH38E2421409,150441000,150442000,150904000,150905000,1,-1
9722,chr5,150441766,150441917,150904826,150905111,EH38E3670493,EH38E2421409,150441000,150442000,150904000,150905000,1,-1
9723,chr5,150449928,150450184,150904826,150905111,EH38E3670505,EH38E2421409,150449000,150450000,150904000,150905000,1,-1
9724,chr5,150486565,150486912,150904826,150905111,EH38E2421050,EH38E2421409,150486000,150487000,150904000,150905000,1,-1
9725,chr5,150511743,150512091,150904826,150905111,EH38E3670588,EH38E2421409,150511000,150512000,150904000,150905000,1,-1
9726,chr5,150671614,150671854,150904826,150905111,EH38E3670811,EH38E2421409,150671000,150672000,150904000,150905000,1,-1
9727,chr5,150700499,150700811,150904826,150905111,EH38E3670824,EH38E2421409,150700000,150701000,150904000,150905000,1,-1
9728,chr5,151687011,151687360,150904826,150905111,EH38E3671490,EH38E2421409,151687000,151688000,150904000,150905000,1,-1
9729,chr5,151740005,151740349,150904826,150905111,EH38E3671530,EH38E2421409,151740000,151741000,150904000,150905000,1,-1
9730,chr5,151740351,151740553,150904826,150905111,EH38E3671531,EH38E2421409,151740000,151741000,150904000,150905000,1,-1
9731,chr5,151740667,151740829,150904826,150905111,EH38E2422109,EH38E2421409,151740000,151741000,150904000,150905000,1,-1
9732,chr5,150138722,150139069,150904826,150905111,EH38E3670187,EH38E2421409,150139000,150140000,150905000,150906000,1,-1
9733,chr5,150497600,150497948,150904826,150905111,EH38E3670563,EH38E2421409,150497000,150498000,150905000,150906000,1,-1
9734,chr5,150672705,150672900,150904826,150905111,EH38E3670813,EH38E2421409,150672000,150673000,150905000,150906000,3,-1
9735,chr5,150778951,150779120,150904826,150905111,EH38E3670865,EH38E2421409,150778000,150779000,150905000,150906000,2,-1
9736,chr5,150905114,150905294,150904826,150905111,EH38E3670897,EH38E2421409,150905000,150906000,150905000,150906000,225,-1
9737,chr5,151141567,151141915,150904826,150905111,EH38E3671099,EH38E2421409,151141000,151142000,150905000,150906000,3,-1
9738,chr5,151684742,151684981,150904826,150905111,EH38E2422054,EH38E2421409,151684000,151685000,150905000,150906000,1,-1
9739,chr5,151770658,151771008,150904826,150905111,EH38E3671561,EH38E2421409,151770000,151771000,150905000,150906000,1,-1
9740,chr5,150138722,150139069,151020328,151020677,EH38E3670187,EH38E2421459,150139000,150140000,151020000,151021000,1,-1
9741,chr5,150442062,150442393,151020328,151020677,EH38E2420994,EH38E2421459,150442000,150443000,151020000,151021000,1,-1
9742,chr5,150449928,150450184,151020328,151020677,EH38E3670505,EH38E2421459,150449000,150450000,151020000,151021000,1,-1
9743,chr5,150498003,150498249,151020328,151020677,EH38E3670564,EH38E2421459,150498000,150499000,151020000,151021000,1,-1
9744,chr5,150498479,150498826,151020328,151020677,EH38E3670565,EH38E2421459,150498000,150499000,151020000,151021000,1,-1
9745,chr5,150671614,150671854,151020328,151020677,EH38E3670811,EH38E2421459,150671000,150672000,151020000,151021000,2,-1
9746,chr5,150672705,150672900,151020328,151020677,EH38E3670813,EH38E2421459,150672000,150673000,151020000,151021000,3,-1
9747,chr5,150700499,150700811,151020328,151020677,EH38E3670824,EH38E2421459,150700000,150701000,151020000,151021000,2,-1
9748,chr5,150778951,150779120,151020328,151020677,EH38E3670865,EH38E2421459,150778000,150779000,151020000,151021000,1,-1
9749,chr5,150905114,150905294,151020328,151020677,EH38E3670897,EH38E2421459,150905000,150906000,151020000,151021000,1,-1
9750,chr5,151080550,151080880,151020328,151020677,EH38E3671023,EH38E2421459,151080000,151081000,151020000,151021000,7,-1
9751,chr5,151081308,151081561,151020328,151020677,EH38E2421536,EH38E2421459,151081000,151082000,151020000,151021000,3,-1
9752,chr5,151141567,151141915,151020328,151020677,EH38E3671099,EH38E2421459,151141000,151142000,151020000,151021000,4,-1
9753,chr5,151388080,151388423,151020328,151020677,EH38E2421828,EH38E2421459,151388000,151389000,151020000,151021000,1,-1
9754,chr5,150441244,150441495,151080945,151081294,EH38E3670492,EH38E3671024,150441000,150442000,151080000,151081000,2,-1
9755,chr5,150441766,150441917,151080945,151081294,EH38E3670493,EH38E3671024,150441000,150442000,151080000,151081000,2,-1
9756,chr5,150485408,150485558,151080945,151081294,EH38E3670546,EH38E3671024,150485000,150486000,151080000,151081000,1,-1
9757,chr5,150497600,150497948,151080945,151081294,EH38E3670563,EH38E3671024,150497000,150498000,151080000,151081000,1,-1
9758,chr5,150498003,150498249,151080945,151081294,EH38E3670564,EH38E3671024,150498000,150499000,151080000,151081000,1,-1
9759,chr5,150498479,150498826,151080945,151081294,EH38E3670565,EH38E3671024,150498000,150499000,151080000,151081000,1,-1
9760,chr5,150671614,150671854,151080945,151081294,EH38E3670811,EH38E3671024,150671000,150672000,151080000,151081000,3,-1
9761,chr5,150672705,150672900,151080945,151081294,EH38E3670813,EH38E3671024,150672000,150673000,151080000,151081000,1,-1
9762,chr5,150778951,150779120,151080945,151081294,EH38E3670865,EH38E3671024,150778000,150779000,151080000,151081000,2,-1
9763,chr5,151080550,151080880,151080945,151081294,EH38E3671023,EH38E3671024,151080000,151081000,151080000,151081000,415,-1
9764,chr5,151684742,151684981,151080945,151081294,EH38E2422054,EH38E3671024,151684000,151685000,151080000,151081000,1,-1
9765,chr5,151771105,151771325,151080945,151081294,EH38E2422137,EH38E3671024,151771000,151772000,151080000,151081000,2,-1
9766,chr5,149439917,149440266,151080945,151081294,EH38E3669600,EH38E3671024,149440000,149441000,151081000,151082000,1,-1
9767,chr5,150700499,150700811,151080945,151081294,EH38E3670824,EH38E3671024,150700000,150701000,151081000,151082000,1,-1
9768,chr5,151081308,151081561,151080945,151081294,EH38E2421536,EH38E3671024,151081000,151082000,151081000,151082000,469,-1
9769,chr5,151141567,151141915,151080945,151081294,EH38E3671099,EH38E3671024,151141000,151142000,151081000,151082000,5,-1
9770,chr5,151685069,151685390,151080945,151081294,EH38E3671485,EH38E3671024,151685000,151686000,151081000,151082000,1,-1
9771,chr5,151740005,151740349,151080945,151081294,EH38E3671530,EH38E3671024,151740000,151741000,151081000,151082000,1,-1
9772,chr5,151740351,151740553,151080945,151081294,EH38E3671531,EH38E3671024,151740000,151741000,151081000,151082000,1,-1
9773,chr5,151740667,151740829,151080945,151081294,EH38E2422109,EH38E3671024,151740000,151741000,151081000,151082000,1,-1
9774,chr5,151770658,151771008,151080945,151081294,EH38E3671561,EH38E3671024,151770000,151771000,151081000,151082000,2,-1
9775,chr5,150441244,150441495,151157742,151158048,EH38E3670492,EH38E2421641,150441000,150442000,151157000,151158000,1,-1
9776,chr5,150441766,150441917,151157742,151158048,EH38E3670493,EH38E2421641,150441000,150442000,151157000,151158000,1,-1
9777,chr5,150442062,150442393,151157742,151158048,EH38E2420994,EH38E2421641,150442000,150443000,151157000,151158000,1,-1
9778,chr5,150486565,150486912,151157742,151158048,EH38E2421050,EH38E2421641,150486000,150487000,151157000,151158000,1,-1
9779,chr5,150498003,150498249,151157742,151158048,EH38E3670564,EH38E2421641,150498000,150499000,151157000,151158000,1,-1
9780,chr5,150498479,150498826,151157742,151158048,EH38E3670565,EH38E2421641,150498000,150499000,151157000,151158000,1,-1
9781,chr5,150778951,150779120,151157742,151158048,EH38E3670865,EH38E2421641,150778000,150779000,151157000,151158000,2,-1
9782,chr5,151081308,151081561,151157742,151158048,EH38E2421536,EH38E2421641,151081000,151082000,151157000,151158000,10,-1
9783,chr5,151141567,151141915,151157742,151158048,EH38E3671099,EH38E2421641,151141000,151142000,151157000,151158000,36,-1
9784,chr5,151496124,151496463,151157742,151158048,EH38E2421896,EH38E2421641,151496000,151497000,151157000,151158000,1,-1
9785,chr5,151684742,151684981,151157742,151158048,EH38E2422054,EH38E2421641,151684000,151685000,151157000,151158000,1,-1
9786,chr5,149561824,149562164,151157742,151158048,EH38E2420062,EH38E2421641,149561000,149562000,151158000,151159000,1,-1
9787,chr5,150138722,150139069,151157742,151158048,EH38E3670187,EH38E2421641,150138000,150139000,151158000,151159000,1,-1
9788,chr5,150410479,150410828,151157742,151158048,EH38E2420962,EH38E2421641,150410000,150411000,151158000,151159000,1,-1
9789,chr5,150511743,150512091,151157742,151158048,EH38E3670588,EH38E2421641,150511000,150512000,151158000,151159000,1,-1
9790,chr5,150656264,150656557,151157742,151158048,EH38E3670793,EH38E2421641,150656000,150657000,151158000,151159000,1,-1
9791,chr5,150656565,150656904,151157742,151158048,EH38E3670794,EH38E2421641,150656000,150657000,151158000,151159000,1,-1
9792,chr5,150672705,150672900,151157742,151158048,EH38E3670813,EH38E2421641,150672000,150673000,151158000,151159000,1,-1
9793,chr5,150700499,150700811,151157742,151158048,EH38E3670824,EH38E2421641,150700000,150701000,151158000,151159000,1,-1
9794,chr5,150905114,150905294,151157742,151158048,EH38E3670897,EH38E2421641,150905000,150906000,151158000,151159000,1,-1
9795,chr5,151080550,151080880,151157742,151158048,EH38E3671023,EH38E2421641,151080000,151081000,151158000,151159000,10,-1
9796,chr5,151685069,151685390,151157742,151158048,EH38E3671485,EH38E2421641,151685000,151686000,151158000,151159000,1,-1
9797,chr5,151687011,151687360,151157742,151158048,EH38E3671490,EH38E2421641,151687000,151688000,151158000,151159000,1,-1
9798,chr5,151740005,151740349,151157742,151158048,EH38E3671530,EH38E2421641,151740000,151741000,151158000,151159000,1,-1
9799,chr5,151740351,151740553,151157742,151158048,EH38E3671531,EH38E2421641,151740000,151741000,151158000,151159000,1,-1
9800,chr5,151740667,151740829,151157742,151158048,EH38E2422109,EH38E2421641,151740000,151741000,151158000,151159000,1,-1
9801,chr5,151770658,151771008,151157742,151158048,EH38E3671561,EH38E2421641,151771000,151772000,151158000,151159000,1,-1
9802,chr5,151771105,151771325,151157742,151158048,EH38E2422137,EH38E2421641,151771000,151772000,151158000,151159000,1,-1
9803,chr5,149561824,149562164,151158424,151158652,EH38E2420062,EH38E3671121,149561000,149562000,151158000,151159000,1,-1
9804,chr5,150138722,150139069,151158424,151158652,EH38E3670187,EH38E3671121,150138000,150139000,151158000,151159000,1,-1
9805,chr5,150410479,150410828,151158424,151158652,EH38E2420962,EH38E3671121,150410000,150411000,151158000,151159000,1,-1
9806,chr5,150442062,150442393,151158424,151158652,EH38E2420994,EH38E3671121,150442000,150443000,151158000,151159000,1,-1
9807,chr5,150511743,150512091,151158424,151158652,EH38E3670588,EH38E3671121,150511000,150512000,151158000,151159000,1,-1
9808,chr5,150656264,150656557,151158424,151158652,EH38E3670793,EH38E3671121,150656000,150657000,151158000,151159000,1,-1
9809,chr5,150656565,150656904,151158424,151158652,EH38E3670794,EH38E3671121,150656000,150657000,151158000,151159000,1,-1
9810,chr5,150672705,150672900,151158424,151158652,EH38E3670813,EH38E3671121,150672000,150673000,151158000,151159000,1,-1
9811,chr5,150700499,150700811,151158424,151158652,EH38E3670824,EH38E3671121,150700000,150701000,151158000,151159000,1,-1
9812,chr5,150778951,150779120,151158424,151158652,EH38E3670865,EH38E3671121,150778000,150779000,151158000,151159000,1,-1
9813,chr5,150905114,150905294,151158424,151158652,EH38E3670897,EH38E3671121,150905000,150906000,151158000,151159000,1,-1
9814,chr5,151080550,151080880,151158424,151158652,EH38E3671023,EH38E3671121,151080000,151081000,151158000,151159000,10,-1
9815,chr5,151081308,151081561,151158424,151158652,EH38E2421536,EH38E3671121,151081000,151082000,151158000,151159000,6,-1
9816,chr5,151141567,151141915,151158424,151158652,EH38E3671099,EH38E3671121,151141000,151142000,151158000,151159000,19,-1
9817,chr5,151685069,151685390,151158424,151158652,EH38E3671485,EH38E3671121,151685000,151686000,151158000,151159000,1,-1
9818,chr5,151687011,151687360,151158424,151158652,EH38E3671490,EH38E3671121,151687000,151688000,151158000,151159000,1,-1
9819,chr5,151740005,151740349,151158424,151158652,EH38E3671530,EH38E3671121,151740000,151741000,151158000,151159000,1,-1
9820,chr5,151740351,151740553,151158424,151158652,EH38E3671531,EH38E3671121,151740000,151741000,151158000,151159000,1,-1
9821,chr5,151740667,151740829,151158424,151158652,EH38E2422109,EH38E3671121,151740000,151741000,151158000,151159000,1,-1
9822,chr5,151770658,151771008,151158424,151158652,EH38E3671561,EH38E3671121,151771000,151772000,151158000,151159000,1,-1
9823,chr5,151771105,151771325,151158424,151158652,EH38E2422137,EH38E3671121,151771000,151772000,151158000,151159000,1,-1
9824,chr5,150138722,150139069,151223934,151224281,EH38E3670187,EH38E3671186,150138000,150139000,151223000,151224000,1,-1
9825,chr5,150486565,150486912,151223934,151224281,EH38E2421050,EH38E3671186,150486000,150487000,151223000,151224000,1,-1
9826,chr5,150498003,150498249,151223934,151224281,EH38E3670564,EH38E3671186,150498000,150499000,151223000,151224000,1,-1
9827,chr5,150498479,150498826,151223934,151224281,EH38E3670565,EH38E3671186,150498000,150499000,151223000,151224000,1,-1
9828,chr5,150511743,150512091,151223934,151224281,EH38E3670588,EH38E3671186,150512000,150513000,151223000,151224000,1,-1
9829,chr5,150656264,150656557,151223934,151224281,EH38E3670793,EH38E3671186,150656000,150657000,151223000,151224000,1,-1
9830,chr5,150656565,150656904,151223934,151224281,EH38E3670794,EH38E3671186,150656000,150657000,151223000,151224000,1,-1
9831,chr5,150672705,150672900,151223934,151224281,EH38E3670813,EH38E3671186,150672000,150673000,151223000,151224000,2,-1
9832,chr5,151081308,151081561,151223934,151224281,EH38E2421536,EH38E3671186,151081000,151082000,151223000,151224000,4,-1
9833,chr5,151388080,151388423,151223934,151224281,EH38E2421828,EH38E3671186,151388000,151389000,151223000,151224000,1,-1
9834,chr5,151496124,151496463,151223934,151224281,EH38E2421896,EH38E3671186,151496000,151497000,151223000,151224000,1,-1
9835,chr5,151684742,151684981,151223934,151224281,EH38E2422054,EH38E3671186,151684000,151685000,151223000,151224000,2,-1
9836,chr5,151685069,151685390,151223934,151224281,EH38E3671485,EH38E3671186,151685000,151686000,151223000,151224000,1,-1
9837,chr5,151687011,151687360,151223934,151224281,EH38E3671490,EH38E3671186,151687000,151688000,151223000,151224000,2,-1
9838,chr5,151740005,151740349,151223934,151224281,EH38E3671530,EH38E3671186,151740000,151741000,151223000,151224000,2,-1
9839,chr5,151740351,151740553,151223934,151224281,EH38E3671531,EH38E3671186,151740000,151741000,151223000,151224000,2,-1
9840,chr5,151740667,151740829,151223934,151224281,EH38E2422109,EH38E3671186,151740000,151741000,151223000,151224000,2,-1
9841,chr5,151770658,151771008,151223934,151224281,EH38E3671561,EH38E3671186,151771000,151772000,151223000,151224000,2,-1
9842,chr5,151771105,151771325,151223934,151224281,EH38E2422137,EH38E3671186,151771000,151772000,151223000,151224000,2,-1
9843,chr5,150449928,150450184,151223934,151224281,EH38E3670505,EH38E3671186,150449000,150450000,151224000,151225000,2,-1
9844,chr5,150778951,150779120,151223934,151224281,EH38E3670865,EH38E3671186,150778000,150779000,151224000,151225000,2,-1
9845,chr5,151080550,151080880,151223934,151224281,EH38E3671023,EH38E3671186,151080000,151081000,151224000,151225000,3,-1
9846,chr5,151141567,151141915,151223934,151224281,EH38E3671099,EH38E3671186,151141000,151142000,151224000,151225000,9,-1
9847,chr5,150138722,150139069,151253272,151253493,EH38E3670187,EH38E2421741,150138000,150139000,151253000,151254000,1,-1
9848,chr5,150410479,150410828,151253272,151253493,EH38E2420962,EH38E2421741,150410000,150411000,151253000,151254000,1,-1
9849,chr5,150441244,150441495,151253272,151253493,EH38E3670492,EH38E2421741,150441000,150442000,151253000,151254000,1,-1
9850,chr5,150441766,150441917,151253272,151253493,EH38E3670493,EH38E2421741,150441000,150442000,151253000,151254000,1,-1
9851,chr5,150672705,150672900,151253272,151253493,EH38E3670813,EH38E2421741,150672000,150673000,151253000,151254000,1,-1
9852,chr5,150778951,150779120,151253272,151253493,EH38E3670865,EH38E2421741,150778000,150779000,151253000,151254000,1,-1
9853,chr5,151081308,151081561,151253272,151253493,EH38E2421536,EH38E2421741,151081000,151082000,151253000,151254000,2,-1
9854,chr5,151141567,151141915,151253272,151253493,EH38E3671099,EH38E2421741,151141000,151142000,151253000,151254000,1,-1
9855,chr5,151388080,151388423,151253272,151253493,EH38E2421828,EH38E2421741,151388000,151389000,151253000,151254000,2,-1
9856,chr5,151496124,151496463,151253272,151253493,EH38E2421896,EH38E2421741,151496000,151497000,151253000,151254000,2,-1
9857,chr5,151684742,151684981,151253272,151253493,EH38E2422054,EH38E2421741,151684000,151685000,151253000,151254000,2,-1
9858,chr5,151687011,151687360,151253272,151253493,EH38E3671490,EH38E2421741,151687000,151688000,151253000,151254000,1,-1
9859,chr5,151740005,151740349,151253272,151253493,EH38E3671530,EH38E2421741,151740000,151741000,151253000,151254000,1,-1
9860,chr5,151740351,151740553,151253272,151253493,EH38E3671531,EH38E2421741,151740000,151741000,151253000,151254000,1,-1
9861,chr5,151740667,151740829,151253272,151253493,EH38E2422109,EH38E2421741,151740000,151741000,151253000,151254000,1,-1
9862,chr5,151770658,151771008,151253272,151253493,EH38E3671561,EH38E2421741,151770000,151771000,151253000,151254000,1,-1
9863,chr5,150497600,150497948,151447378,151447727,EH38E3670563,EH38E3671311,150497000,150498000,151447000,151448000,1,-1
9864,chr5,151080550,151080880,151447378,151447727,EH38E3671023,EH38E3671311,151080000,151081000,151447000,151448000,1,-1
9865,chr5,151081308,151081561,151447378,151447727,EH38E2421536,EH38E3671311,151081000,151082000,151447000,151448000,1,-1
9866,chr5,151141567,151141915,151447378,151447727,EH38E3671099,EH38E3671311,151141000,151142000,151447000,151448000,2,-1
9867,chr5,151388080,151388423,151447378,151447727,EH38E2421828,EH38E3671311,151388000,151389000,151447000,151448000,1,-1
9868,chr5,151496124,151496463,151447378,151447727,EH38E2421896,EH38E3671311,151496000,151497000,151447000,151448000,6,-1
9869,chr5,151684742,151684981,151447378,151447727,EH38E2422054,EH38E3671311,151684000,151685000,151447000,151448000,1,-1
9870,chr5,151685069,151685390,151447378,151447727,EH38E3671485,EH38E3671311,151685000,151686000,151447000,151448000,1,-1
9871,chr5,151687011,151687360,151447378,151447727,EH38E3671490,EH38E3671311,151687000,151688000,151447000,151448000,1,-1
9872,chr5,151740005,151740349,151447378,151447727,EH38E3671530,EH38E3671311,151740000,151741000,151447000,151448000,10,-1
9873,chr5,151740351,151740553,151447378,151447727,EH38E3671531,EH38E3671311,151740000,151741000,151447000,151448000,10,-1
9874,chr5,151740667,151740829,151447378,151447727,EH38E2422109,EH38E3671311,151740000,151741000,151447000,151448000,10,-1
9875,chr5,151770658,151771008,151447378,151447727,EH38E3671561,EH38E3671311,151771000,151772000,151447000,151448000,3,-1
9876,chr5,151771105,151771325,151447378,151447727,EH38E2422137,EH38E3671311,151771000,151772000,151447000,151448000,3,-1
9877,chr5,150497600,150497948,151447740,151447904,EH38E3670563,EH38E3671312,150497000,150498000,151447000,151448000,1,-1
9878,chr5,151080550,151080880,151447740,151447904,EH38E3671023,EH38E3671312,151080000,151081000,151447000,151448000,1,-1
9879,chr5,151081308,151081561,151447740,151447904,EH38E2421536,EH38E3671312,151081000,151082000,151447000,151448000,1,-1
9880,chr5,151141567,151141915,151447740,151447904,EH38E3671099,EH38E3671312,151141000,151142000,151447000,151448000,2,-1
9881,chr5,151388080,151388423,151447740,151447904,EH38E2421828,EH38E3671312,151388000,151389000,151447000,151448000,1,-1
9882,chr5,151496124,151496463,151447740,151447904,EH38E2421896,EH38E3671312,151496000,151497000,151447000,151448000,6,-1
9883,chr5,151684742,151684981,151447740,151447904,EH38E2422054,EH38E3671312,151684000,151685000,151447000,151448000,1,-1
9884,chr5,151685069,151685390,151447740,151447904,EH38E3671485,EH38E3671312,151685000,151686000,151447000,151448000,1,-1
9885,chr5,151687011,151687360,151447740,151447904,EH38E3671490,EH38E3671312,151687000,151688000,151447000,151448000,1,-1
9886,chr5,151740005,151740349,151447740,151447904,EH38E3671530,EH38E3671312,151740000,151741000,151447000,151448000,10,-1
9887,chr5,151740351,151740553,151447740,151447904,EH38E3671531,EH38E3671312,151740000,151741000,151447000,151448000,10,-1
9888,chr5,151740667,151740829,151447740,151447904,EH38E2422109,EH38E3671312,151740000,151741000,151447000,151448000,10,-1
9889,chr5,151770658,151771008,151447740,151447904,EH38E3671561,EH38E3671312,151771000,151772000,151447000,151448000,3,-1
9890,chr5,151771105,151771325,151447740,151447904,EH38E2422137,EH38E3671312,151771000,151772000,151447000,151448000,3,-1
9891,chr5,149439917,149440266,151686846,151687005,EH38E3669600,EH38E3671489,149440000,149441000,151686000,151687000,1,-1
9892,chr5,149549451,149549794,151686846,151687005,EH38E3669681,EH38E3671489,149549000,149550000,151686000,151687000,1,-1
9893,chr5,149551769,149551981,151686846,151687005,EH38E2420055,EH38E3671489,149551000,149552000,151686000,151687000,1,-1
9894,chr5,150497600,150497948,151686846,151687005,EH38E3670563,EH38E3671489,150497000,150498000,151686000,151687000,1,-1
9895,chr5,150672705,150672900,151686846,151687005,EH38E3670813,EH38E3671489,150672000,150673000,151686000,151687000,1,-1
9896,chr5,150778951,150779120,151686846,151687005,EH38E3670865,EH38E3671489,150778000,150779000,151686000,151687000,1,-1
9897,chr5,151081308,151081561,151686846,151687005,EH38E2421536,EH38E3671489,151081000,151082000,151686000,151687000,1,-1
9898,chr5,151684742,151684981,151686846,151687005,EH38E2422054,EH38E3671489,151684000,151685000,151686000,151687000,121,-1
9899,chr5,151685069,151685390,151686846,151687005,EH38E3671485,EH38E3671489,151685000,151686000,151686000,151687000,665,-1
9900,chr5,151740005,151740349,151686846,151687005,EH38E3671530,EH38E3671489,151740000,151741000,151686000,151687000,18,-1
9901,chr5,151740351,151740553,151686846,151687005,EH38E3671531,EH38E3671489,151740000,151741000,151686000,151687000,18,-1
9902,chr5,151740667,151740829,151686846,151687005,EH38E2422109,EH38E3671489,151740000,151741000,151686000,151687000,18,-1
9903,chr5,151771105,151771325,151686846,151687005,EH38E2422137,EH38E3671489,151771000,151772000,151686000,151687000,4,-1
9904,chr5,154167465,154167804,151686846,151687005,EH38E2422895,EH38E3671489,154167000,154168000,151686000,151687000,1,-1
9905,chr5,154682526,154682825,151686846,151687005,EH38E3672420,EH38E3671489,154682000,154683000,151686000,151687000,1,-1
9906,chr5,154682827,154683037,151686846,151687005,EH38E3672421,EH38E3671489,154682000,154683000,151686000,151687000,1,-1
9907,chr5,150486565,150486912,151686846,151687005,EH38E2421050,EH38E3671489,150486000,150487000,151687000,151688000,1,-1
9908,chr5,151687011,151687360,151686846,151687005,EH38E3671490,EH38E3671489,151687000,151688000,151687000,151688000,462,-1
9909,chr5,151770658,151771008,151686846,151687005,EH38E3671561,EH38E3671489,151770000,151771000,151687000,151688000,3,-1
9910,chr5,149551769,149551981,151758497,151758847,EH38E2420055,EH38E3671554,149551000,149552000,151758000,151759000,1,-1
9911,chr5,150000941,150001286,151758497,151758847,EH38E3670047,EH38E3671554,150001000,150002000,151758000,151759000,2,-1
9912,chr5,150486565,150486912,151758497,151758847,EH38E2421050,EH38E3671554,150486000,150487000,151758000,151759000,1,-1
9913,chr5,150498003,150498249,151758497,151758847,EH38E3670564,EH38E3671554,150498000,150499000,151758000,151759000,1,-1
9914,chr5,150498479,150498826,151758497,151758847,EH38E3670565,EH38E3671554,150498000,150499000,151758000,151759000,1,-1
9915,chr5,151496124,151496463,151758497,151758847,EH38E2421896,EH38E3671554,151496000,151497000,151758000,151759000,2,-1
9916,chr5,151684742,151684981,151758497,151758847,EH38E2422054,EH38E3671554,151684000,151685000,151758000,151759000,5,-1
9917,chr5,151685069,151685390,151758497,151758847,EH38E3671485,EH38E3671554,151685000,151686000,151758000,151759000,3,-1
9918,chr5,151687011,151687360,151758497,151758847,EH38E3671490,EH38E3671554,151687000,151688000,151758000,151759000,5,-1
9919,chr5,151740005,151740349,151758497,151758847,EH38E3671530,EH38E3671554,151740000,151741000,151758000,151759000,17,-1
9920,chr5,151740351,151740553,151758497,151758847,EH38E3671531,EH38E3671554,151740000,151741000,151758000,151759000,17,-1
9921,chr5,151740667,151740829,151758497,151758847,EH38E2422109,EH38E3671554,151740000,151741000,151758000,151759000,17,-1
9922,chr5,151770658,151771008,151758497,151758847,EH38E3671561,EH38E3671554,151770000,151771000,151758000,151759000,40,-1
9923,chr5,151771105,151771325,151758497,151758847,EH38E2422137,EH38E3671554,151771000,151772000,151758000,151759000,25,-1
9924,chr5,154756760,154756916,151758497,151758847,EH38E3672480,EH38E3671554,154756000,154757000,151758000,151759000,1,-1
9925,chr5,149561824,149562164,151771478,151771667,EH38E2420062,EH38E3671562,149562000,149563000,151771000,151772000,1,-1
9926,chr5,150497600,150497948,151771478,151771667,EH38E3670563,EH38E3671562,150497000,150498000,151771000,151772000,1,-1
9927,chr5,150671614,150671854,151771478,151771667,EH38E3670811,EH38E3671562,150671000,150672000,151771000,151772000,1,-1
9928,chr5,151080550,151080880,151771478,151771667,EH38E3671023,EH38E3671562,151080000,151081000,151771000,151772000,2,-1
9929,chr5,151081308,151081561,151771478,151771667,EH38E2421536,EH38E3671562,151081000,151082000,151771000,151772000,1,-1
9930,chr5,151141567,151141915,151771478,151771667,EH38E3671099,EH38E3671562,151141000,151142000,151771000,151772000,2,-1
9931,chr5,151685069,151685390,151771478,151771667,EH38E3671485,EH38E3671562,151685000,151686000,151771000,151772000,4,-1
9932,chr5,151687011,151687360,151771478,151771667,EH38E3671490,EH38E3671562,151687000,151688000,151771000,151772000,2,-1
9933,chr5,151740005,151740349,151771478,151771667,EH38E3671530,EH38E3671562,151740000,151741000,151771000,151772000,8,-1
9934,chr5,151740351,151740553,151771478,151771667,EH38E3671531,EH38E3671562,151740000,151741000,151771000,151772000,8,-1
9935,chr5,151740667,151740829,151771478,151771667,EH38E2422109,EH38E3671562,151740000,151741000,151771000,151772000,8,-1
9936,chr5,151770658,151771008,151771478,151771667,EH38E3671561,EH38E3671562,151770000,151771000,151771000,151772000,412,-1
9937,chr5,151770658,151771008,151771478,151771667,EH38E3671561,EH38E3671562,151771000,151772000,151771000,151772000,283,-1
9938,chr5,151771105,151771325,151771478,151771667,EH38E2422137,EH38E3671562,151771000,151772000,151771000,151772000,283,-1
9939,chr5,153959575,153959923,151771478,151771667,EH38E3672021,EH38E3671562,153959000,153960000,151771000,151772000,1,-1
9940,chr5,154682526,154682825,151771478,151771667,EH38E3672420,EH38E3671562,154682000,154683000,151771000,151772000,1,-1
9941,chr5,154682827,154683037,151771478,151771667,EH38E3672421,EH38E3671562,154682000,154683000,151771000,151772000,1,-1
9942,chr5,149561824,149562164,151771669,151771937,EH38E2420062,EH38E3671563,149562000,149563000,151771000,151772000,1,-1
9943,chr5,150497600,150497948,151771669,151771937,EH38E3670563,EH38E3671563,150497000,150498000,151771000,151772000,1,-1
9944,chr5,150671614,150671854,151771669,151771937,EH38E3670811,EH38E3671563,150671000,150672000,151771000,151772000,1,-1
9945,chr5,151080550,151080880,151771669,151771937,EH38E3671023,EH38E3671563,151080000,151081000,151771000,151772000,2,-1
9946,chr5,151081308,151081561,151771669,151771937,EH38E2421536,EH38E3671563,151081000,151082000,151771000,151772000,1,-1
9947,chr5,151141567,151141915,151771669,151771937,EH38E3671099,EH38E3671563,151141000,151142000,151771000,151772000,2,-1
9948,chr5,151685069,151685390,151771669,151771937,EH38E3671485,EH38E3671563,151685000,151686000,151771000,151772000,4,-1
9949,chr5,151687011,151687360,151771669,151771937,EH38E3671490,EH38E3671563,151687000,151688000,151771000,151772000,2,-1
9950,chr5,151740005,151740349,151771669,151771937,EH38E3671530,EH38E3671563,151740000,151741000,151771000,151772000,8,-1
9951,chr5,151740351,151740553,151771669,151771937,EH38E3671531,EH38E3671563,151740000,151741000,151771000,151772000,8,-1
9952,chr5,151740667,151740829,151771669,151771937,EH38E2422109,EH38E3671563,151740000,151741000,151771000,151772000,8,-1
9953,chr5,151770658,151771008,151771669,151771937,EH38E3671561,EH38E3671563,151770000,151771000,151771000,151772000,412,-1
9954,chr5,151770658,151771008,151771669,151771937,EH38E3671561,EH38E3671563,151771000,151772000,151771000,151772000,283,-1
9955,chr5,151771105,151771325,151771669,151771937,EH38E2422137,EH38E3671563,151771000,151772000,151771000,151772000,283,-1
9956,chr5,153959575,153959923,151771669,151771937,EH38E3672021,EH38E3671563,153959000,153960000,151771000,151772000,1,-1
9957,chr5,154682526,154682825,151771669,151771937,EH38E3672420,EH38E3671563,154682000,154683000,151771000,151772000,1,-1
9958,chr5,154682827,154683037,151771669,151771937,EH38E3672421,EH38E3671563,154682000,154683000,151771000,151772000,1,-1
9959,chr5,150000941,150001286,151772059,151772335,EH38E3670047,EH38E3671564,150000000,150001000,151772000,151773000,1,-1
9960,chr5,150449928,150450184,151772059,151772335,EH38E3670505,EH38E3671564,150449000,150450000,151772000,151773000,1,-1
9961,chr5,151684742,151684981,151772059,151772335,EH38E2422054,EH38E3671564,151684000,151685000,151772000,151773000,3,-1
9962,chr5,151685069,151685390,151772059,151772335,EH38E3671485,EH38E3671564,151685000,151686000,151772000,151773000,3,-1
9963,chr5,151740005,151740349,151772059,151772335,EH38E3671530,EH38E3671564,151740000,151741000,151772000,151773000,7,-1
9964,chr5,151740351,151740553,151772059,151772335,EH38E3671531,EH38E3671564,151740000,151741000,151772000,151773000,7,-1
9965,chr5,151740667,151740829,151772059,151772335,EH38E2422109,EH38E3671564,151740000,151741000,151772000,151773000,7,-1
9966,chr5,151770658,151771008,151772059,151772335,EH38E3671561,EH38E3671564,151770000,151771000,151772000,151773000,52,-1
9967,chr5,151771105,151771325,151772059,151772335,EH38E2422137,EH38E3671564,151771000,151772000,151772000,151773000,124,-1
9968,chr5,154682827,154683037,151772059,151772335,EH38E3672421,EH38E3671564,154683000,154684000,151772000,151773000,1,-1
9969,chr5,150486565,150486912,151924614,151924909,EH38E2421050,EH38E3671619,150486000,150487000,151924000,151925000,1,-1
9970,chr5,150497600,150497948,151924614,151924909,EH38E3670563,EH38E3671619,150497000,150498000,151924000,151925000,1,-1
9971,chr5,151684742,151684981,151924614,151924909,EH38E2422054,EH38E3671619,151684000,151685000,151924000,151925000,1,-1
9972,chr5,151685069,151685390,151924614,151924909,EH38E3671485,EH38E3671619,151685000,151686000,151924000,151925000,1,-1
9973,chr5,151687011,151687360,151924614,151924909,EH38E3671490,EH38E3671619,151687000,151688000,151924000,151925000,1,-1
9974,chr5,151770658,151771008,151924614,151924909,EH38E3671561,EH38E3671619,151771000,151772000,151924000,151925000,2,-1
9975,chr5,151771105,151771325,151924614,151924909,EH38E2422137,EH38E3671619,151771000,151772000,151924000,151925000,2,-1
9976,chr5,151770658,151771008,153490479,153490829,EH38E3671561,EH38E2422569,151770000,151771000,153490000,153491000,1,-1
9977,chr5,153551646,153551996,153490479,153490829,EH38E2422604,EH38E2422569,153551000,153552000,153490000,153491000,3,-1
9978,chr5,153959575,153959923,153490479,153490829,EH38E3672021,EH38E2422569,153959000,153960000,153490000,153491000,6,-1
9979,chr5,154107720,154108058,153490479,153490829,EH38E2422856,EH38E2422569,154108000,154109000,153490000,153491000,1,-1
9980,chr5,154754952,154755301,153490479,153490829,EH38E3672474,EH38E2422569,154755000,154756000,153490000,153491000,1,-1
9981,chr5,154755302,154755533,153490479,153490829,EH38E3672475,EH38E2422569,154755000,154756000,153490000,153491000,1,-1
9982,chr5,155193066,155193415,153490479,153490829,EH38E2423650,EH38E2422569,155193000,155194000,153490000,153491000,1,-1
9983,chr5,151080550,151080880,154038729,154039076,EH38E3671023,EH38E3672040,151080000,151081000,154038000,154039000,1,-1
9984,chr5,151141567,151141915,154038729,154039076,EH38E3671099,EH38E3672040,151141000,151142000,154038000,154039000,1,-1
9985,chr5,153959575,153959923,154038729,154039076,EH38E3672021,EH38E3672040,153959000,153960000,154038000,154039000,2,-1
9986,chr5,154167465,154167804,154038729,154039076,EH38E2422895,EH38E3672040,154167000,154168000,154038000,154039000,1,-1
9987,chr5,154287118,154287463,154038729,154039076,EH38E3672179,EH38E3672040,154287000,154288000,154038000,154039000,1,-1
9988,chr5,154682827,154683037,154038729,154039076,EH38E3672421,EH38E3672040,154683000,154684000,154038000,154039000,1,-1
9989,chr5,154857721,154858037,154038729,154039076,EH38E3672560,EH38E3672040,154858000,154859000,154038000,154039000,1,-1
9990,chr5,154107720,154108058,154038729,154039076,EH38E2422856,EH38E3672040,154107000,154108000,154039000,154040000,2,-1
9991,chr5,154682526,154682825,154038729,154039076,EH38E3672420,EH38E3672040,154682000,154683000,154039000,154040000,1,-1
9992,chr5,154691481,154691831,154038729,154039076,EH38E3672429,EH38E3672040,154691000,154692000,154039000,154040000,1,-1
9993,chr5,154691895,154692148,154038729,154039076,EH38E3672430,EH38E3672040,154691000,154692000,154039000,154040000,1,-1
9994,chr5,154754952,154755301,154038729,154039076,EH38E3672474,EH38E3672040,154755000,154756000,154039000,154040000,1,-1
9995,chr5,154755302,154755533,154038729,154039076,EH38E3672475,EH38E3672040,154755000,154756000,154039000,154040000,1,-1
9996,chr5,151684742,151684981,154445746,154446096,EH38E2422054,EH38E3672268,151684000,151685000,154445000,154446000,1,-1
9997,chr5,151770658,151771008,154445746,154446096,EH38E3671561,EH38E3672268,151770000,151771000,154445000,154446000,1,-1
9998,chr5,151771105,151771325,154445746,154446096,EH38E2422137,EH38E3672268,151771000,151772000,154445000,154446000,4,-1
9999,chr5,153959575,153959923,154445746,154446096,EH38E3672021,EH38E3672268,153959000,153960000,154445000,154446000,3,-1
10000,chr5,154107720,154108058,154445746,154446096,EH38E2422856,EH38E3672268,154107000,154108000,154445000,154446000,3,-1
10001,chr5,154167465,154167804,154445746,154446096,EH38E2422895,EH38E3672268,154167000,154168000,154445000,154446000,1,-1
10002,chr5,154287118,154287463,154445746,154446096,EH38E3672179,EH38E3672268,154287000,154288000,154445000,154446000,2,-1
10003,chr5,154682526,154682825,154445746,154446096,EH38E3672420,EH38E3672268,154682000,154683000,154445000,154446000,1,-1
10004,chr5,154682827,154683037,154445746,154446096,EH38E3672421,EH38E3672268,154682000,154683000,154445000,154446000,1,-1
10005,chr5,154691481,154691831,154445746,154446096,EH38E3672429,EH38E3672268,154691000,154692000,154445000,154446000,1,-1
10006,chr5,154691895,154692148,154445746,154446096,EH38E3672430,EH38E3672268,154691000,154692000,154445000,154446000,1,-1
10007,chr5,154712402,154712605,154445746,154446096,EH38E3672440,EH38E3672268,154712000,154713000,154445000,154446000,3,-1
10008,chr5,154721604,154721786,154445746,154446096,EH38E3672453,EH38E3672268,154721000,154722000,154445000,154446000,2,-1
10009,chr5,154754952,154755301,154445746,154446096,EH38E3672474,EH38E3672268,154755000,154756000,154445000,154446000,1,-1
10010,chr5,154755302,154755533,154445746,154446096,EH38E3672475,EH38E3672268,154755000,154756000,154445000,154446000,1,-1
10011,chr5,154757322,154757528,154445746,154446096,EH38E2423391,EH38E3672268,154757000,154758000,154445000,154446000,1,-1
10012,chr5,154857239,154857422,154445746,154446096,EH38E3672558,EH38E3672268,154857000,154858000,154445000,154446000,4,-1
10013,chr5,154857436,154857719,154445746,154446096,EH38E3672559,EH38E3672268,154857000,154858000,154445000,154446000,4,-1
10014,chr5,154857721,154858037,154445746,154446096,EH38E3672560,EH38E3672268,154857000,154858000,154445000,154446000,4,-1
10015,chr5,155046693,155046954,154445746,154446096,EH38E2423588,EH38E3672268,155046000,155047000,154445000,154446000,1,-1
10016,chr5,155193066,155193415,154445746,154446096,EH38E2423650,EH38E3672268,155193000,155194000,154445000,154446000,1,-1
10017,chr5,154692195,154692543,154445746,154446096,EH38E2423343,EH38E3672268,154692000,154693000,154446000,154447000,1,-1
10018,chr5,154754735,154754911,154445746,154446096,EH38E3672473,EH38E3672268,154754000,154755000,154446000,154447000,2,-1
10019,chr5,151770658,151771008,154478136,154478486,EH38E3671561,EH38E3672296,151771000,151772000,154478000,154479000,1,-1
10020,chr5,151771105,151771325,154478136,154478486,EH38E2422137,EH38E3672296,151771000,151772000,154478000,154479000,1,-1
10021,chr5,153959575,153959923,154478136,154478486,EH38E3672021,EH38E3672296,153959000,153960000,154478000,154479000,3,-1
10022,chr5,154107720,154108058,154478136,154478486,EH38E2422856,EH38E3672296,154107000,154108000,154478000,154479000,1,-1
10023,chr5,154167465,154167804,154478136,154478486,EH38E2422895,EH38E3672296,154167000,154168000,154478000,154479000,2,-1
10024,chr5,154287118,154287463,154478136,154478486,EH38E3672179,EH38E3672296,154287000,154288000,154478000,154479000,1,-1
10025,chr5,154682526,154682825,154478136,154478486,EH38E3672420,EH38E3672296,154682000,154683000,154478000,154479000,3,-1
10026,chr5,154682827,154683037,154478136,154478486,EH38E3672421,EH38E3672296,154682000,154683000,154478000,154479000,3,-1
10027,chr5,154691481,154691831,154478136,154478486,EH38E3672429,EH38E3672296,154691000,154692000,154478000,154479000,1,-1
10028,chr5,154691895,154692148,154478136,154478486,EH38E3672430,EH38E3672296,154691000,154692000,154478000,154479000,1,-1
10029,chr5,154712402,154712605,154478136,154478486,EH38E3672440,EH38E3672296,154712000,154713000,154478000,154479000,1,-1
10030,chr5,154721604,154721786,154478136,154478486,EH38E3672453,EH38E3672296,154721000,154722000,154478000,154479000,1,-1
10031,chr5,154754735,154754911,154478136,154478486,EH38E3672473,EH38E3672296,154754000,154755000,154478000,154479000,1,-1
10032,chr5,154754952,154755301,154478136,154478486,EH38E3672474,EH38E3672296,154754000,154755000,154478000,154479000,1,-1
10033,chr5,154755302,154755533,154478136,154478486,EH38E3672475,EH38E3672296,154755000,154756000,154478000,154479000,2,-1
10034,chr5,154756760,154756916,154478136,154478486,EH38E3672480,EH38E3672296,154756000,154757000,154478000,154479000,1,-1
10035,chr5,154857721,154858037,154478136,154478486,EH38E3672560,EH38E3672296,154858000,154859000,154478000,154479000,3,-1
10036,chr5,154287118,154287463,154712612,154712935,EH38E3672179,EH38E3672441,154287000,154288000,154712000,154713000,1,-1
10037,chr5,154682526,154682825,154712612,154712935,EH38E3672420,EH38E3672441,154682000,154683000,154712000,154713000,6,-1
10038,chr5,154682827,154683037,154712612,154712935,EH38E3672421,EH38E3672441,154682000,154683000,154712000,154713000,6,-1
10039,chr5,154691481,154691831,154712612,154712935,EH38E3672429,EH38E3672441,154691000,154692000,154712000,154713000,13,-1
10040,chr5,154691895,154692148,154712612,154712935,EH38E3672430,EH38E3672441,154691000,154692000,154712000,154713000,13,-1
10041,chr5,154692195,154692543,154712612,154712935,EH38E2423343,EH38E3672441,154692000,154693000,154712000,154713000,9,-1
10042,chr5,154712402,154712605,154712612,154712935,EH38E3672440,EH38E3672441,154712000,154713000,154712000,154713000,317,-1
10043,chr5,154721604,154721786,154712612,154712935,EH38E3672453,EH38E3672441,154721000,154722000,154712000,154713000,22,-1
10044,chr5,154754735,154754911,154712612,154712935,EH38E3672473,EH38E3672441,154754000,154755000,154712000,154713000,13,-1
10045,chr5,154754952,154755301,154712612,154712935,EH38E3672474,EH38E3672441,154754000,154755000,154712000,154713000,13,-1
10046,chr5,154755302,154755533,154712612,154712935,EH38E3672475,EH38E3672441,154755000,154756000,154712000,154713000,8,-1
10047,chr5,154756760,154756916,154712612,154712935,EH38E3672480,EH38E3672441,154756000,154757000,154712000,154713000,8,-1
10048,chr5,154757322,154757528,154712612,154712935,EH38E2423391,EH38E3672441,154757000,154758000,154712000,154713000,4,-1
10049,chr5,154857239,154857422,154712612,154712935,EH38E3672558,EH38E3672441,154857000,154858000,154712000,154713000,1,-1
10050,chr5,154857436,154857719,154712612,154712935,EH38E3672559,EH38E3672441,154857000,154858000,154712000,154713000,1,-1
10051,chr5,154857721,154858037,154712612,154712935,EH38E3672560,EH38E3672441,154857000,154858000,154712000,154713000,1,-1
10052,chr5,154682526,154682825,154850463,154850813,EH38E3672420,EH38E3672552,154682000,154683000,154850000,154851000,4,-1
10053,chr5,154682827,154683037,154850463,154850813,EH38E3672421,EH38E3672552,154682000,154683000,154850000,154851000,4,-1
10054,chr5,154712402,154712605,154850463,154850813,EH38E3672440,EH38E3672552,154712000,154713000,154850000,154851000,2,-1
10055,chr5,154721604,154721786,154850463,154850813,EH38E3672453,EH38E3672552,154721000,154722000,154850000,154851000,2,-1
10056,chr5,154754735,154754911,154850463,154850813,EH38E3672473,EH38E3672552,154754000,154755000,154850000,154851000,3,-1
10057,chr5,154754952,154755301,154850463,154850813,EH38E3672474,EH38E3672552,154754000,154755000,154850000,154851000,3,-1
10058,chr5,154755302,154755533,154850463,154850813,EH38E3672475,EH38E3672552,154755000,154756000,154850000,154851000,3,-1
10059,chr5,154756760,154756916,154850463,154850813,EH38E3672480,EH38E3672552,154756000,154757000,154850000,154851000,2,-1
10060,chr5,154757322,154757528,154850463,154850813,EH38E2423391,EH38E3672552,154757000,154758000,154850000,154851000,1,-1
10061,chr5,154857239,154857422,154850463,154850813,EH38E3672558,EH38E3672552,154857000,154858000,154850000,154851000,47,-1
10062,chr5,154857436,154857719,154850463,154850813,EH38E3672559,EH38E3672552,154857000,154858000,154850000,154851000,47,-1
10063,chr5,154857721,154858037,154850463,154850813,EH38E3672560,EH38E3672552,154857000,154858000,154850000,154851000,47,-1
10064,chr5,157731547,157731894,154850463,154850813,EH38E3673551,EH38E3672552,157731000,157732000,154850000,154851000,1,-1
10065,chr5,154107720,154108058,154858075,154858279,EH38E2422856,EH38E3672561,154108000,154109000,154858000,154859000,1,-1
10066,chr5,154682526,154682825,154858075,154858279,EH38E3672420,EH38E3672561,154682000,154683000,154858000,154859000,2,-1
10067,chr5,154682827,154683037,154858075,154858279,EH38E3672421,EH38E3672561,154682000,154683000,154858000,154859000,2,-1
10068,chr5,154691481,154691831,154858075,154858279,EH38E3672429,EH38E3672561,154691000,154692000,154858000,154859000,4,-1
10069,chr5,154691895,154692148,154858075,154858279,EH38E3672430,EH38E3672561,154691000,154692000,154858000,154859000,4,-1
10070,chr5,154692195,154692543,154858075,154858279,EH38E2423343,EH38E3672561,154692000,154693000,154858000,154859000,7,-1
10071,chr5,154712402,154712605,154858075,154858279,EH38E3672440,EH38E3672561,154712000,154713000,154858000,154859000,4,-1
10072,chr5,154721604,154721786,154858075,154858279,EH38E3672453,EH38E3672561,154721000,154722000,154858000,154859000,2,-1
10073,chr5,154754735,154754911,154858075,154858279,EH38E3672473,EH38E3672561,154754000,154755000,154858000,154859000,7,-1
10074,chr5,154754952,154755301,154858075,154858279,EH38E3672474,EH38E3672561,154754000,154755000,154858000,154859000,7,-1
10075,chr5,154755302,154755533,154858075,154858279,EH38E3672475,EH38E3672561,154755000,154756000,154858000,154859000,3,-1
10076,chr5,154756760,154756916,154858075,154858279,EH38E3672480,EH38E3672561,154756000,154757000,154858000,154859000,7,-1
10077,chr5,154757322,154757528,154858075,154858279,EH38E2423391,EH38E3672561,154757000,154758000,154858000,154859000,4,-1
10078,chr5,154857239,154857422,154858075,154858279,EH38E3672558,EH38E3672561,154857000,154858000,154858000,154859000,210,-1
10079,chr5,154857436,154857719,154858075,154858279,EH38E3672559,EH38E3672561,154857000,154858000,154858000,154859000,210,-1
10080,chr5,154857721,154858037,154858075,154858279,EH38E3672560,EH38E3672561,154857000,154858000,154858000,154859000,210,-1
10081,chr5,154857721,154858037,154858075,154858279,EH38E3672560,EH38E3672561,154858000,154859000,154858000,154859000,326,-1
10082,chr5,155046693,155046954,154858075,154858279,EH38E2423588,EH38E3672561,155046000,155047000,154858000,154859000,2,-1
10083,chr5,154107720,154108058,154858312,154858660,EH38E2422856,EH38E3672562,154108000,154109000,154858000,154859000,1,-1
10084,chr5,154682526,154682825,154858312,154858660,EH38E3672420,EH38E3672562,154682000,154683000,154858000,154859000,2,-1
10085,chr5,154682827,154683037,154858312,154858660,EH38E3672421,EH38E3672562,154682000,154683000,154858000,154859000,2,-1
10086,chr5,154691481,154691831,154858312,154858660,EH38E3672429,EH38E3672562,154691000,154692000,154858000,154859000,4,-1
10087,chr5,154691895,154692148,154858312,154858660,EH38E3672430,EH38E3672562,154691000,154692000,154858000,154859000,4,-1
10088,chr5,154692195,154692543,154858312,154858660,EH38E2423343,EH38E3672562,154692000,154693000,154858000,154859000,7,-1
10089,chr5,154712402,154712605,154858312,154858660,EH38E3672440,EH38E3672562,154712000,154713000,154858000,154859000,4,-1
10090,chr5,154721604,154721786,154858312,154858660,EH38E3672453,EH38E3672562,154721000,154722000,154858000,154859000,2,-1
10091,chr5,154754735,154754911,154858312,154858660,EH38E3672473,EH38E3672562,154754000,154755000,154858000,154859000,7,-1
10092,chr5,154754952,154755301,154858312,154858660,EH38E3672474,EH38E3672562,154754000,154755000,154858000,154859000,7,-1
10093,chr5,154755302,154755533,154858312,154858660,EH38E3672475,EH38E3672562,154755000,154756000,154858000,154859000,3,-1
10094,chr5,154756760,154756916,154858312,154858660,EH38E3672480,EH38E3672562,154756000,154757000,154858000,154859000,7,-1
10095,chr5,154757322,154757528,154858312,154858660,EH38E2423391,EH38E3672562,154757000,154758000,154858000,154859000,4,-1
10096,chr5,154857239,154857422,154858312,154858660,EH38E3672558,EH38E3672562,154857000,154858000,154858000,154859000,210,-1
10097,chr5,154857436,154857719,154858312,154858660,EH38E3672559,EH38E3672562,154857000,154858000,154858000,154859000,210,-1
10098,chr5,154857721,154858037,154858312,154858660,EH38E3672560,EH38E3672562,154857000,154858000,154858000,154859000,210,-1
10099,chr5,154857721,154858037,154858312,154858660,EH38E3672560,EH38E3672562,154858000,154859000,154858000,154859000,326,-1
10100,chr5,155046693,155046954,154858312,154858660,EH38E2423588,EH38E3672562,155046000,155047000,154858000,154859000,2,-1
10101,chr5,154682526,154682825,154938081,154938431,EH38E3672420,EH38E2423538,154682000,154683000,154938000,154939000,2,-1
10102,chr5,154682827,154683037,154938081,154938431,EH38E3672421,EH38E2423538,154682000,154683000,154938000,154939000,2,-1
10103,chr5,154691481,154691831,154938081,154938431,EH38E3672429,EH38E2423538,154691000,154692000,154938000,154939000,2,-1
10104,chr5,154691895,154692148,154938081,154938431,EH38E3672430,EH38E2423538,154691000,154692000,154938000,154939000,2,-1
10105,chr5,154692195,154692543,154938081,154938431,EH38E2423343,EH38E2423538,154692000,154693000,154938000,154939000,1,-1
10106,chr5,154721604,154721786,154938081,154938431,EH38E3672453,EH38E2423538,154721000,154722000,154938000,154939000,1,-1
10107,chr5,154754735,154754911,154938081,154938431,EH38E3672473,EH38E2423538,154754000,154755000,154938000,154939000,1,-1
10108,chr5,154754952,154755301,154938081,154938431,EH38E3672474,EH38E2423538,154754000,154755000,154938000,154939000,1,-1
10109,chr5,154755302,154755533,154938081,154938431,EH38E3672475,EH38E2423538,154755000,154756000,154938000,154939000,2,-1
10110,chr5,154756760,154756916,154938081,154938431,EH38E3672480,EH38E2423538,154756000,154757000,154938000,154939000,1,-1
10111,chr5,154757322,154757528,154938081,154938431,EH38E2423391,EH38E2423538,154757000,154758000,154938000,154939000,2,-1
10112,chr5,154857239,154857422,154938081,154938431,EH38E3672558,EH38E2423538,154857000,154858000,154938000,154939000,4,-1
10113,chr5,154857436,154857719,154938081,154938431,EH38E3672559,EH38E2423538,154857000,154858000,154938000,154939000,4,-1
10114,chr5,154857721,154858037,154938081,154938431,EH38E3672560,EH38E2423538,154857000,154858000,154938000,154939000,4,-1
10115,chr5,155046693,155046954,154938081,154938431,EH38E2423588,EH38E2423538,155046000,155047000,154938000,154939000,1,-1
10116,chr5,154682526,154682825,154940911,154941255,EH38E3672420,EH38E3672591,154682000,154683000,154940000,154941000,2,-1
10117,chr5,154682827,154683037,154940911,154941255,EH38E3672421,EH38E3672591,154682000,154683000,154940000,154941000,2,-1
10118,chr5,154691481,154691831,154940911,154941255,EH38E3672429,EH38E3672591,154691000,154692000,154940000,154941000,1,-1
10119,chr5,154691895,154692148,154940911,154941255,EH38E3672430,EH38E3672591,154691000,154692000,154940000,154941000,1,-1
10120,chr5,154721604,154721786,154940911,154941255,EH38E3672453,EH38E3672591,154721000,154722000,154940000,154941000,1,-1
10121,chr5,154755302,154755533,154940911,154941255,EH38E3672475,EH38E3672591,154755000,154756000,154940000,154941000,1,-1
10122,chr5,154756760,154756916,154940911,154941255,EH38E3672480,EH38E3672591,154756000,154757000,154940000,154941000,3,-1
10123,chr5,154757322,154757528,154940911,154941255,EH38E2423391,EH38E3672591,154757000,154758000,154940000,154941000,1,-1
10124,chr5,154857239,154857422,154940911,154941255,EH38E3672558,EH38E3672591,154857000,154858000,154940000,154941000,1,-1
10125,chr5,154857436,154857719,154940911,154941255,EH38E3672559,EH38E3672591,154857000,154858000,154940000,154941000,1,-1
10126,chr5,154857721,154858037,154940911,154941255,EH38E3672560,EH38E3672591,154857000,154858000,154940000,154941000,1,-1
10127,chr5,155193066,155193415,154940911,154941255,EH38E2423650,EH38E3672591,155193000,155194000,154940000,154941000,2,-1
10128,chr5,154692195,154692543,154940911,154941255,EH38E2423343,EH38E3672591,154692000,154693000,154941000,154942000,1,-1
10129,chr5,154712402,154712605,154940911,154941255,EH38E3672440,EH38E3672591,154712000,154713000,154941000,154942000,1,-1
10130,chr5,154754735,154754911,154940911,154941255,EH38E3672473,EH38E3672591,154754000,154755000,154941000,154942000,2,-1
10131,chr5,154754952,154755301,154940911,154941255,EH38E3672474,EH38E3672591,154754000,154755000,154941000,154942000,2,-1
10132,chr5,155046693,155046954,154940911,154941255,EH38E2423588,EH38E3672591,155046000,155047000,154941000,154942000,1,-1
10133,chr5,154682827,154683037,157142729,157143079,EH38E3672421,EH38E3673132,154683000,154684000,157142000,157143000,1,-1
10134,chr5,154857239,154857422,157142729,157143079,EH38E3672558,EH38E3673132,154857000,154858000,157143000,157144000,1,-1
10135,chr5,154857436,154857719,157142729,157143079,EH38E3672559,EH38E3673132,154857000,154858000,157143000,157144000,1,-1
10136,chr5,154857721,154858037,157142729,157143079,EH38E3672560,EH38E3673132,154857000,154858000,157143000,157144000,1,-1
10137,chr5,156655746,156656096,157142729,157143079,EH38E2424128,EH38E3673132,156655000,156656000,157143000,157144000,1,-1
10138,chr5,156802445,156802786,157142729,157143079,EH38E3673008,EH38E3673132,156802000,156803000,157143000,157144000,1,-1
10139,chr5,157731547,157731894,157142729,157143079,EH38E3673551,EH38E3673132,157731000,157732000,157143000,157144000,1,-1
10140,chr5,156914099,156914449,157265879,157266224,EH38E2424226,EH38E3673237,156914000,156915000,157265000,157266000,1,-1
10141,chr5,157948780,157949129,157265879,157266224,EH38E3673665,EH38E3673237,157949000,157950000,157265000,157266000,1,-1
10142,chr5,157949177,157949355,157265879,157266224,EH38E3673666,EH38E3673237,157949000,157950000,157265000,157266000,1,-1
10143,chr5,158013310,158013654,157265879,157266224,EH38E2425057,EH38E3673237,158013000,158014000,157265000,157266000,1,-1
10144,chr5,159208670,159208982,157265879,157266224,EH38E3674231,EH38E3673237,159208000,159209000,157265000,157266000,1,-1
10145,chr5,160165682,160166028,157265879,157266224,EH38E3674655,EH38E3673237,160166000,160167000,157265000,157266000,1,-1
10146,chr5,160166365,160166705,157265879,157266224,EH38E3674656,EH38E3673237,160166000,160167000,157265000,157266000,1,-1
10147,chr5,160166979,160167261,157265879,157266224,EH38E3674657,EH38E3673237,160166000,160167000,157265000,157266000,1,-1
10148,chr5,160188141,160188489,157265879,157266224,EH38E2426548,EH38E3673237,160188000,160189000,157265000,157266000,1,-1
10149,chr5,160188651,160188999,157265879,157266224,EH38E3674675,EH38E3673237,160188000,160189000,157265000,157266000,1,-1
10150,chr5,154754735,154754911,157265879,157266224,EH38E3672473,EH38E3673237,154754000,154755000,157266000,157267000,1,-1
10151,chr5,154754952,154755301,157265879,157266224,EH38E3672474,EH38E3673237,154754000,154755000,157266000,157267000,1,-1
10152,chr5,157731547,157731894,157265879,157266224,EH38E3673551,EH38E3673237,157731000,157732000,157266000,157267000,1,-1
10153,chr5,154754735,154754911,157266371,157266680,EH38E3672473,EH38E3673238,154754000,154755000,157266000,157267000,1,-1
10154,chr5,154754952,154755301,157266371,157266680,EH38E3672474,EH38E3673238,154754000,154755000,157266000,157267000,1,-1
10155,chr5,157731547,157731894,157266371,157266680,EH38E3673551,EH38E3673238,157731000,157732000,157266000,157267000,1,-1
10156,chr5,155046693,155046954,157460295,157460492,EH38E2423588,EH38E3673355,155046000,155047000,157460000,157461000,1,-1
10157,chr5,156914099,156914449,157460295,157460492,EH38E2424226,EH38E3673355,156914000,156915000,157460000,157461000,1,-1
10158,chr5,157948780,157949129,157460295,157460492,EH38E3673665,EH38E3673355,157948000,157949000,157460000,157461000,1,-1
10159,chr5,157949177,157949355,157460295,157460492,EH38E3673666,EH38E3673355,157949000,157950000,157460000,157461000,1,-1
10160,chr5,157965014,157965361,157460295,157460492,EH38E3673676,EH38E3673355,157965000,157966000,157460000,157461000,2,-1
10161,chr5,157966053,157966331,157460295,157460492,EH38E2425032,EH38E3673355,157966000,157967000,157460000,157461000,1,-1
10162,chr5,159208670,159208982,157460295,157460492,EH38E3674231,EH38E3673355,159208000,159209000,157460000,157461000,1,-1
10163,chr5,160133490,160133838,157460295,157460492,EH38E3674648,EH38E3673355,160133000,160134000,157460000,157461000,1,-1
10164,chr5,160133955,160134305,157460295,157460492,EH38E2426509,EH38E3673355,160133000,160134000,157460000,157461000,1,-1
10165,chr5,160158138,160158461,157460295,157460492,EH38E2426515,EH38E3673355,160158000,160159000,157460000,157461000,1,-1
10166,chr5,154691481,154691831,157575499,157575658,EH38E3672429,EH38E3673479,154691000,154692000,157575000,157576000,1,-1
10167,chr5,154691895,154692148,157575499,157575658,EH38E3672430,EH38E3673479,154691000,154692000,157575000,157576000,1,-1
10168,chr5,154712402,154712605,157575499,157575658,EH38E3672440,EH38E3673479,154712000,154713000,157575000,157576000,1,-1
10169,chr5,155193066,155193415,157575499,157575658,EH38E2423650,EH38E3673479,155193000,155194000,157575000,157576000,1,-1
10170,chr5,157731547,157731894,157575499,157575658,EH38E3673551,EH38E3673479,157731000,157732000,157575000,157576000,5,-1
10171,chr5,157965014,157965361,157575499,157575658,EH38E3673676,EH38E3673479,157965000,157966000,157575000,157576000,1,-1
10172,chr5,157966053,157966331,157575499,157575658,EH38E2425032,EH38E3673479,157966000,157967000,157575000,157576000,1,-1
10173,chr5,159208670,159208982,157575499,157575658,EH38E3674231,EH38E3673479,159208000,159209000,157575000,157576000,1,-1
10174,chr5,154691481,154691831,157575681,157575947,EH38E3672429,EH38E3673480,154691000,154692000,157575000,157576000,1,-1
10175,chr5,154691895,154692148,157575681,157575947,EH38E3672430,EH38E3673480,154691000,154692000,157575000,157576000,1,-1
10176,chr5,154712402,154712605,157575681,157575947,EH38E3672440,EH38E3673480,154712000,154713000,157575000,157576000,1,-1
10177,chr5,155193066,155193415,157575681,157575947,EH38E2423650,EH38E3673480,155193000,155194000,157575000,157576000,1,-1
10178,chr5,157731547,157731894,157575681,157575947,EH38E3673551,EH38E3673480,157731000,157732000,157575000,157576000,5,-1
10179,chr5,157965014,157965361,157575681,157575947,EH38E3673676,EH38E3673480,157965000,157966000,157575000,157576000,1,-1
10180,chr5,157966053,157966331,157575681,157575947,EH38E2425032,EH38E3673480,157966000,157967000,157575000,157576000,1,-1
10181,chr5,159208670,159208982,157575681,157575947,EH38E3674231,EH38E3673480,159208000,159209000,157575000,157576000,1,-1
10182,chr5,157731547,157731894,157652072,157652419,EH38E3673551,EH38E2424818,157731000,157732000,157652000,157653000,2,-1
10183,chr5,157948780,157949129,157652072,157652419,EH38E3673665,EH38E2424818,157949000,157950000,157652000,157653000,1,-1
10184,chr5,157949177,157949355,157652072,157652419,EH38E3673666,EH38E2424818,157949000,157950000,157652000,157653000,1,-1
10185,chr5,158013310,158013654,157652072,157652419,EH38E2425057,EH38E2424818,158013000,158014000,157652000,157653000,1,-1
10186,chr5,160287544,160287893,157652072,157652419,EH38E3674742,EH38E2424818,160287000,160288000,157652000,157653000,1,-1
10187,chr5,160287903,160288106,157652072,157652419,EH38E3674743,EH38E2424818,160287000,160288000,157652000,157653000,1,-1
10188,chr5,157731547,157731894,157731281,157731539,EH38E3673551,EH38E3673550,157731000,157732000,157731000,157732000,124,-1
10189,chr5,158013310,158013654,157731281,157731539,EH38E2425057,EH38E3673550,158013000,158014000,157731000,157732000,1,-1
10190,chr5,159208670,159208982,157731281,157731539,EH38E3674231,EH38E3673550,159208000,159209000,157731000,157732000,1,-1
10191,chr5,160166979,160167261,157731281,157731539,EH38E3674657,EH38E3673550,160167000,160168000,157731000,157732000,1,-1
10192,chr5,160188141,160188489,157731281,157731539,EH38E2426548,EH38E3673550,160188000,160189000,157731000,157732000,1,-1
10193,chr5,160188651,160188999,157731281,157731539,EH38E3674675,EH38E3673550,160188000,160189000,157731000,157732000,1,-1
10194,chr5,156655746,156656096,157743483,157743832,EH38E2424128,EH38E3673563,156656000,156657000,157743000,157744000,1,-1
10195,chr5,157731547,157731894,157743483,157743832,EH38E3673551,EH38E3673563,157731000,157732000,157743000,157744000,10,-1
10196,chr5,157948780,157949129,157743483,157743832,EH38E3673665,EH38E3673563,157948000,157949000,157743000,157744000,1,-1
10197,chr5,159208670,159208982,157743483,157743832,EH38E3674231,EH38E3673563,159208000,159209000,157743000,157744000,1,-1
10198,chr5,157949177,157949355,157858985,157859335,EH38E3673666,EH38E3673611,157949000,157950000,157858000,157859000,4,-1
10199,chr5,158013310,158013654,157858985,157859335,EH38E2425057,EH38E3673611,158013000,158014000,157858000,157859000,3,-1
10200,chr5,160165682,160166028,157858985,157859335,EH38E3674655,EH38E3673611,160165000,160166000,157858000,157859000,1,-1
10201,chr5,157948780,157949129,157858985,157859335,EH38E3673665,EH38E3673611,157948000,157949000,157859000,157860000,7,-1
10202,chr5,157965014,157965361,157858985,157859335,EH38E3673676,EH38E3673611,157965000,157966000,157859000,157860000,3,-1
10203,chr5,157966053,157966331,157858985,157859335,EH38E2425032,EH38E3673611,157966000,157967000,157859000,157860000,5,-1
10204,chr5,160293997,160294345,157858985,157859335,EH38E3674751,EH38E3673611,160294000,160295000,157859000,157860000,1,-1
10205,chr5,156914099,156914449,159099995,159100149,EH38E2424226,EH38E2425893,156914000,156915000,159099000,159100000,1,-1
10206,chr5,158013310,158013654,159099995,159100149,EH38E2425057,EH38E2425893,158013000,158014000,159099000,159100000,1,-1
10207,chr5,157948780,157949129,159099995,159100149,EH38E3673665,EH38E2425893,157948000,157949000,159100000,159101000,1,-1
10208,chr5,157949177,157949355,159099995,159100149,EH38E3673666,EH38E2425893,157949000,157950000,159100000,159101000,1,-1
10209,chr5,157965014,157965361,159099995,159100149,EH38E3673676,EH38E2425893,157965000,157966000,159100000,159101000,1,-1
10210,chr5,157966053,157966331,159099995,159100149,EH38E2425032,EH38E2425893,157966000,157967000,159100000,159101000,1,-1
10211,chr5,159208670,159208982,159099995,159100149,EH38E3674231,EH38E2425893,159208000,159209000,159100000,159101000,6,-1
10212,chr5,160165682,160166028,159099995,159100149,EH38E3674655,EH38E2425893,160165000,160166000,159100000,159101000,1,-1
10213,chr5,157948780,157949129,159100229,159100579,EH38E3673665,EH38E2425894,157948000,157949000,159100000,159101000,1,-1
10214,chr5,157949177,157949355,159100229,159100579,EH38E3673666,EH38E2425894,157949000,157950000,159100000,159101000,1,-1
10215,chr5,157965014,157965361,159100229,159100579,EH38E3673676,EH38E2425894,157965000,157966000,159100000,159101000,1,-1
10216,chr5,157966053,157966331,159100229,159100579,EH38E2425032,EH38E2425894,157966000,157967000,159100000,159101000,1,-1
10217,chr5,159208670,159208982,159100229,159100579,EH38E3674231,EH38E2425894,159208000,159209000,159100000,159101000,6,-1
10218,chr5,160165682,160166028,159100229,159100579,EH38E3674655,EH38E2425894,160165000,160166000,159100000,159101000,1,-1
10219,chr5,160044399,160044557,159207997,159208331,EH38E3674604,EH38E3674230,160044000,160045000,159207000,159208000,1,-1
10220,chr5,160044578,160044901,159207997,159208331,EH38E3674605,EH38E3674230,160044000,160045000,159207000,159208000,1,-1
10221,chr5,160133490,160133838,159207997,159208331,EH38E3674648,EH38E3674230,160133000,160134000,159207000,159208000,1,-1
10222,chr5,160133955,160134305,159207997,159208331,EH38E2426509,EH38E3674230,160133000,160134000,159207000,159208000,1,-1
10223,chr5,160289740,160290064,159207997,159208331,EH38E3674748,EH38E3674230,160290000,160291000,159207000,159208000,1,-1
10224,chr5,157731547,157731894,159207997,159208331,EH38E3673551,EH38E3674230,157731000,157732000,159208000,159209000,1,-1
10225,chr5,157966053,157966331,159207997,159208331,EH38E2425032,EH38E3674230,157966000,157967000,159208000,159209000,1,-1
10226,chr5,159208670,159208982,159207997,159208331,EH38E3674231,EH38E3674230,159208000,159209000,159208000,159209000,685,-1
10227,chr5,160165682,160166028,159207997,159208331,EH38E3674655,EH38E3674230,160165000,160166000,159208000,159209000,1,-1
10228,chr5,157731547,157731894,159209477,159209826,EH38E3673551,EH38E3674233,157731000,157732000,159209000,159210000,1,-1
10229,chr5,159208670,159208982,159209477,159209826,EH38E3674231,EH38E3674233,159208000,159209000,159209000,159210000,468,-1
10230,chr5,160165682,160166028,159209477,159209826,EH38E3674655,EH38E3674233,160166000,160167000,159209000,159210000,1,-1
10231,chr5,160166365,160166705,159209477,159209826,EH38E3674656,EH38E3674233,160166000,160167000,159209000,159210000,1,-1
10232,chr5,160166979,160167261,159209477,159209826,EH38E3674657,EH38E3674233,160166000,160167000,159209000,159210000,1,-1
10233,chr5,160188141,160188489,159209477,159209826,EH38E2426548,EH38E3674233,160188000,160189000,159209000,159210000,2,-1
10234,chr5,160188651,160188999,159209477,159209826,EH38E3674675,EH38E3674233,160188000,160189000,159209000,159210000,2,-1
10235,chr5,160289740,160290064,159209477,159209826,EH38E3674748,EH38E3674233,160289000,160290000,159209000,159210000,1,-1
10236,chr5,157948780,157949129,159262945,159263295,EH38E3673665,EH38E3674249,157949000,157950000,159262000,159263000,1,-1
10237,chr5,157949177,157949355,159262945,159263295,EH38E3673666,EH38E3674249,157949000,157950000,159262000,159263000,1,-1
10238,chr5,159208670,159208982,159262945,159263295,EH38E3674231,EH38E3674249,159208000,159209000,159262000,159263000,5,-1
10239,chr5,160160032,160160377,159262945,159263295,EH38E2426516,EH38E3674249,160160000,160161000,159262000,159263000,1,-1
10240,chr5,160160471,160160754,159262945,159263295,EH38E2426517,EH38E3674249,160160000,160161000,159262000,159263000,1,-1
10241,chr5,160044399,160044557,159262945,159263295,EH38E3674604,EH38E3674249,160044000,160045000,159263000,159264000,1,-1
10242,chr5,160044578,160044901,159262945,159263295,EH38E3674605,EH38E3674249,160044000,160045000,159263000,159264000,1,-1
10243,chr5,160133490,160133838,159262945,159263295,EH38E3674648,EH38E3674249,160133000,160134000,159263000,159264000,1,-1
10244,chr5,160133955,160134305,159262945,159263295,EH38E2426509,EH38E3674249,160133000,160134000,159263000,159264000,1,-1
10245,chr5,160165682,160166028,159262945,159263295,EH38E3674655,EH38E3674249,160165000,160166000,159263000,159264000,1,-1
10246,chr5,160287544,160287893,159262945,159263295,EH38E3674742,EH38E3674249,160287000,160288000,159263000,159264000,1,-1
10247,chr5,160287903,160288106,159262945,159263295,EH38E3674743,EH38E3674249,160287000,160288000,159263000,159264000,1,-1
10248,chr5,160289740,160290064,159262945,159263295,EH38E3674748,EH38E3674249,160289000,160290000,159263000,159264000,1,-1
10249,chr5,158013310,158013654,159310562,159310907,EH38E2425057,EH38E2426021,158013000,158014000,159310000,159311000,1,-1
10250,chr5,159208670,159208982,159310562,159310907,EH38E3674231,EH38E2426021,159208000,159209000,159310000,159311000,7,-1
10251,chr5,160165682,160166028,159310562,159310907,EH38E3674655,EH38E2426021,160165000,160166000,159310000,159311000,1,-1
10252,chr5,160237495,160237845,159310562,159310907,EH38E3674702,EH38E2426021,160237000,160238000,159310000,159311000,1,-1
10253,chr5,160345184,160345346,159310562,159310907,EH38E3674789,EH38E2426021,160345000,160346000,159310000,159311000,1,-1
10254,chr5,160345352,160345689,159310562,159310907,EH38E3674790,EH38E2426021,160345000,160346000,159310000,159311000,1,-1
10255,chr5,160477721,160477878,159310562,159310907,EH38E2426793,EH38E2426021,160477000,160478000,159310000,159311000,1,-1
10256,chr5,157966053,157966331,159331344,159331575,EH38E2425032,EH38E3674292,157966000,157967000,159331000,159332000,1,-1
10257,chr5,160289740,160290064,159331344,159331575,EH38E3674748,EH38E3674292,160289000,160290000,159331000,159332000,1,-1
10258,chr5,159208670,159208982,159916243,159916587,EH38E3674231,EH38E3674539,159208000,159209000,159916000,159917000,1,-1
10259,chr5,160160032,160160377,159916243,159916587,EH38E2426516,EH38E3674539,160160000,160161000,159916000,159917000,1,-1
10260,chr5,160160471,160160754,159916243,159916587,EH38E2426517,EH38E3674539,160160000,160161000,159916000,159917000,1,-1
10261,chr5,160188141,160188489,159916243,159916587,EH38E2426548,EH38E3674539,160188000,160189000,159916000,159917000,2,-1
10262,chr5,160188651,160188999,159916243,159916587,EH38E3674675,EH38E3674539,160188000,160189000,159916000,159917000,2,-1
10263,chr5,157731547,157731894,160008899,160009249,EH38E3673551,EH38E2426417,157731000,157732000,160008000,160009000,1,-1
10264,chr5,159208670,159208982,160008899,160009249,EH38E3674231,EH38E2426417,159208000,159209000,160008000,160009000,1,-1
10265,chr5,160044399,160044557,160008899,160009249,EH38E3674604,EH38E2426417,160044000,160045000,160008000,160009000,1,-1
10266,chr5,160044578,160044901,160008899,160009249,EH38E3674605,EH38E2426417,160044000,160045000,160008000,160009000,1,-1
10267,chr5,160165682,160166028,160008899,160009249,EH38E3674655,EH38E2426417,160165000,160166000,160008000,160009000,2,-1
10268,chr5,160188141,160188489,160008899,160009249,EH38E2426548,EH38E2426417,160188000,160189000,160008000,160009000,1,-1
10269,chr5,160188651,160188999,160008899,160009249,EH38E3674675,EH38E2426417,160188000,160189000,160008000,160009000,1,-1
10270,chr5,160237495,160237845,160008899,160009249,EH38E3674702,EH38E2426417,160237000,160238000,160008000,160009000,1,-1
10271,chr5,160287544,160287893,160008899,160009249,EH38E3674742,EH38E2426417,160287000,160288000,160008000,160009000,2,-1
10272,chr5,160287903,160288106,160008899,160009249,EH38E3674743,EH38E2426417,160287000,160288000,160008000,160009000,2,-1
10273,chr5,160289740,160290064,160008899,160009249,EH38E3674748,EH38E2426417,160289000,160290000,160008000,160009000,1,-1
10274,chr5,160345184,160345346,160008899,160009249,EH38E3674789,EH38E2426417,160345000,160346000,160008000,160009000,1,-1
10275,chr5,160345352,160345689,160008899,160009249,EH38E3674790,EH38E2426417,160345000,160346000,160008000,160009000,1,-1
10276,chr5,158013310,158013654,160008899,160009249,EH38E2425057,EH38E2426417,158013000,158014000,160009000,160010000,1,-1
10277,chr5,160133490,160133838,160008899,160009249,EH38E3674648,EH38E2426417,160133000,160134000,160009000,160010000,3,-1
10278,chr5,160133955,160134305,160008899,160009249,EH38E2426509,EH38E2426417,160133000,160134000,160009000,160010000,3,-1
10279,chr5,160158138,160158461,160008899,160009249,EH38E2426515,EH38E2426417,160158000,160159000,160009000,160010000,2,-1
10280,chr5,160160032,160160377,160008899,160009249,EH38E2426516,EH38E2426417,160160000,160161000,160009000,160010000,1,-1
10281,chr5,160160471,160160754,160008899,160009249,EH38E2426517,EH38E2426417,160160000,160161000,160009000,160010000,1,-1
10282,chr5,160166365,160166705,160008899,160009249,EH38E3674656,EH38E2426417,160166000,160167000,160009000,160010000,1,-1
10283,chr5,160166979,160167261,160008899,160009249,EH38E3674657,EH38E2426417,160167000,160168000,160009000,160010000,3,-1
10284,chr5,160293997,160294345,160008899,160009249,EH38E3674751,EH38E2426417,160294000,160295000,160009000,160010000,3,-1
10285,chr5,160133490,160133838,160119420,160119770,EH38E3674648,EH38E3674643,160133000,160134000,160119000,160120000,12,-1
10286,chr5,160133955,160134305,160119420,160119770,EH38E2426509,EH38E3674643,160133000,160134000,160119000,160120000,12,-1
10287,chr5,160158138,160158461,160119420,160119770,EH38E2426515,EH38E3674643,160158000,160159000,160119000,160120000,8,-1
10288,chr5,160160032,160160377,160119420,160119770,EH38E2426516,EH38E3674643,160160000,160161000,160119000,160120000,5,-1
10289,chr5,160160471,160160754,160119420,160119770,EH38E2426517,EH38E3674643,160160000,160161000,160119000,160120000,5,-1
10290,chr5,160165682,160166028,160119420,160119770,EH38E3674655,EH38E3674643,160165000,160166000,160119000,160120000,4,-1
10291,chr5,160166365,160166705,160119420,160119770,EH38E3674656,EH38E3674643,160166000,160167000,160119000,160120000,4,-1
10292,chr5,160166979,160167261,160119420,160119770,EH38E3674657,EH38E3674643,160166000,160167000,160119000,160120000,4,-1
10293,chr5,160188141,160188489,160119420,160119770,EH38E2426548,EH38E3674643,160188000,160189000,160119000,160120000,9,-1
10294,chr5,160188651,160188999,160119420,160119770,EH38E3674675,EH38E3674643,160188000,160189000,160119000,160120000,9,-1
10295,chr5,160237495,160237845,160119420,160119770,EH38E3674702,EH38E3674643,160237000,160238000,160119000,160120000,4,-1
10296,chr5,160287544,160287893,160119420,160119770,EH38E3674742,EH38E3674643,160287000,160288000,160119000,160120000,1,-1
10297,chr5,160287903,160288106,160119420,160119770,EH38E3674743,EH38E3674643,160287000,160288000,160119000,160120000,1,-1
10298,chr5,160289740,160290064,160119420,160119770,EH38E3674748,EH38E3674643,160289000,160290000,160119000,160120000,1,-1
10299,chr5,160293997,160294345,160119420,160119770,EH38E3674751,EH38E3674643,160293000,160294000,160119000,160120000,1,-1
10300,chr5,160477721,160477878,160119420,160119770,EH38E2426793,EH38E3674643,160477000,160478000,160119000,160120000,1,-1
10301,chr5,157948780,157949129,160312408,160312751,EH38E3673665,EH38E3674767,157949000,157950000,160312000,160313000,1,-1
10302,chr5,157949177,157949355,160312408,160312751,EH38E3673666,EH38E3674767,157949000,157950000,160312000,160313000,1,-1
10303,chr5,159208670,159208982,160312408,160312751,EH38E3674231,EH38E3674767,159208000,159209000,160312000,160313000,2,-1
10304,chr5,160044399,160044557,160312408,160312751,EH38E3674604,EH38E3674767,160044000,160045000,160312000,160313000,1,-1
10305,chr5,160044578,160044901,160312408,160312751,EH38E3674605,EH38E3674767,160044000,160045000,160312000,160313000,1,-1
10306,chr5,160133490,160133838,160312408,160312751,EH38E3674648,EH38E3674767,160133000,160134000,160312000,160313000,3,-1
10307,chr5,160133955,160134305,160312408,160312751,EH38E2426509,EH38E3674767,160133000,160134000,160312000,160313000,3,-1
10308,chr5,160158138,160158461,160312408,160312751,EH38E2426515,EH38E3674767,160158000,160159000,160312000,160313000,1,-1
10309,chr5,160160032,160160377,160312408,160312751,EH38E2426516,EH38E3674767,160160000,160161000,160312000,160313000,3,-1
10310,chr5,160160471,160160754,160312408,160312751,EH38E2426517,EH38E3674767,160160000,160161000,160312000,160313000,3,-1
10311,chr5,160165682,160166028,160312408,160312751,EH38E3674655,EH38E3674767,160165000,160166000,160312000,160313000,6,-1
10312,chr5,160166365,160166705,160312408,160312751,EH38E3674656,EH38E3674767,160166000,160167000,160312000,160313000,2,-1
10313,chr5,160166979,160167261,160312408,160312751,EH38E3674657,EH38E3674767,160166000,160167000,160312000,160313000,2,-1
10314,chr5,160188141,160188489,160312408,160312751,EH38E2426548,EH38E3674767,160188000,160189000,160312000,160313000,6,-1
10315,chr5,160188651,160188999,160312408,160312751,EH38E3674675,EH38E3674767,160188000,160189000,160312000,160313000,6,-1
10316,chr5,160237495,160237845,160312408,160312751,EH38E3674702,EH38E3674767,160237000,160238000,160312000,160313000,2,-1
10317,chr5,160287544,160287893,160312408,160312751,EH38E3674742,EH38E3674767,160287000,160288000,160312000,160313000,18,-1
10318,chr5,160287903,160288106,160312408,160312751,EH38E3674743,EH38E3674767,160287000,160288000,160312000,160313000,18,-1
10319,chr5,160289740,160290064,160312408,160312751,EH38E3674748,EH38E3674767,160289000,160290000,160312000,160313000,13,-1
10320,chr5,160293997,160294345,160312408,160312751,EH38E3674751,EH38E3674767,160293000,160294000,160312000,160313000,11,-1
10321,chr5,160345184,160345346,160312408,160312751,EH38E3674789,EH38E3674767,160345000,160346000,160312000,160313000,14,-1
10322,chr5,160345352,160345689,160312408,160312751,EH38E3674790,EH38E3674767,160345000,160346000,160312000,160313000,14,-1
10323,chr5,160477721,160477878,160312408,160312751,EH38E2426793,EH38E3674767,160477000,160478000,160312000,160313000,3,-1
10324,chr5,157948780,157949129,160312760,160312984,EH38E3673665,EH38E3674768,157949000,157950000,160312000,160313000,1,-1
10325,chr5,157949177,157949355,160312760,160312984,EH38E3673666,EH38E3674768,157949000,157950000,160312000,160313000,1,-1
10326,chr5,159208670,159208982,160312760,160312984,EH38E3674231,EH38E3674768,159208000,159209000,160312000,160313000,2,-1
10327,chr5,160044399,160044557,160312760,160312984,EH38E3674604,EH38E3674768,160044000,160045000,160312000,160313000,1,-1
10328,chr5,160044578,160044901,160312760,160312984,EH38E3674605,EH38E3674768,160044000,160045000,160312000,160313000,1,-1
10329,chr5,160133490,160133838,160312760,160312984,EH38E3674648,EH38E3674768,160133000,160134000,160312000,160313000,3,-1
10330,chr5,160133955,160134305,160312760,160312984,EH38E2426509,EH38E3674768,160133000,160134000,160312000,160313000,3,-1
10331,chr5,160158138,160158461,160312760,160312984,EH38E2426515,EH38E3674768,160158000,160159000,160312000,160313000,1,-1
10332,chr5,160160032,160160377,160312760,160312984,EH38E2426516,EH38E3674768,160160000,160161000,160312000,160313000,3,-1
10333,chr5,160160471,160160754,160312760,160312984,EH38E2426517,EH38E3674768,160160000,160161000,160312000,160313000,3,-1
10334,chr5,160165682,160166028,160312760,160312984,EH38E3674655,EH38E3674768,160165000,160166000,160312000,160313000,6,-1
10335,chr5,160166365,160166705,160312760,160312984,EH38E3674656,EH38E3674768,160166000,160167000,160312000,160313000,2,-1
10336,chr5,160166979,160167261,160312760,160312984,EH38E3674657,EH38E3674768,160166000,160167000,160312000,160313000,2,-1
10337,chr5,160188141,160188489,160312760,160312984,EH38E2426548,EH38E3674768,160188000,160189000,160312000,160313000,6,-1
10338,chr5,160188651,160188999,160312760,160312984,EH38E3674675,EH38E3674768,160188000,160189000,160312000,160313000,6,-1
10339,chr5,160237495,160237845,160312760,160312984,EH38E3674702,EH38E3674768,160237000,160238000,160312000,160313000,2,-1
10340,chr5,160287544,160287893,160312760,160312984,EH38E3674742,EH38E3674768,160287000,160288000,160312000,160313000,18,-1
10341,chr5,160287903,160288106,160312760,160312984,EH38E3674743,EH38E3674768,160287000,160288000,160312000,160313000,18,-1
10342,chr5,160289740,160290064,160312760,160312984,EH38E3674748,EH38E3674768,160289000,160290000,160312000,160313000,13,-1
10343,chr5,160293997,160294345,160312760,160312984,EH38E3674751,EH38E3674768,160293000,160294000,160312000,160313000,11,-1
10344,chr5,160345184,160345346,160312760,160312984,EH38E3674789,EH38E3674768,160345000,160346000,160312000,160313000,14,-1
10345,chr5,160345352,160345689,160312760,160312984,EH38E3674790,EH38E3674768,160345000,160346000,160312000,160313000,14,-1
10346,chr5,160477721,160477878,160312760,160312984,EH38E2426793,EH38E3674768,160477000,160478000,160312000,160313000,3,-1
10347,chr5,157948780,157949129,160370495,160370799,EH38E3673665,EH38E2426693,157948000,157949000,160370000,160371000,1,-1
10348,chr5,159208670,159208982,160370495,160370799,EH38E3674231,EH38E2426693,159208000,159209000,160370000,160371000,2,-1
10349,chr5,160044399,160044557,160370495,160370799,EH38E3674604,EH38E2426693,160044000,160045000,160370000,160371000,3,-1
10350,chr5,160044578,160044901,160370495,160370799,EH38E3674605,EH38E2426693,160044000,160045000,160370000,160371000,3,-1
10351,chr5,160133490,160133838,160370495,160370799,EH38E3674648,EH38E2426693,160133000,160134000,160370000,160371000,6,-1
10352,chr5,160133955,160134305,160370495,160370799,EH38E2426509,EH38E2426693,160133000,160134000,160370000,160371000,6,-1
10353,chr5,160158138,160158461,160370495,160370799,EH38E2426515,EH38E2426693,160158000,160159000,160370000,160371000,2,-1
10354,chr5,160160032,160160377,160370495,160370799,EH38E2426516,EH38E2426693,160160000,160161000,160370000,160371000,5,-1
10355,chr5,160160471,160160754,160370495,160370799,EH38E2426517,EH38E2426693,160160000,160161000,160370000,160371000,5,-1
10356,chr5,160165682,160166028,160370495,160370799,EH38E3674655,EH38E2426693,160165000,160166000,160370000,160371000,2,-1
10357,chr5,160166365,160166705,160370495,160370799,EH38E3674656,EH38E2426693,160166000,160167000,160370000,160371000,1,-1
10358,chr5,160166979,160167261,160370495,160370799,EH38E3674657,EH38E2426693,160166000,160167000,160370000,160371000,1,-1
10359,chr5,160188141,160188489,160370495,160370799,EH38E2426548,EH38E2426693,160188000,160189000,160370000,160371000,4,-1
10360,chr5,160188651,160188999,160370495,160370799,EH38E3674675,EH38E2426693,160188000,160189000,160370000,160371000,4,-1
10361,chr5,160237495,160237845,160370495,160370799,EH38E3674702,EH38E2426693,160237000,160238000,160370000,160371000,7,-1
10362,chr5,160287544,160287893,160370495,160370799,EH38E3674742,EH38E2426693,160287000,160288000,160370000,160371000,1,-1
10363,chr5,160287903,160288106,160370495,160370799,EH38E3674743,EH38E2426693,160287000,160288000,160370000,160371000,1,-1
10364,chr5,160289740,160290064,160370495,160370799,EH38E3674748,EH38E2426693,160289000,160290000,160370000,160371000,5,-1
10365,chr5,160293997,160294345,160370495,160370799,EH38E3674751,EH38E2426693,160293000,160294000,160370000,160371000,2,-1
10366,chr5,160345184,160345346,160370495,160370799,EH38E3674789,EH38E2426693,160345000,160346000,160370000,160371000,8,-1
10367,chr5,160345352,160345689,160370495,160370799,EH38E3674790,EH38E2426693,160345000,160346000,160370000,160371000,8,-1
10368,chr5,160044399,160044557,160399891,160400240,EH38E3674604,EH38E3674819,160044000,160045000,160399000,160400000,1,-1
10369,chr5,160044578,160044901,160399891,160400240,EH38E3674605,EH38E3674819,160044000,160045000,160399000,160400000,1,-1
10370,chr5,160133490,160133838,160399891,160400240,EH38E3674648,EH38E3674819,160133000,160134000,160399000,160400000,1,-1
10371,chr5,160133955,160134305,160399891,160400240,EH38E2426509,EH38E3674819,160133000,160134000,160399000,160400000,1,-1
10372,chr5,160158138,160158461,160399891,160400240,EH38E2426515,EH38E3674819,160158000,160159000,160399000,160400000,2,-1
10373,chr5,160160032,160160377,160399891,160400240,EH38E2426516,EH38E3674819,160160000,160161000,160399000,160400000,2,-1
10374,chr5,160160471,160160754,160399891,160400240,EH38E2426517,EH38E3674819,160160000,160161000,160399000,160400000,2,-1
10375,chr5,160165682,160166028,160399891,160400240,EH38E3674655,EH38E3674819,160165000,160166000,160399000,160400000,4,-1
10376,chr5,160166365,160166705,160399891,160400240,EH38E3674656,EH38E3674819,160166000,160167000,160399000,160400000,1,-1
10377,chr5,160166979,160167261,160399891,160400240,EH38E3674657,EH38E3674819,160166000,160167000,160399000,160400000,1,-1
10378,chr5,160188141,160188489,160399891,160400240,EH38E2426548,EH38E3674819,160188000,160189000,160399000,160400000,5,-1
10379,chr5,160188651,160188999,160399891,160400240,EH38E3674675,EH38E3674819,160188000,160189000,160399000,160400000,5,-1
10380,chr5,160237495,160237845,160399891,160400240,EH38E3674702,EH38E3674819,160237000,160238000,160399000,160400000,3,-1
10381,chr5,160287544,160287893,160399891,160400240,EH38E3674742,EH38E3674819,160287000,160288000,160399000,160400000,3,-1
10382,chr5,160287903,160288106,160399891,160400240,EH38E3674743,EH38E3674819,160287000,160288000,160399000,160400000,3,-1
10383,chr5,160289740,160290064,160399891,160400240,EH38E3674748,EH38E3674819,160289000,160290000,160399000,160400000,2,-1
10384,chr5,160293997,160294345,160399891,160400240,EH38E3674751,EH38E3674819,160293000,160294000,160399000,160400000,2,-1
10385,chr5,160345184,160345346,160399891,160400240,EH38E3674789,EH38E3674819,160345000,160346000,160399000,160400000,6,-1
10386,chr5,160345352,160345689,160399891,160400240,EH38E3674790,EH38E3674819,160345000,160346000,160399000,160400000,6,-1
10387,chr5,160477721,160477878,160399891,160400240,EH38E2426793,EH38E3674819,160477000,160478000,160399000,160400000,1,-1
10388,chr5,160044399,160044557,160419002,160419352,EH38E3674604,EH38E3674828,160044000,160045000,160419000,160420000,1,-1
10389,chr5,160044578,160044901,160419002,160419352,EH38E3674605,EH38E3674828,160044000,160045000,160419000,160420000,1,-1
10390,chr5,160133490,160133838,160419002,160419352,EH38E3674648,EH38E3674828,160133000,160134000,160419000,160420000,2,-1
10391,chr5,160133955,160134305,160419002,160419352,EH38E2426509,EH38E3674828,160133000,160134000,160419000,160420000,2,-1
10392,chr5,160158138,160158461,160419002,160419352,EH38E2426515,EH38E3674828,160158000,160159000,160419000,160420000,1,-1
10393,chr5,160160032,160160377,160419002,160419352,EH38E2426516,EH38E3674828,160160000,160161000,160419000,160420000,1,-1
10394,chr5,160160471,160160754,160419002,160419352,EH38E2426517,EH38E3674828,160160000,160161000,160419000,160420000,1,-1
10395,chr5,160166979,160167261,160419002,160419352,EH38E3674657,EH38E3674828,160167000,160168000,160419000,160420000,1,-1
10396,chr5,160188141,160188489,160419002,160419352,EH38E2426548,EH38E3674828,160188000,160189000,160419000,160420000,1,-1
10397,chr5,160188651,160188999,160419002,160419352,EH38E3674675,EH38E3674828,160188000,160189000,160419000,160420000,1,-1
10398,chr5,160237495,160237845,160419002,160419352,EH38E3674702,EH38E3674828,160237000,160238000,160419000,160420000,1,-1
10399,chr5,160287903,160288106,160419002,160419352,EH38E3674743,EH38E3674828,160288000,160289000,160419000,160420000,1,-1
10400,chr5,160289740,160290064,160419002,160419352,EH38E3674748,EH38E3674828,160289000,160290000,160419000,160420000,2,-1
10401,chr5,160293997,160294345,160419002,160419352,EH38E3674751,EH38E3674828,160294000,160295000,160419000,160420000,1,-1
10402,chr5,160345184,160345346,160419002,160419352,EH38E3674789,EH38E3674828,160345000,160346000,160419000,160420000,1,-1
10403,chr5,160345352,160345689,160419002,160419352,EH38E3674790,EH38E3674828,160345000,160346000,160419000,160420000,1,-1
10404,chr5,160477721,160477878,160419002,160419352,EH38E2426793,EH38E3674828,160477000,160478000,160419000,160420000,1,-1
10405,chr5,160044399,160044557,160421639,160421989,EH38E3674604,EH38E3674832,160044000,160045000,160421000,160422000,1,-1
10406,chr5,160044578,160044901,160421639,160421989,EH38E3674605,EH38E3674832,160044000,160045000,160421000,160422000,1,-1
10407,chr5,160133490,160133838,160421639,160421989,EH38E3674648,EH38E3674832,160133000,160134000,160421000,160422000,2,-1
10408,chr5,160133955,160134305,160421639,160421989,EH38E2426509,EH38E3674832,160133000,160134000,160421000,160422000,2,-1
10409,chr5,160158138,160158461,160421639,160421989,EH38E2426515,EH38E3674832,160158000,160159000,160421000,160422000,1,-1
10410,chr5,160160032,160160377,160421639,160421989,EH38E2426516,EH38E3674832,160160000,160161000,160421000,160422000,1,-1
10411,chr5,160160471,160160754,160421639,160421989,EH38E2426517,EH38E3674832,160160000,160161000,160421000,160422000,1,-1
10412,chr5,160287544,160287893,160421639,160421989,EH38E3674742,EH38E3674832,160287000,160288000,160421000,160422000,1,-1
10413,chr5,160287903,160288106,160421639,160421989,EH38E3674743,EH38E3674832,160287000,160288000,160421000,160422000,1,-1
10414,chr5,160293997,160294345,160421639,160421989,EH38E3674751,EH38E3674832,160293000,160294000,160421000,160422000,1,-1
10415,chr5,160477721,160477878,160421639,160421989,EH38E2426793,EH38E3674832,160477000,160478000,160421000,160422000,1,-1
10416,chr5,160044399,160044557,160422006,160422214,EH38E3674604,EH38E3674833,160044000,160045000,160422000,160423000,2,-1
10417,chr5,160044578,160044901,160422006,160422214,EH38E3674605,EH38E3674833,160044000,160045000,160422000,160423000,2,-1
10418,chr5,160160032,160160377,160422006,160422214,EH38E2426516,EH38E3674833,160160000,160161000,160422000,160423000,2,-1
10419,chr5,160160471,160160754,160422006,160422214,EH38E2426517,EH38E3674833,160160000,160161000,160422000,160423000,2,-1
10420,chr5,160165682,160166028,160422006,160422214,EH38E3674655,EH38E3674833,160165000,160166000,160422000,160423000,2,-1
10421,chr5,160188141,160188489,160422006,160422214,EH38E2426548,EH38E3674833,160188000,160189000,160422000,160423000,1,-1
10422,chr5,160188651,160188999,160422006,160422214,EH38E3674675,EH38E3674833,160188000,160189000,160422000,160423000,1,-1
10423,chr5,160237495,160237845,160422006,160422214,EH38E3674702,EH38E3674833,160237000,160238000,160422000,160423000,1,-1
10424,chr5,160287544,160287893,160422006,160422214,EH38E3674742,EH38E3674833,160287000,160288000,160422000,160423000,2,-1
10425,chr5,160287903,160288106,160422006,160422214,EH38E3674743,EH38E3674833,160287000,160288000,160422000,160423000,2,-1
10426,chr5,160289740,160290064,160422006,160422214,EH38E3674748,EH38E3674833,160289000,160290000,160422000,160423000,2,-1
10427,chr5,160345184,160345346,160422006,160422214,EH38E3674789,EH38E3674833,160345000,160346000,160422000,160423000,1,-1
10428,chr5,160345352,160345689,160422006,160422214,EH38E3674790,EH38E3674833,160345000,160346000,160422000,160423000,1,-1
10429,chr5,160477721,160477878,160422006,160422214,EH38E2426793,EH38E3674833,160477000,160478000,160422000,160423000,2,-1
10430,chr5,163504100,163504347,161846838,161847115,EH38E2427557,EH38E3675233,163504000,163505000,161846000,161847000,1,-1
10431,chr5,160188141,160188489,161846838,161847115,EH38E2426548,EH38E3675233,160188000,160189000,161847000,161848000,1,-1
10432,chr5,160188651,160188999,161846838,161847115,EH38E3674675,EH38E3675233,160188000,160189000,161847000,161848000,1,-1
10433,chr5,163437851,163438193,161846838,161847115,EH38E2427518,EH38E3675233,163437000,163438000,161847000,161848000,2,-1
10434,chr5,163489062,163489363,161846838,161847115,EH38E2427549,EH38E3675233,163489000,163490000,161847000,161848000,1,-1
10435,chr5,163330799,163331147,163437069,163437284,EH38E3675404,EH38E2427516,163330000,163331000,163437000,163438000,1,-1
10436,chr5,163331171,163331356,163437069,163437284,EH38E2427458,EH38E2427516,163331000,163332000,163437000,163438000,1,-1
10437,chr5,163437851,163438193,163437069,163437284,EH38E2427518,EH38E2427516,163437000,163438000,163437000,163438000,374,-1
10438,chr5,163489062,163489363,163437069,163437284,EH38E2427549,EH38E2427516,163489000,163490000,163437000,163438000,3,-1
10439,chr5,163504100,163504347,163437069,163437284,EH38E2427557,EH38E2427516,163504000,163505000,163437000,163438000,5,-1
10440,chr5,163505768,163506021,163437069,163437284,EH38E3675476,EH38E2427516,163505000,163506000,163437000,163438000,4,-1
10441,chr5,163534583,163534803,163437069,163437284,EH38E2427584,EH38E2427516,163534000,163535000,163437000,163438000,2,-1
10442,chr5,164119797,164120144,163437069,163437284,EH38E3675640,EH38E2427516,164120000,164121000,163437000,163438000,1,-1
10443,chr5,163330799,163331147,163437290,163437638,EH38E3675404,EH38E3675444,163330000,163331000,163437000,163438000,1,-1
10444,chr5,163331171,163331356,163437290,163437638,EH38E2427458,EH38E3675444,163331000,163332000,163437000,163438000,1,-1
10445,chr5,163437851,163438193,163437290,163437638,EH38E2427518,EH38E3675444,163437000,163438000,163437000,163438000,374,-1
10446,chr5,163489062,163489363,163437290,163437638,EH38E2427549,EH38E3675444,163489000,163490000,163437000,163438000,3,-1
10447,chr5,163504100,163504347,163437290,163437638,EH38E2427557,EH38E3675444,163504000,163505000,163437000,163438000,5,-1
10448,chr5,163505768,163506021,163437290,163437638,EH38E3675476,EH38E3675444,163505000,163506000,163437000,163438000,4,-1
10449,chr5,163534583,163534803,163437290,163437638,EH38E2427584,EH38E3675444,163534000,163535000,163437000,163438000,2,-1
10450,chr5,164119797,164120144,163437290,163437638,EH38E3675640,EH38E3675444,164120000,164121000,163437000,163438000,1,-1
10451,chr5,163437851,163438193,163459843,163460009,EH38E2427518,EH38E2427532,163437000,163438000,163459000,163460000,15,-1
10452,chr5,164119797,164120144,163459843,163460009,EH38E3675640,EH38E2427532,164119000,164120000,163459000,163460000,1,-1
10453,chr5,163330799,163331147,163459843,163460009,EH38E3675404,EH38E2427532,163331000,163332000,163460000,163461000,2,-1
10454,chr5,163331171,163331356,163459843,163460009,EH38E2427458,EH38E2427532,163331000,163332000,163460000,163461000,2,-1
10455,chr5,163489062,163489363,163459843,163460009,EH38E2427549,EH38E2427532,163489000,163490000,163460000,163461000,5,-1
10456,chr5,163504100,163504347,163459843,163460009,EH38E2427557,EH38E2427532,163504000,163505000,163460000,163461000,9,-1
10457,chr5,163505768,163506021,163459843,163460009,EH38E3675476,EH38E2427532,163505000,163506000,163460000,163461000,7,-1
10458,chr5,163534583,163534803,163459843,163460009,EH38E2427584,EH38E2427532,163534000,163535000,163460000,163461000,2,-1
10459,chr5,163330799,163331147,163460022,163460289,EH38E3675404,EH38E3675452,163331000,163332000,163460000,163461000,2,-1
10460,chr5,163331171,163331356,163460022,163460289,EH38E2427458,EH38E3675452,163331000,163332000,163460000,163461000,2,-1
10461,chr5,163437851,163438193,163460022,163460289,EH38E2427518,EH38E3675452,163437000,163438000,163460000,163461000,13,-1
10462,chr5,163489062,163489363,163460022,163460289,EH38E2427549,EH38E3675452,163489000,163490000,163460000,163461000,5,-1
10463,chr5,163504100,163504347,163460022,163460289,EH38E2427557,EH38E3675452,163504000,163505000,163460000,163461000,9,-1
10464,chr5,163505768,163506021,163460022,163460289,EH38E3675476,EH38E3675452,163505000,163506000,163460000,163461000,7,-1
10465,chr5,163534583,163534803,163460022,163460289,EH38E2427584,EH38E3675452,163534000,163535000,163460000,163461000,2,-1
10466,chr5,163330799,163331147,163460299,163460648,EH38E3675404,EH38E3675453,163331000,163332000,163460000,163461000,2,-1
10467,chr5,163331171,163331356,163460299,163460648,EH38E2427458,EH38E3675453,163331000,163332000,163460000,163461000,2,-1
10468,chr5,163437851,163438193,163460299,163460648,EH38E2427518,EH38E3675453,163437000,163438000,163460000,163461000,13,-1
10469,chr5,163489062,163489363,163460299,163460648,EH38E2427549,EH38E3675453,163489000,163490000,163460000,163461000,5,-1
10470,chr5,163504100,163504347,163460299,163460648,EH38E2427557,EH38E3675453,163504000,163505000,163460000,163461000,9,-1
10471,chr5,163505768,163506021,163460299,163460648,EH38E3675476,EH38E3675453,163505000,163506000,163460000,163461000,7,-1
10472,chr5,163534583,163534803,163460299,163460648,EH38E2427584,EH38E3675453,163534000,163535000,163460000,163461000,2,-1
10473,chr5,163437851,163438193,163503057,163503384,EH38E2427518,EH38E3675470,163437000,163438000,163503000,163504000,4,-1
10474,chr5,163489062,163489363,163503057,163503384,EH38E2427549,EH38E3675470,163489000,163490000,163503000,163504000,13,-1
10475,chr5,163504100,163504347,163503057,163503384,EH38E2427557,EH38E3675470,163504000,163505000,163503000,163504000,179,-1
10476,chr5,163505768,163506021,163503057,163503384,EH38E3675476,EH38E3675470,163505000,163506000,163503000,163504000,66,-1
10477,chr5,163534583,163534803,163503057,163503384,EH38E2427584,EH38E3675470,163534000,163535000,163503000,163504000,1,-1
10478,chr5,164119797,164120144,163503057,163503384,EH38E3675640,EH38E3675470,164120000,164121000,163503000,163504000,1,-1
10479,chr5,163437851,163438193,163505404,163505753,EH38E2427518,EH38E3675475,163437000,163438000,163505000,163506000,4,-1
10480,chr5,163489062,163489363,163505404,163505753,EH38E2427549,EH38E3675475,163489000,163490000,163505000,163506000,12,-1
10481,chr5,163504100,163504347,163505404,163505753,EH38E2427557,EH38E3675475,163504000,163505000,163505000,163506000,219,-1
10482,chr5,163505768,163506021,163505404,163505753,EH38E3675476,EH38E3675475,163505000,163506000,163505000,163506000,220,-1
10483,chr5,163534583,163534803,163505404,163505753,EH38E2427584,EH38E3675475,163534000,163535000,163505000,163506000,6,-1
10484,chr5,163534583,163534803,164296683,164297015,EH38E2427584,EH38E3675685,163534000,163535000,164296000,164297000,2,-1
10485,chr5,164119797,164120144,164296683,164297015,EH38E3675640,EH38E3675685,164119000,164120000,164296000,164297000,1,-1
10486,chr5,163505768,163506021,164296683,164297015,EH38E3675476,EH38E3675685,163506000,163507000,164297000,164298000,1,-1
10487,chr5,168219779,168220121,168269261,168269599,EH38E2429118,EH38E3676571,168219000,168220000,168269000,168270000,2,-1
10488,chr5,168295664,168296011,168269261,168269599,EH38E3676595,EH38E3676571,168295000,168296000,168269000,168270000,7,-1
10489,chr5,168296020,168296175,168269261,168269599,EH38E3676596,EH38E3676571,168296000,168297000,168269000,168270000,13,-1
10490,chr5,168334733,168335083,168269261,168269599,EH38E3676638,EH38E3676571,168334000,168335000,168269000,168270000,6,-1
10491,chr5,168578805,168579012,168269261,168269599,EH38E3676739,EH38E3676571,168578000,168579000,168269000,168270000,2,-1
10492,chr5,168579013,168579218,168269261,168269599,EH38E3676740,EH38E3676571,168579000,168580000,168269000,168270000,1,-1
10493,chr5,168579584,168579934,168269261,168269599,EH38E3676742,EH38E3676571,168579000,168580000,168269000,168270000,1,-1
10494,chr5,167802968,167803149,168291420,168291763,EH38E3676361,EH38E2429165,167803000,167804000,168291000,168292000,1,-1
10495,chr5,168219779,168220121,168291420,168291763,EH38E2429118,EH38E2429165,168219000,168220000,168291000,168292000,1,-1
10496,chr5,168295664,168296011,168291420,168291763,EH38E3676595,EH38E2429165,168295000,168296000,168291000,168292000,40,-1
10497,chr5,168296020,168296175,168291420,168291763,EH38E3676596,EH38E2429165,168296000,168297000,168291000,168292000,15,-1
10498,chr5,168334733,168335083,168291420,168291763,EH38E3676638,EH38E2429165,168334000,168335000,168291000,168292000,11,-1
10499,chr5,168578805,168579012,168291420,168291763,EH38E3676739,EH38E2429165,168578000,168579000,168291000,168292000,3,-1
10500,chr5,168579013,168579218,168291420,168291763,EH38E3676740,EH38E2429165,168579000,168580000,168291000,168292000,3,-1
10501,chr5,168579584,168579934,168291420,168291763,EH38E3676742,EH38E2429165,168579000,168580000,168291000,168292000,3,-1
10502,chr5,168219779,168220121,168486245,168486591,EH38E2429118,EH38E3676713,168219000,168220000,168486000,168487000,1,-1
10503,chr5,168295664,168296011,168486245,168486591,EH38E3676595,EH38E3676713,168295000,168296000,168486000,168487000,1,-1
10504,chr5,168296020,168296175,168486245,168486591,EH38E3676596,EH38E3676713,168296000,168297000,168486000,168487000,2,-1
10505,chr5,168334733,168335083,168486245,168486591,EH38E3676638,EH38E3676713,168334000,168335000,168486000,168487000,2,-1
10506,chr5,168578805,168579012,168486245,168486591,EH38E3676739,EH38E3676713,168579000,168580000,168486000,168487000,2,-1
10507,chr5,168579013,168579218,168486245,168486591,EH38E3676740,EH38E3676713,168579000,168580000,168486000,168487000,2,-1
10508,chr5,168579584,168579934,168486245,168486591,EH38E3676742,EH38E3676713,168579000,168580000,168486000,168487000,2,-1
10509,chr5,169583930,169584099,168486245,168486591,EH38E2430084,EH38E3676713,169583000,169584000,168486000,168487000,1,-1
10510,chr5,168295664,168296011,168529094,168529443,EH38E3676595,EH38E2429347,168295000,168296000,168529000,168530000,1,-1
10511,chr5,168296020,168296175,168529094,168529443,EH38E3676596,EH38E2429347,168296000,168297000,168529000,168530000,1,-1
10512,chr5,168334733,168335083,168529094,168529443,EH38E3676638,EH38E2429347,168335000,168336000,168529000,168530000,1,-1
10513,chr5,168578805,168579012,168529094,168529443,EH38E3676739,EH38E2429347,168578000,168579000,168529000,168530000,2,-1
10514,chr5,168579013,168579218,168529094,168529443,EH38E3676740,EH38E2429347,168579000,168580000,168529000,168530000,3,-1
10515,chr5,168579584,168579934,168529094,168529443,EH38E3676742,EH38E2429347,168579000,168580000,168529000,168530000,3,-1
10516,chr5,166074311,166074645,168579310,168579497,EH38E2428222,EH38E3676741,166074000,166075000,168579000,168580000,1,-1
10517,chr5,166074929,166075119,168579310,168579497,EH38E3675953,EH38E3676741,166074000,166075000,168579000,168580000,1,-1
10518,chr5,168295664,168296011,168579310,168579497,EH38E3676595,EH38E3676741,168296000,168297000,168579000,168580000,1,-1
10519,chr5,168296020,168296175,168579310,168579497,EH38E3676596,EH38E3676741,168296000,168297000,168579000,168580000,1,-1
10520,chr5,168334733,168335083,168579310,168579497,EH38E3676638,EH38E3676741,168334000,168335000,168579000,168580000,1,-1
10521,chr5,168578805,168579012,168579310,168579497,EH38E3676739,EH38E3676741,168578000,168579000,168579000,168580000,277,-1
10522,chr5,168578805,168579012,168579310,168579497,EH38E3676739,EH38E3676741,168579000,168580000,168579000,168580000,188,-1
10523,chr5,168579013,168579218,168579310,168579497,EH38E3676740,EH38E3676741,168579000,168580000,168579000,168580000,188,-1
10524,chr5,168579584,168579934,168579310,168579497,EH38E3676742,EH38E3676741,168579000,168580000,168579000,168580000,188,-1
10525,chr5,169583930,169584099,168579310,168579497,EH38E2430084,EH38E3676741,169584000,169585000,168579000,168580000,1,-1
10526,chr5,169583930,169584099,169300937,169301283,EH38E2430084,EH38E3677122,169583000,169584000,169300000,169301000,3,-1
10527,chr5,170333595,170333925,169300937,169301283,EH38E2430641,EH38E3677122,170333000,170334000,169301000,169302000,1,-1
10528,chr5,169583930,169584099,169583520,169583869,EH38E2430084,EH38E3677213,169583000,169584000,169583000,169584000,118,-1
10529,chr5,170862205,170862433,169583520,169583869,EH38E3677890,EH38E3677213,170862000,170863000,169583000,169584000,1,-1
10530,chr5,170333595,170333925,169980475,169980635,EH38E2430641,EH38E2430373,170333000,170334000,169980000,169981000,1,-1
10531,chr5,170633062,170633398,169980475,169980635,EH38E3677822,EH38E2430373,170633000,170634000,169980000,169981000,1,-1
10532,chr5,170633440,170633733,169980475,169980635,EH38E3677823,EH38E2430373,170633000,170634000,169980000,169981000,1,-1
10533,chr5,170633750,170634002,169980475,169980635,EH38E3677824,EH38E2430373,170633000,170634000,169980000,169981000,1,-1
10534,chr5,171494892,171495099,169980475,169980635,EH38E3678097,EH38E2430373,171494000,171495000,169980000,169981000,1,-1
10535,chr5,170633062,170633398,170681140,170681488,EH38E3677822,EH38E3677832,170633000,170634000,170681000,170682000,5,-1
10536,chr5,170633440,170633733,170681140,170681488,EH38E3677823,EH38E3677832,170633000,170634000,170681000,170682000,5,-1
10537,chr5,170633750,170634002,170681140,170681488,EH38E3677824,EH38E3677832,170633000,170634000,170681000,170682000,5,-1
10538,chr5,170745719,170746065,170681140,170681488,EH38E3677842,EH38E3677832,170745000,170746000,170681000,170682000,2,-1
10539,chr5,170746099,170746313,170681140,170681488,EH38E2430893,EH38E3677832,170746000,170747000,170681000,170682000,3,-1
10540,chr5,170746533,170746823,170681140,170681488,EH38E3677844,EH38E3677832,170746000,170747000,170681000,170682000,3,-1
10541,chr5,170761356,170761705,170681140,170681488,EH38E2430917,EH38E3677832,170761000,170762000,170681000,170682000,3,-1
10542,chr5,170761771,170761972,170681140,170681488,EH38E2430918,EH38E3677832,170761000,170762000,170681000,170682000,3,-1
10543,chr5,170862205,170862433,170681140,170681488,EH38E3677890,EH38E3677832,170862000,170863000,170681000,170682000,4,-1
10544,chr5,170761356,170761705,170861801,170862151,EH38E2430917,EH38E2430964,170761000,170762000,170861000,170862000,2,-1
10545,chr5,170761771,170761972,170861801,170862151,EH38E2430918,EH38E2430964,170761000,170762000,170861000,170862000,2,-1
10546,chr5,169583930,169584099,170861801,170862151,EH38E2430084,EH38E2430964,169583000,169584000,170862000,170863000,1,-1
10547,chr5,170333595,170333925,170861801,170862151,EH38E2430641,EH38E2430964,170333000,170334000,170862000,170863000,1,-1
10548,chr5,170633062,170633398,170861801,170862151,EH38E3677822,EH38E2430964,170633000,170634000,170862000,170863000,6,-1
10549,chr5,170633440,170633733,170861801,170862151,EH38E3677823,EH38E2430964,170633000,170634000,170862000,170863000,6,-1
10550,chr5,170633750,170634002,170861801,170862151,EH38E3677824,EH38E2430964,170633000,170634000,170862000,170863000,6,-1
10551,chr5,170745719,170746065,170861801,170862151,EH38E3677842,EH38E2430964,170745000,170746000,170862000,170863000,7,-1
10552,chr5,170746099,170746313,170861801,170862151,EH38E2430893,EH38E2430964,170746000,170747000,170862000,170863000,4,-1
10553,chr5,170746533,170746823,170861801,170862151,EH38E3677844,EH38E2430964,170746000,170747000,170862000,170863000,4,-1
10554,chr5,170862205,170862433,170861801,170862151,EH38E3677890,EH38E2430964,170862000,170863000,170862000,170863000,573,-1
10555,chr5,171103271,171103591,170861801,170862151,EH38E2431021,EH38E2430964,171103000,171104000,170862000,170863000,4,-1
10556,chr5,171520313,171520660,170861801,170862151,EH38E3678106,EH38E2430964,171520000,171521000,170862000,170863000,1,-1
10557,chr5,171520819,171521151,170861801,170862151,EH38E2431272,EH38E2430964,171520000,171521000,170862000,170863000,1,-1
10558,chr5,171521304,171521650,170861801,170862151,EH38E3678107,EH38E2430964,171521000,171522000,170862000,170863000,1,-1
10559,chr5,170745719,170746065,171308942,171309288,EH38E3677842,EH38E3677965,170745000,170746000,171308000,171309000,2,-1
10560,chr5,170746099,170746313,171308942,171309288,EH38E2430893,EH38E3677965,170746000,170747000,171308000,171309000,2,-1
10561,chr5,170746533,170746823,171308942,171309288,EH38E3677844,EH38E3677965,170746000,170747000,171308000,171309000,2,-1
10562,chr5,170761356,170761705,171308942,171309288,EH38E2430917,EH38E3677965,170761000,170762000,171308000,171309000,3,-1
10563,chr5,170761771,170761972,171308942,171309288,EH38E2430918,EH38E3677965,170761000,170762000,171308000,171309000,3,-1
10564,chr5,171387246,171387404,171308942,171309288,EH38E2431147,EH38E3677965,171387000,171388000,171308000,171309000,2,-1
10565,chr5,171520313,171520660,171308942,171309288,EH38E3678106,EH38E3677965,171520000,171521000,171308000,171309000,1,-1
10566,chr5,171520819,171521151,171308942,171309288,EH38E2431272,EH38E3677965,171520000,171521000,171308000,171309000,1,-1
10567,chr5,172943225,172943575,171308942,171309288,EH38E2432549,EH38E3677965,172943000,172944000,171308000,171309000,1,-1
10568,chr5,173328779,173328969,171308942,171309288,EH38E3679446,EH38E3677965,173328000,173329000,171308000,171309000,1,-1
10569,chr5,170633062,170633398,171308942,171309288,EH38E3677822,EH38E3677965,170633000,170634000,171309000,171310000,5,-1
10570,chr5,170633440,170633733,171308942,171309288,EH38E3677823,EH38E3677965,170633000,170634000,171309000,171310000,5,-1
10571,chr5,170633750,170634002,171308942,171309288,EH38E3677824,EH38E3677965,170633000,170634000,171309000,171310000,5,-1
10572,chr5,170862205,170862433,171308942,171309288,EH38E3677890,EH38E3677965,170862000,170863000,171309000,171310000,2,-1
10573,chr5,171103271,171103591,171308942,171309288,EH38E2431021,EH38E3677965,171103000,171104000,171309000,171310000,3,-1
10574,chr5,171494892,171495099,171308942,171309288,EH38E3678097,EH38E3677965,171494000,171495000,171309000,171310000,3,-1
10575,chr5,172008850,172009200,171308942,171309288,EH38E2431612,EH38E3677965,172008000,172009000,171309000,171310000,1,-1
10576,chr5,170745719,170746065,171387021,171387187,EH38E3677842,EH38E3678010,170746000,170747000,171387000,171388000,1,-1
10577,chr5,170746099,170746313,171387021,171387187,EH38E2430893,EH38E3678010,170746000,170747000,171387000,171388000,1,-1
10578,chr5,170746533,170746823,171387021,171387187,EH38E3677844,EH38E3678010,170746000,170747000,171387000,171388000,1,-1
10579,chr5,171387246,171387404,171387021,171387187,EH38E2431147,EH38E3678010,171387000,171388000,171387000,171388000,269,-1
10580,chr5,171494892,171495099,171387021,171387187,EH38E3678097,EH38E3678010,171494000,171495000,171387000,171388000,2,-1
10581,chr5,171520819,171521151,171387021,171387187,EH38E2431272,EH38E3678010,171521000,171522000,171387000,171388000,1,-1
10582,chr5,171521304,171521650,171387021,171387187,EH38E3678107,EH38E3678010,171521000,171522000,171387000,171388000,1,-1
10583,chr5,172008850,172009200,171387021,171387187,EH38E2431612,EH38E3678010,172009000,172010000,171387000,171388000,1,-1
10584,chr5,173328779,173328969,171387021,171387187,EH38E3679446,EH38E3678010,173328000,173329000,171387000,171388000,1,-1
10585,chr5,170745719,170746065,171387493,171387843,EH38E3677842,EH38E3678011,170746000,170747000,171387000,171388000,1,-1
10586,chr5,170746099,170746313,171387493,171387843,EH38E2430893,EH38E3678011,170746000,170747000,171387000,171388000,1,-1
10587,chr5,170746533,170746823,171387493,171387843,EH38E3677844,EH38E3678011,170746000,170747000,171387000,171388000,1,-1
10588,chr5,171387246,171387404,171387493,171387843,EH38E2431147,EH38E3678011,171387000,171388000,171387000,171388000,269,-1
10589,chr5,171494892,171495099,171387493,171387843,EH38E3678097,EH38E3678011,171494000,171495000,171387000,171388000,2,-1
10590,chr5,171520819,171521151,171387493,171387843,EH38E2431272,EH38E3678011,171521000,171522000,171387000,171388000,1,-1
10591,chr5,171521304,171521650,171387493,171387843,EH38E3678107,EH38E3678011,171521000,171522000,171387000,171388000,1,-1
10592,chr5,172008850,172009200,171387493,171387843,EH38E2431612,EH38E3678011,172009000,172010000,171387000,171388000,1,-1
10593,chr5,173328779,173328969,171387493,171387843,EH38E3679446,EH38E3678011,173328000,173329000,171387000,171388000,1,-1
10594,chr5,169583930,169584099,171388413,171388762,EH38E2430084,EH38E3678012,169583000,169584000,171388000,171389000,1,-1
10595,chr5,170633062,170633398,171388413,171388762,EH38E3677822,EH38E3678012,170633000,170634000,171388000,171389000,2,-1
10596,chr5,170633440,170633733,171388413,171388762,EH38E3677823,EH38E3678012,170633000,170634000,171388000,171389000,2,-1
10597,chr5,170633750,170634002,171388413,171388762,EH38E3677824,EH38E3678012,170633000,170634000,171388000,171389000,2,-1
10598,chr5,170862205,170862433,171388413,171388762,EH38E3677890,EH38E3678012,170862000,170863000,171388000,171389000,2,-1
10599,chr5,171387246,171387404,171388413,171388762,EH38E2431147,EH38E3678012,171387000,171388000,171388000,171389000,265,-1
10600,chr5,171494892,171495099,171388413,171388762,EH38E3678097,EH38E3678012,171495000,171496000,171388000,171389000,1,-1
10601,chr5,171520313,171520660,171388413,171388762,EH38E3678106,EH38E3678012,171520000,171521000,171388000,171389000,4,-1
10602,chr5,171520819,171521151,171388413,171388762,EH38E2431272,EH38E3678012,171520000,171521000,171388000,171389000,4,-1
10603,chr5,171521304,171521650,171388413,171388762,EH38E3678107,EH38E3678012,171521000,171522000,171388000,171389000,1,-1
10604,chr5,172008850,172009200,171388413,171388762,EH38E2431612,EH38E3678012,172009000,172010000,171388000,171389000,1,-1
10605,chr5,172283944,172284273,171388413,171388762,EH38E3678538,EH38E3678012,172284000,172285000,171388000,171389000,1,-1
10606,chr5,172284346,172284509,171388413,171388762,EH38E3678539,EH38E3678012,172284000,172285000,171388000,171389000,1,-1
10607,chr5,170633062,170633398,171419279,171419621,EH38E3677822,EH38E3678039,170633000,170634000,171419000,171420000,1,-1
10608,chr5,170633440,170633733,171419279,171419621,EH38E3677823,EH38E3678039,170633000,170634000,171419000,171420000,1,-1
10609,chr5,170633750,170634002,171419279,171419621,EH38E3677824,EH38E3678039,170633000,170634000,171419000,171420000,1,-1
10610,chr5,170761356,170761705,171419279,171419621,EH38E2430917,EH38E3678039,170761000,170762000,171419000,171420000,1,-1
10611,chr5,170761771,170761972,171419279,171419621,EH38E2430918,EH38E3678039,170761000,170762000,171419000,171420000,1,-1
10612,chr5,171387246,171387404,171419279,171419621,EH38E2431147,EH38E3678039,171387000,171388000,171419000,171420000,3,-1
10613,chr5,171494892,171495099,171419279,171419621,EH38E3678097,EH38E3678039,171494000,171495000,171419000,171420000,5,-1
10614,chr5,171520313,171520660,171419279,171419621,EH38E3678106,EH38E3678039,171520000,171521000,171419000,171420000,8,-1
10615,chr5,171520819,171521151,171419279,171419621,EH38E2431272,EH38E3678039,171520000,171521000,171419000,171420000,8,-1
10616,chr5,171521304,171521650,171419279,171419621,EH38E3678107,EH38E3678039,171521000,171522000,171419000,171420000,6,-1
10617,chr5,172008850,172009200,171419279,171419621,EH38E2431612,EH38E3678039,172009000,172010000,171419000,171420000,1,-1
10618,chr5,172452923,172453111,171419279,171419621,EH38E2432010,EH38E3678039,172452000,172453000,171419000,171420000,1,-1
10619,chr5,173057085,173057430,171419279,171419621,EH38E2432662,EH38E3678039,173057000,173058000,171419000,171420000,1,-1
10620,chr5,173057442,173057646,171419279,171419621,EH38E2432663,EH38E3678039,173057000,173058000,171419000,171420000,1,-1
10621,chr5,170862205,170862433,172006535,172006797,EH38E3677890,EH38E3678340,170862000,170863000,172006000,172007000,1,-1
10622,chr5,171494892,171495099,172006535,172006797,EH38E3678097,EH38E3678340,171495000,171496000,172006000,172007000,1,-1
10623,chr5,171980715,171980997,172006535,172006797,EH38E3678320,EH38E3678340,171980000,171981000,172006000,172007000,6,-1
10624,chr5,172008850,172009200,172006535,172006797,EH38E2431612,EH38E3678340,172008000,172009000,172006000,172007000,54,-1
10625,chr5,172282987,172283321,172006535,172006797,EH38E3678535,EH38E3678340,172282000,172283000,172006000,172007000,1,-1
10626,chr5,172283944,172284273,172006535,172006797,EH38E3678538,EH38E3678340,172283000,172284000,172006000,172007000,2,-1
10627,chr5,172284346,172284509,172006535,172006797,EH38E3678539,EH38E3678340,172284000,172285000,172006000,172007000,1,-1
10628,chr5,172452923,172453111,172006535,172006797,EH38E2432010,EH38E3678340,172452000,172453000,172006000,172007000,1,-1
10629,chr5,172453129,172453415,172006535,172006797,EH38E3678659,EH38E3678340,172453000,172454000,172006000,172007000,1,-1
10630,chr5,172453429,172453639,172006535,172006797,EH38E3678660,EH38E3678340,172453000,172454000,172006000,172007000,1,-1
10631,chr5,172454032,172454254,172006535,172006797,EH38E3678662,EH38E3678340,172454000,172455000,172006000,172007000,2,-1
10632,chr5,172984312,172984657,172006535,172006797,EH38E3679227,EH38E3678340,172984000,172985000,172006000,172007000,1,-1
10633,chr5,170862205,170862433,172006803,172007153,EH38E3677890,EH38E3678341,170862000,170863000,172006000,172007000,1,-1
10634,chr5,171494892,171495099,172006803,172007153,EH38E3678097,EH38E3678341,171495000,171496000,172006000,172007000,1,-1
10635,chr5,171980715,171980997,172006803,172007153,EH38E3678320,EH38E3678341,171980000,171981000,172006000,172007000,6,-1
10636,chr5,172282987,172283321,172006803,172007153,EH38E3678535,EH38E3678341,172282000,172283000,172006000,172007000,1,-1
10637,chr5,172283944,172284273,172006803,172007153,EH38E3678538,EH38E3678341,172283000,172284000,172006000,172007000,2,-1
10638,chr5,172452923,172453111,172006803,172007153,EH38E2432010,EH38E3678341,172452000,172453000,172006000,172007000,1,-1
10639,chr5,172453129,172453415,172006803,172007153,EH38E3678659,EH38E3678341,172453000,172454000,172006000,172007000,1,-1
10640,chr5,172453429,172453639,172006803,172007153,EH38E3678660,EH38E3678341,172453000,172454000,172006000,172007000,1,-1
10641,chr5,172454032,172454254,172006803,172007153,EH38E3678662,EH38E3678341,172454000,172455000,172006000,172007000,2,-1
10642,chr5,172984312,172984657,172006803,172007153,EH38E3679227,EH38E3678341,172984000,172985000,172006000,172007000,1,-1
10643,chr5,171520313,171520660,172006803,172007153,EH38E3678106,EH38E3678341,171520000,171521000,172007000,172008000,1,-1
10644,chr5,171520819,171521151,172006803,172007153,EH38E2431272,EH38E3678341,171520000,171521000,172007000,172008000,1,-1
10645,chr5,171521304,171521650,172006803,172007153,EH38E3678107,EH38E3678341,171521000,171522000,172007000,172008000,2,-1
10646,chr5,172008850,172009200,172006803,172007153,EH38E2431612,EH38E3678341,172008000,172009000,172007000,172008000,450,-1
10647,chr5,172284346,172284509,172006803,172007153,EH38E3678539,EH38E3678341,172284000,172285000,172007000,172008000,5,-1
10648,chr5,171494892,171495099,172188055,172188225,EH38E3678097,EH38E3678503,171494000,171495000,172188000,172189000,1,-1
10649,chr5,171520819,171521151,172188055,172188225,EH38E2431272,EH38E3678503,171521000,171522000,172188000,172189000,1,-1
10650,chr5,171521304,171521650,172188055,172188225,EH38E3678107,EH38E3678503,171521000,171522000,172188000,172189000,1,-1
10651,chr5,171980715,171980997,172188055,172188225,EH38E3678320,EH38E3678503,171980000,171981000,172188000,172189000,2,-1
10652,chr5,172008850,172009200,172188055,172188225,EH38E2431612,EH38E3678503,172008000,172009000,172188000,172189000,2,-1
10653,chr5,172282987,172283321,172188055,172188225,EH38E3678535,EH38E3678503,172282000,172283000,172188000,172189000,4,-1
10654,chr5,172283944,172284273,172188055,172188225,EH38E3678538,EH38E3678503,172283000,172284000,172188000,172189000,9,-1
10655,chr5,172284346,172284509,172188055,172188225,EH38E3678539,EH38E3678503,172284000,172285000,172188000,172189000,10,-1
10656,chr5,172452923,172453111,172188055,172188225,EH38E2432010,EH38E3678503,172452000,172453000,172188000,172189000,3,-1
10657,chr5,172453129,172453415,172188055,172188225,EH38E3678659,EH38E3678503,172453000,172454000,172188000,172189000,3,-1
10658,chr5,172453429,172453639,172188055,172188225,EH38E3678660,EH38E3678503,172453000,172454000,172188000,172189000,3,-1
10659,chr5,172454032,172454254,172188055,172188225,EH38E3678662,EH38E3678503,172454000,172455000,172188000,172189000,2,-1
10660,chr5,173328779,173328969,172188055,172188225,EH38E3679446,EH38E3678503,173328000,173329000,172188000,172189000,1,-1
10661,chr5,173498965,173499313,172188055,172188225,EH38E3679536,EH38E3678503,173498000,173499000,172188000,172189000,1,-1
10662,chr5,171494892,171495099,172188230,172188576,EH38E3678097,EH38E3678504,171494000,171495000,172188000,172189000,1,-1
10663,chr5,171520819,171521151,172188230,172188576,EH38E2431272,EH38E3678504,171521000,171522000,172188000,172189000,1,-1
10664,chr5,171521304,171521650,172188230,172188576,EH38E3678107,EH38E3678504,171521000,171522000,172188000,172189000,1,-1
10665,chr5,171980715,171980997,172188230,172188576,EH38E3678320,EH38E3678504,171980000,171981000,172188000,172189000,2,-1
10666,chr5,172008850,172009200,172188230,172188576,EH38E2431612,EH38E3678504,172008000,172009000,172188000,172189000,2,-1
10667,chr5,172282987,172283321,172188230,172188576,EH38E3678535,EH38E3678504,172282000,172283000,172188000,172189000,4,-1
10668,chr5,172283944,172284273,172188230,172188576,EH38E3678538,EH38E3678504,172283000,172284000,172188000,172189000,9,-1
10669,chr5,172284346,172284509,172188230,172188576,EH38E3678539,EH38E3678504,172284000,172285000,172188000,172189000,10,-1
10670,chr5,172452923,172453111,172188230,172188576,EH38E2432010,EH38E3678504,172452000,172453000,172188000,172189000,3,-1
10671,chr5,172453129,172453415,172188230,172188576,EH38E3678659,EH38E3678504,172453000,172454000,172188000,172189000,3,-1
10672,chr5,172453429,172453639,172188230,172188576,EH38E3678660,EH38E3678504,172453000,172454000,172188000,172189000,3,-1
10673,chr5,172454032,172454254,172188230,172188576,EH38E3678662,EH38E3678504,172454000,172455000,172188000,172189000,2,-1
10674,chr5,173328779,173328969,172188230,172188576,EH38E3679446,EH38E3678504,173328000,173329000,172188000,172189000,1,-1
10675,chr5,173498965,173499313,172188230,172188576,EH38E3679536,EH38E3678504,173498000,173499000,172188000,172189000,1,-1
10676,chr5,170333595,170333925,172283499,172283674,EH38E2430641,EH38E3678536,170333000,170334000,172283000,172284000,1,-1
10677,chr5,171494892,171495099,172283499,172283674,EH38E3678097,EH38E3678536,171494000,171495000,172283000,172284000,1,-1
10678,chr5,172008850,172009200,172283499,172283674,EH38E2431612,EH38E3678536,172008000,172009000,172283000,172284000,1,-1
10679,chr5,172282987,172283321,172283499,172283674,EH38E3678535,EH38E3678536,172282000,172283000,172283000,172284000,251,-1
10680,chr5,172282987,172283321,172283499,172283674,EH38E3678535,EH38E3678536,172283000,172284000,172283000,172284000,352,-1
10681,chr5,172283944,172284273,172283499,172283674,EH38E3678538,EH38E3678536,172283000,172284000,172283000,172284000,352,-1
10682,chr5,172284346,172284509,172283499,172283674,EH38E3678539,EH38E3678536,172284000,172285000,172283000,172284000,75,-1
10683,chr5,172452923,172453111,172283499,172283674,EH38E2432010,EH38E3678536,172452000,172453000,172283000,172284000,2,-1
10684,chr5,172453129,172453415,172283499,172283674,EH38E3678659,EH38E3678536,172453000,172454000,172283000,172284000,2,-1
10685,chr5,172453429,172453639,172283499,172283674,EH38E3678660,EH38E3678536,172453000,172454000,172283000,172284000,2,-1
10686,chr5,170333595,170333925,172283773,172283942,EH38E2430641,EH38E3678537,170333000,170334000,172283000,172284000,1,-1
10687,chr5,171494892,171495099,172283773,172283942,EH38E3678097,EH38E3678537,171494000,171495000,172283000,172284000,1,-1
10688,chr5,172008850,172009200,172283773,172283942,EH38E2431612,EH38E3678537,172008000,172009000,172283000,172284000,1,-1
10689,chr5,172282987,172283321,172283773,172283942,EH38E3678535,EH38E3678537,172282000,172283000,172283000,172284000,251,-1
10690,chr5,172282987,172283321,172283773,172283942,EH38E3678535,EH38E3678537,172283000,172284000,172283000,172284000,352,-1
10691,chr5,172283944,172284273,172283773,172283942,EH38E3678538,EH38E3678537,172283000,172284000,172283000,172284000,352,-1
10692,chr5,172284346,172284509,172283773,172283942,EH38E3678539,EH38E3678537,172284000,172285000,172283000,172284000,75,-1
10693,chr5,172452923,172453111,172283773,172283942,EH38E2432010,EH38E3678537,172452000,172453000,172283000,172284000,2,-1
10694,chr5,172453129,172453415,172283773,172283942,EH38E3678659,EH38E3678537,172453000,172454000,172283000,172284000,2,-1
10695,chr5,172453429,172453639,172283773,172283942,EH38E3678660,EH38E3678537,172453000,172454000,172283000,172284000,2,-1
10696,chr5,171520313,171520660,172454398,172454747,EH38E3678106,EH38E3678663,171520000,171521000,172454000,172455000,1,-1
10697,chr5,171520819,171521151,172454398,172454747,EH38E2431272,EH38E3678663,171520000,171521000,172454000,172455000,1,-1
10698,chr5,171521304,171521650,172454398,172454747,EH38E3678107,EH38E3678663,171521000,171522000,172454000,172455000,1,-1
10699,chr5,172008850,172009200,172454398,172454747,EH38E2431612,EH38E3678663,172008000,172009000,172454000,172455000,1,-1
10700,chr5,172452923,172453111,172454398,172454747,EH38E2432010,EH38E3678663,172452000,172453000,172454000,172455000,57,-1
10701,chr5,172453129,172453415,172454398,172454747,EH38E3678659,EH38E3678663,172453000,172454000,172454000,172455000,451,-1
10702,chr5,172453429,172453639,172454398,172454747,EH38E3678660,EH38E3678663,172453000,172454000,172454000,172455000,451,-1
10703,chr5,172454032,172454254,172454398,172454747,EH38E3678662,EH38E3678663,172454000,172455000,172454000,172455000,151,-1
10704,chr5,172833627,172833974,172454398,172454747,EH38E3679052,EH38E3678663,172833000,172834000,172454000,172455000,1,-1
10705,chr5,173057085,173057430,172454398,172454747,EH38E2432662,EH38E3678663,173057000,173058000,172454000,172455000,2,-1
10706,chr5,173057442,173057646,172454398,172454747,EH38E2432663,EH38E3678663,173057000,173058000,172454000,172455000,2,-1
10707,chr5,173328779,173328969,172454398,172454747,EH38E3679446,EH38E3678663,173328000,173329000,172454000,172455000,2,-1
10708,chr5,173329054,173329385,172454398,172454747,EH38E3679447,EH38E3678663,173329000,173330000,172454000,172455000,1,-1
10709,chr5,173329407,173329578,172454398,172454747,EH38E2432885,EH38E3678663,173329000,173330000,172454000,172455000,1,-1
10710,chr5,173329598,173329941,172454398,172454747,EH38E2432886,EH38E3678663,173329000,173330000,172454000,172455000,1,-1
10711,chr5,173330031,173330232,172454398,172454747,EH38E2432887,EH38E3678663,173330000,173331000,172454000,172455000,2,-1
10712,chr5,173330324,173330542,172454398,172454747,EH38E3679448,EH38E3678663,173330000,173331000,172454000,172455000,2,-1
10713,chr5,171520313,171520660,172641040,172641371,EH38E3678106,EH38E3678806,171520000,171521000,172641000,172642000,1,-1
10714,chr5,171520819,171521151,172641040,172641371,EH38E2431272,EH38E3678806,171520000,171521000,172641000,172642000,1,-1
10715,chr5,172282987,172283321,172641040,172641371,EH38E3678535,EH38E3678806,172282000,172283000,172641000,172642000,1,-1
10716,chr5,172283944,172284273,172641040,172641371,EH38E3678538,EH38E3678806,172284000,172285000,172641000,172642000,1,-1
10717,chr5,172284346,172284509,172641040,172641371,EH38E3678539,EH38E3678806,172284000,172285000,172641000,172642000,1,-1
10718,chr5,172452923,172453111,172641040,172641371,EH38E2432010,EH38E3678806,172452000,172453000,172641000,172642000,4,-1
10719,chr5,172453129,172453415,172641040,172641371,EH38E3678659,EH38E3678806,172453000,172454000,172641000,172642000,2,-1
10720,chr5,172453429,172453639,172641040,172641371,EH38E3678660,EH38E3678806,172453000,172454000,172641000,172642000,2,-1
10721,chr5,172454032,172454254,172641040,172641371,EH38E3678662,EH38E3678806,172454000,172455000,172641000,172642000,5,-1
10722,chr5,172765059,172765256,172641040,172641371,EH38E3678963,EH38E3678806,172765000,172766000,172641000,172642000,2,-1
10723,chr5,172765280,172765613,172641040,172641371,EH38E3678964,EH38E3678806,172765000,172766000,172641000,172642000,2,-1
10724,chr5,172770578,172770927,172641040,172641371,EH38E3678975,EH38E3678806,172770000,172771000,172641000,172642000,1,-1
10725,chr5,172833627,172833974,172641040,172641371,EH38E3679052,EH38E3678806,172833000,172834000,172641000,172642000,1,-1
10726,chr5,172943225,172943575,172641040,172641371,EH38E2432549,EH38E3678806,172943000,172944000,172641000,172642000,1,-1
10727,chr5,172984312,172984657,172641040,172641371,EH38E3679227,EH38E3678806,172984000,172985000,172641000,172642000,1,-1
10728,chr5,173057085,173057430,172641040,172641371,EH38E2432662,EH38E3678806,173057000,173058000,172641000,172642000,3,-1
10729,chr5,173057442,173057646,172641040,172641371,EH38E2432663,EH38E3678806,173057000,173058000,172641000,172642000,3,-1
10730,chr5,173144682,173144835,172641040,172641371,EH38E3679308,EH38E3678806,173144000,173145000,172641000,172642000,1,-1
10731,chr5,173887737,173887999,172641040,172641371,EH38E3679876,EH38E3678806,173887000,173888000,172641000,172642000,1,-1
10732,chr5,173963937,173964260,172641040,172641371,EH38E2433528,EH38E3678806,173963000,173964000,172641000,172642000,1,-1
10733,chr5,170397041,170397364,172697462,172697804,EH38E2430694,EH38E3678890,170397000,170398000,172697000,172698000,1,-1
10734,chr5,172282987,172283321,172697462,172697804,EH38E3678535,EH38E3678890,172283000,172284000,172697000,172698000,2,-1
10735,chr5,172283944,172284273,172697462,172697804,EH38E3678538,EH38E3678890,172283000,172284000,172697000,172698000,2,-1
10736,chr5,172452923,172453111,172697462,172697804,EH38E2432010,EH38E3678890,172452000,172453000,172697000,172698000,12,-1
10737,chr5,172453129,172453415,172697462,172697804,EH38E3678659,EH38E3678890,172453000,172454000,172697000,172698000,16,-1
10738,chr5,172453429,172453639,172697462,172697804,EH38E3678660,EH38E3678890,172453000,172454000,172697000,172698000,16,-1
10739,chr5,172454032,172454254,172697462,172697804,EH38E3678662,EH38E3678890,172454000,172455000,172697000,172698000,7,-1
10740,chr5,172765059,172765256,172697462,172697804,EH38E3678963,EH38E3678890,172765000,172766000,172697000,172698000,3,-1
10741,chr5,172765280,172765613,172697462,172697804,EH38E3678964,EH38E3678890,172765000,172766000,172697000,172698000,3,-1
10742,chr5,172770578,172770927,172697462,172697804,EH38E3678975,EH38E3678890,172770000,172771000,172697000,172698000,4,-1
10743,chr5,172771457,172771635,172697462,172697804,EH38E3678977,EH38E3678890,172771000,172772000,172697000,172698000,3,-1
10744,chr5,172833627,172833974,172697462,172697804,EH38E3679052,EH38E3678890,172833000,172834000,172697000,172698000,1,-1
10745,chr5,172984312,172984657,172697462,172697804,EH38E3679227,EH38E3678890,172984000,172985000,172697000,172698000,3,-1
10746,chr5,173057085,173057430,172697462,172697804,EH38E2432662,EH38E3678890,173057000,173058000,172697000,172698000,3,-1
10747,chr5,173057442,173057646,172697462,172697804,EH38E2432663,EH38E3678890,173057000,173058000,172697000,172698000,3,-1
10748,chr5,173144682,173144835,172697462,172697804,EH38E3679308,EH38E3678890,173144000,173145000,172697000,172698000,1,-1
10749,chr5,173292265,173292597,172697462,172697804,EH38E3679403,EH38E3678890,173292000,173293000,172697000,172698000,2,-1
10750,chr5,173315579,173315925,172697462,172697804,EH38E3679428,EH38E3678890,173315000,173316000,172697000,172698000,1,-1
10751,chr5,173315939,173316289,172697462,172697804,EH38E3679429,EH38E3678890,173315000,173316000,172697000,172698000,1,-1
10752,chr5,173328779,173328969,172697462,172697804,EH38E3679446,EH38E3678890,173328000,173329000,172697000,172698000,1,-1
10753,chr5,173329054,173329385,172697462,172697804,EH38E3679447,EH38E3678890,173329000,173330000,172697000,172698000,2,-1
10754,chr5,173329407,173329578,172697462,172697804,EH38E2432885,EH38E3678890,173329000,173330000,172697000,172698000,2,-1
10755,chr5,173329598,173329941,172697462,172697804,EH38E2432886,EH38E3678890,173329000,173330000,172697000,172698000,2,-1
10756,chr5,170761356,170761705,172771099,172771448,EH38E2430917,EH38E3678976,170761000,170762000,172771000,172772000,1,-1
10757,chr5,170761771,170761972,172771099,172771448,EH38E2430918,EH38E3678976,170761000,170762000,172771000,172772000,1,-1
10758,chr5,172008850,172009200,172771099,172771448,EH38E2431612,EH38E3678976,172008000,172009000,172771000,172772000,1,-1
10759,chr5,172282987,172283321,172771099,172771448,EH38E3678535,EH38E3678976,172282000,172283000,172771000,172772000,1,-1
10760,chr5,172452923,172453111,172771099,172771448,EH38E2432010,EH38E3678976,172453000,172454000,172771000,172772000,3,-1
10761,chr5,172453129,172453415,172771099,172771448,EH38E3678659,EH38E3678976,172453000,172454000,172771000,172772000,3,-1
10762,chr5,172453429,172453639,172771099,172771448,EH38E3678660,EH38E3678976,172453000,172454000,172771000,172772000,3,-1
10763,chr5,172765059,172765256,172771099,172771448,EH38E3678963,EH38E3678976,172765000,172766000,172771000,172772000,41,-1
10764,chr5,172765280,172765613,172771099,172771448,EH38E3678964,EH38E3678976,172765000,172766000,172771000,172772000,41,-1
10765,chr5,172770578,172770927,172771099,172771448,EH38E3678975,EH38E3678976,172770000,172771000,172771000,172772000,393,-1
10766,chr5,172771457,172771635,172771099,172771448,EH38E3678977,EH38E3678976,172771000,172772000,172771000,172772000,493,-1
10767,chr5,172833627,172833974,172771099,172771448,EH38E3679052,EH38E3678976,172833000,172834000,172771000,172772000,9,-1
10768,chr5,172943225,172943575,172771099,172771448,EH38E2432549,EH38E3678976,172943000,172944000,172771000,172772000,5,-1
10769,chr5,172984312,172984657,172771099,172771448,EH38E3679227,EH38E3678976,172984000,172985000,172771000,172772000,4,-1
10770,chr5,173144682,173144835,172771099,172771448,EH38E3679308,EH38E3678976,173144000,173145000,172771000,172772000,3,-1
10771,chr5,173292265,173292597,172771099,172771448,EH38E3679403,EH38E3678976,173292000,173293000,172771000,172772000,1,-1
10772,chr5,173315579,173315925,172771099,172771448,EH38E3679428,EH38E3678976,173315000,173316000,172771000,172772000,1,-1
10773,chr5,173315939,173316289,172771099,172771448,EH38E3679429,EH38E3678976,173315000,173316000,172771000,172772000,1,-1
10774,chr5,173328779,173328969,172771099,172771448,EH38E3679446,EH38E3678976,173328000,173329000,172771000,172772000,1,-1
10775,chr5,173329054,173329385,172771099,172771448,EH38E3679447,EH38E3678976,173329000,173330000,172771000,172772000,2,-1
10776,chr5,173329407,173329578,172771099,172771448,EH38E2432885,EH38E3678976,173329000,173330000,172771000,172772000,2,-1
10777,chr5,173329598,173329941,172771099,172771448,EH38E2432886,EH38E3678976,173329000,173330000,172771000,172772000,2,-1
10778,chr5,173615930,173616273,172771099,172771448,EH38E3679602,EH38E3678976,173615000,173616000,172771000,172772000,1,-1
10779,chr5,175479184,175479532,172771099,172771448,EH38E3680534,EH38E3678976,175479000,175480000,172771000,172772000,1,-1
10780,chr5,171520819,171521151,172834106,172834456,EH38E2431272,EH38E3679053,171521000,171522000,172834000,172835000,1,-1
10781,chr5,171521304,171521650,172834106,172834456,EH38E3678107,EH38E3679053,171521000,171522000,172834000,172835000,1,-1
10782,chr5,171980715,171980997,172834106,172834456,EH38E3678320,EH38E3679053,171980000,171981000,172834000,172835000,1,-1
10783,chr5,172452923,172453111,172834106,172834456,EH38E2432010,EH38E3679053,172452000,172453000,172834000,172835000,1,-1
10784,chr5,172765059,172765256,172834106,172834456,EH38E3678963,EH38E3679053,172765000,172766000,172834000,172835000,7,-1
10785,chr5,172765280,172765613,172834106,172834456,EH38E3678964,EH38E3679053,172765000,172766000,172834000,172835000,7,-1
10786,chr5,172770578,172770927,172834106,172834456,EH38E3678975,EH38E3679053,172770000,172771000,172834000,172835000,8,-1
10787,chr5,172771457,172771635,172834106,172834456,EH38E3678977,EH38E3679053,172771000,172772000,172834000,172835000,11,-1
10788,chr5,172833627,172833974,172834106,172834456,EH38E3679052,EH38E3679053,172833000,172834000,172834000,172835000,258,-1
10789,chr5,172943225,172943575,172834106,172834456,EH38E2432549,EH38E3679053,172943000,172944000,172834000,172835000,4,-1
10790,chr5,172984312,172984657,172834106,172834456,EH38E3679227,EH38E3679053,172984000,172985000,172834000,172835000,1,-1
10791,chr5,173057085,173057430,172834106,172834456,EH38E2432662,EH38E3679053,173057000,173058000,172834000,172835000,1,-1
10792,chr5,173057442,173057646,172834106,172834456,EH38E2432663,EH38E3679053,173057000,173058000,172834000,172835000,1,-1
10793,chr5,173144682,173144835,172834106,172834456,EH38E3679308,EH38E3679053,173144000,173145000,172834000,172835000,1,-1
10794,chr5,173292265,173292597,172834106,172834456,EH38E3679403,EH38E3679053,173292000,173293000,172834000,172835000,1,-1
10795,chr5,173328779,173328969,172834106,172834456,EH38E3679446,EH38E3679053,173328000,173329000,172834000,172835000,1,-1
10796,chr5,173329054,173329385,172834106,172834456,EH38E3679447,EH38E3679053,173329000,173330000,172834000,172835000,2,-1
10797,chr5,173329407,173329578,172834106,172834456,EH38E2432885,EH38E3679053,173329000,173330000,172834000,172835000,2,-1
10798,chr5,173329598,173329941,172834106,172834456,EH38E2432886,EH38E3679053,173329000,173330000,172834000,172835000,2,-1
10799,chr5,173627858,173628104,172834106,172834456,EH38E2433083,EH38E3679053,173628000,173629000,172834000,172835000,1,-1
10800,chr5,173628125,173628470,172834106,172834456,EH38E3679614,EH38E3679053,173628000,173629000,172834000,172835000,1,-1
10801,chr5,170761356,170761705,172958675,172958963,EH38E2430917,EH38E3679210,170761000,170762000,172958000,172959000,1,-1
10802,chr5,170761771,170761972,172958675,172958963,EH38E2430918,EH38E3679210,170761000,170762000,172958000,172959000,1,-1
10803,chr5,171980715,171980997,172958675,172958963,EH38E3678320,EH38E3679210,171980000,171981000,172958000,172959000,1,-1
10804,chr5,172452923,172453111,172958675,172958963,EH38E2432010,EH38E3679210,172452000,172453000,172958000,172959000,1,-1
10805,chr5,172765059,172765256,172958675,172958963,EH38E3678963,EH38E3679210,172765000,172766000,172958000,172959000,8,-1
10806,chr5,172765280,172765613,172958675,172958963,EH38E3678964,EH38E3679210,172765000,172766000,172958000,172959000,8,-1
10807,chr5,172770578,172770927,172958675,172958963,EH38E3678975,EH38E3679210,172770000,172771000,172958000,172959000,6,-1
10808,chr5,172771457,172771635,172958675,172958963,EH38E3678977,EH38E3679210,172771000,172772000,172958000,172959000,5,-1
10809,chr5,172833627,172833974,172958675,172958963,EH38E3679052,EH38E3679210,172833000,172834000,172958000,172959000,1,-1
10810,chr5,172943225,172943575,172958675,172958963,EH38E2432549,EH38E3679210,172943000,172944000,172958000,172959000,7,-1
10811,chr5,172984312,172984657,172958675,172958963,EH38E3679227,EH38E3679210,172984000,172985000,172958000,172959000,6,-1
10812,chr5,173144682,173144835,172958675,172958963,EH38E3679308,EH38E3679210,173144000,173145000,172958000,172959000,3,-1
10813,chr5,173315579,173315925,172958675,172958963,EH38E3679428,EH38E3679210,173315000,173316000,172958000,172959000,1,-1
10814,chr5,173315939,173316289,172958675,172958963,EH38E3679429,EH38E3679210,173315000,173316000,172958000,172959000,1,-1
10815,chr5,173328779,173328969,172958675,172958963,EH38E3679446,EH38E3679210,173328000,173329000,172958000,172959000,4,-1
10816,chr5,173329054,173329385,172958675,172958963,EH38E3679447,EH38E3679210,173329000,173330000,172958000,172959000,2,-1
10817,chr5,173329407,173329578,172958675,172958963,EH38E2432885,EH38E3679210,173329000,173330000,172958000,172959000,2,-1
10818,chr5,173329598,173329941,172958675,172958963,EH38E2432886,EH38E3679210,173329000,173330000,172958000,172959000,2,-1
10819,chr5,173330031,173330232,172958675,172958963,EH38E2432887,EH38E3679210,173330000,173331000,172958000,172959000,2,-1
10820,chr5,173330324,173330542,172958675,172958963,EH38E3679448,EH38E3679210,173330000,173331000,172958000,172959000,2,-1
10821,chr5,173627858,173628104,172958675,172958963,EH38E2433083,EH38E3679210,173628000,173629000,172958000,172959000,1,-1
10822,chr5,173628125,173628470,172958675,172958963,EH38E3679614,EH38E3679210,173628000,173629000,172958000,172959000,1,-1
10823,chr5,173941878,173942078,172958675,172958963,EH38E3679934,EH38E3679210,173942000,173943000,172958000,172959000,1,-1
10824,chr5,172282987,172283321,172959190,172959539,EH38E3678535,EH38E3679211,172283000,172284000,172959000,172960000,1,-1
10825,chr5,172283944,172284273,172959190,172959539,EH38E3678538,EH38E3679211,172283000,172284000,172959000,172960000,1,-1
10826,chr5,172452923,172453111,172959190,172959539,EH38E2432010,EH38E3679211,172452000,172453000,172959000,172960000,2,-1
10827,chr5,172454032,172454254,172959190,172959539,EH38E3678662,EH38E3679211,172454000,172455000,172959000,172960000,1,-1
10828,chr5,172765059,172765256,172959190,172959539,EH38E3678963,EH38E3679211,172765000,172766000,172959000,172960000,1,-1
10829,chr5,172765280,172765613,172959190,172959539,EH38E3678964,EH38E3679211,172765000,172766000,172959000,172960000,1,-1
10830,chr5,172770578,172770927,172959190,172959539,EH38E3678975,EH38E3679211,172770000,172771000,172959000,172960000,2,-1
10831,chr5,172771457,172771635,172959190,172959539,EH38E3678977,EH38E3679211,172771000,172772000,172959000,172960000,2,-1
10832,chr5,172833627,172833974,172959190,172959539,EH38E3679052,EH38E3679211,172833000,172834000,172959000,172960000,1,-1
10833,chr5,172943225,172943575,172959190,172959539,EH38E2432549,EH38E3679211,172943000,172944000,172959000,172960000,8,-1
10834,chr5,172984312,172984657,172959190,172959539,EH38E3679227,EH38E3679211,172984000,172985000,172959000,172960000,11,-1
10835,chr5,173057085,173057430,172959190,172959539,EH38E2432662,EH38E3679211,173057000,173058000,172959000,172960000,2,-1
10836,chr5,173057442,173057646,172959190,172959539,EH38E2432663,EH38E3679211,173057000,173058000,172959000,172960000,2,-1
10837,chr5,173144682,173144835,172959190,172959539,EH38E3679308,EH38E3679211,173144000,173145000,172959000,172960000,3,-1
10838,chr5,173328779,173328969,172959190,172959539,EH38E3679446,EH38E3679211,173328000,173329000,172959000,172960000,1,-1
10839,chr5,173329054,173329385,172959190,172959539,EH38E3679447,EH38E3679211,173329000,173330000,172959000,172960000,3,-1
10840,chr5,173329407,173329578,172959190,172959539,EH38E2432885,EH38E3679211,173329000,173330000,172959000,172960000,3,-1
10841,chr5,173329598,173329941,172959190,172959539,EH38E2432886,EH38E3679211,173329000,173330000,172959000,172960000,3,-1
10842,chr5,173330031,173330232,172959190,172959539,EH38E2432887,EH38E3679211,173330000,173331000,172959000,172960000,1,-1
10843,chr5,173330324,173330542,172959190,172959539,EH38E3679448,EH38E3679211,173330000,173331000,172959000,172960000,1,-1
10844,chr5,173615930,173616273,172959190,172959539,EH38E3679602,EH38E3679211,173615000,173616000,172959000,172960000,1,-1
10845,chr5,173627858,173628104,172959190,172959539,EH38E2433083,EH38E3679211,173628000,173629000,172959000,172960000,1,-1
10846,chr5,173628125,173628470,172959190,172959539,EH38E3679614,EH38E3679211,173628000,173629000,172959000,172960000,1,-1
10847,chr5,173972868,173973108,172959190,172959539,EH38E3679962,EH38E3679211,173972000,173973000,172959000,172960000,1,-1
10848,chr5,173973183,173973502,172959190,172959539,EH38E3679963,EH38E3679211,173973000,173974000,172959000,172960000,1,-1
10849,chr5,170633062,170633398,172983597,172983927,EH38E3677822,EH38E3679225,170633000,170634000,172983000,172984000,1,-1
10850,chr5,170633440,170633733,172983597,172983927,EH38E3677823,EH38E3679225,170633000,170634000,172983000,172984000,1,-1
10851,chr5,170633750,170634002,172983597,172983927,EH38E3677824,EH38E3679225,170633000,170634000,172983000,172984000,1,-1
10852,chr5,172282987,172283321,172983597,172983927,EH38E3678535,EH38E3679225,172283000,172284000,172983000,172984000,1,-1
10853,chr5,172283944,172284273,172983597,172983927,EH38E3678538,EH38E3679225,172283000,172284000,172983000,172984000,1,-1
10854,chr5,172452923,172453111,172983597,172983927,EH38E2432010,EH38E3679225,172453000,172454000,172983000,172984000,1,-1
10855,chr5,172453129,172453415,172983597,172983927,EH38E3678659,EH38E3679225,172453000,172454000,172983000,172984000,1,-1
10856,chr5,172453429,172453639,172983597,172983927,EH38E3678660,EH38E3679225,172453000,172454000,172983000,172984000,1,-1
10857,chr5,172454032,172454254,172983597,172983927,EH38E3678662,EH38E3679225,172454000,172455000,172983000,172984000,1,-1
10858,chr5,172765059,172765256,172983597,172983927,EH38E3678963,EH38E3679225,172765000,172766000,172983000,172984000,4,-1
10859,chr5,172765280,172765613,172983597,172983927,EH38E3678964,EH38E3679225,172765000,172766000,172983000,172984000,4,-1
10860,chr5,172770578,172770927,172983597,172983927,EH38E3678975,EH38E3679225,172770000,172771000,172983000,172984000,3,-1
10861,chr5,172771457,172771635,172983597,172983927,EH38E3678977,EH38E3679225,172771000,172772000,172983000,172984000,1,-1
10862,chr5,172833627,172833974,172983597,172983927,EH38E3679052,EH38E3679225,172833000,172834000,172983000,172984000,2,-1
10863,chr5,172943225,172943575,172983597,172983927,EH38E2432549,EH38E3679225,172943000,172944000,172983000,172984000,3,-1
10864,chr5,172984312,172984657,172983597,172983927,EH38E3679227,EH38E3679225,172984000,172985000,172983000,172984000,300,-1
10865,chr5,173057085,173057430,172983597,172983927,EH38E2432662,EH38E3679225,173057000,173058000,172983000,172984000,3,-1
10866,chr5,173057442,173057646,172983597,172983927,EH38E2432663,EH38E3679225,173057000,173058000,172983000,172984000,3,-1
10867,chr5,173144682,173144835,172983597,172983927,EH38E3679308,EH38E3679225,173144000,173145000,172983000,172984000,6,-1
10868,chr5,173292265,173292597,172983597,172983927,EH38E3679403,EH38E3679225,173292000,173293000,172983000,172984000,1,-1
10869,chr5,173315579,173315925,172983597,172983927,EH38E3679428,EH38E3679225,173315000,173316000,172983000,172984000,2,-1
10870,chr5,173315939,173316289,172983597,172983927,EH38E3679429,EH38E3679225,173315000,173316000,172983000,172984000,2,-1
10871,chr5,173329054,173329385,172983597,172983927,EH38E3679447,EH38E3679225,173329000,173330000,172983000,172984000,1,-1
10872,chr5,173329407,173329578,172983597,172983927,EH38E2432885,EH38E3679225,173329000,173330000,172983000,172984000,1,-1
10873,chr5,173329598,173329941,172983597,172983927,EH38E2432886,EH38E3679225,173329000,173330000,172983000,172984000,1,-1
10874,chr5,173972868,173973108,172983597,172983927,EH38E3679962,EH38E3679225,173973000,173974000,172983000,172984000,1,-1
10875,chr5,173973183,173973502,172983597,172983927,EH38E3679963,EH38E3679225,173973000,173974000,172983000,172984000,1,-1
10876,chr5,171387246,171387404,173056090,173056440,EH38E2431147,EH38E3679278,171387000,171388000,173056000,173057000,1,-1
10877,chr5,172008850,172009200,173056090,173056440,EH38E2431612,EH38E3679278,172009000,172010000,173056000,173057000,1,-1
10878,chr5,172452923,172453111,173056090,173056440,EH38E2432010,EH38E3679278,172453000,172454000,173056000,173057000,1,-1
10879,chr5,172453129,172453415,173056090,173056440,EH38E3678659,EH38E3679278,172453000,172454000,173056000,173057000,1,-1
10880,chr5,172453429,172453639,173056090,173056440,EH38E3678660,EH38E3679278,172453000,172454000,173056000,173057000,1,-1
10881,chr5,172765059,172765256,173056090,173056440,EH38E3678963,EH38E3679278,172765000,172766000,173056000,173057000,1,-1
10882,chr5,172765280,172765613,173056090,173056440,EH38E3678964,EH38E3679278,172765000,172766000,173056000,173057000,1,-1
10883,chr5,172771457,172771635,173056090,173056440,EH38E3678977,EH38E3679278,172771000,172772000,173056000,173057000,1,-1
10884,chr5,172943225,172943575,173056090,173056440,EH38E2432549,EH38E3679278,172943000,172944000,173056000,173057000,1,-1
10885,chr5,172984312,172984657,173056090,173056440,EH38E3679227,EH38E3679278,172984000,172985000,173056000,173057000,6,-1
10886,chr5,173057085,173057430,173056090,173056440,EH38E2432662,EH38E3679278,173057000,173058000,173056000,173057000,200,-1
10887,chr5,173057442,173057646,173056090,173056440,EH38E2432663,EH38E3679278,173057000,173058000,173056000,173057000,200,-1
10888,chr5,173144682,173144835,173056090,173056440,EH38E3679308,EH38E3679278,173144000,173145000,173056000,173057000,8,-1
10889,chr5,173315939,173316289,173056090,173056440,EH38E3679429,EH38E3679278,173316000,173317000,173056000,173057000,1,-1
10890,chr5,173328779,173328969,173056090,173056440,EH38E3679446,EH38E3679278,173328000,173329000,173056000,173057000,3,-1
10891,chr5,173330031,173330232,173056090,173056440,EH38E2432887,EH38E3679278,173330000,173331000,173056000,173057000,1,-1
10892,chr5,173330324,173330542,173056090,173056440,EH38E3679448,EH38E3679278,173330000,173331000,173056000,173057000,1,-1
10893,chr5,173627858,173628104,173056090,173056440,EH38E2433083,EH38E3679278,173628000,173629000,173056000,173057000,1,-1
10894,chr5,173628125,173628470,173056090,173056440,EH38E3679614,EH38E3679278,173628000,173629000,173056000,173057000,1,-1
10895,chr5,173887737,173887999,173056090,173056440,EH38E3679876,EH38E3679278,173887000,173888000,173056000,173057000,1,-1
10896,chr5,173941878,173942078,173056090,173056440,EH38E3679934,EH38E3679278,173942000,173943000,173056000,173057000,1,-1
10897,chr5,172765059,172765256,173144319,173144669,EH38E3678963,EH38E3679307,172765000,172766000,173144000,173145000,3,-1
10898,chr5,172765280,172765613,173144319,173144669,EH38E3678964,EH38E3679307,172765000,172766000,173144000,173145000,3,-1
10899,chr5,172770578,172770927,173144319,173144669,EH38E3678975,EH38E3679307,172770000,172771000,173144000,173145000,1,-1
10900,chr5,172771457,172771635,173144319,173144669,EH38E3678977,EH38E3679307,172771000,172772000,173144000,173145000,3,-1
10901,chr5,172833627,172833974,173144319,173144669,EH38E3679052,EH38E3679307,172833000,172834000,173144000,173145000,1,-1
10902,chr5,172943225,172943575,173144319,173144669,EH38E2432549,EH38E3679307,172943000,172944000,173144000,173145000,2,-1
10903,chr5,172984312,172984657,173144319,173144669,EH38E3679227,EH38E3679307,172984000,172985000,173144000,173145000,13,-1
10904,chr5,173057085,173057430,173144319,173144669,EH38E2432662,EH38E3679307,173057000,173058000,173144000,173145000,9,-1
10905,chr5,173057442,173057646,173144319,173144669,EH38E2432663,EH38E3679307,173057000,173058000,173144000,173145000,9,-1
10906,chr5,173144682,173144835,173144319,173144669,EH38E3679308,EH38E3679307,173144000,173145000,173144000,173145000,325,-1
10907,chr5,173315579,173315925,173144319,173144669,EH38E3679428,EH38E3679307,173315000,173316000,173144000,173145000,1,-1
10908,chr5,173315939,173316289,173144319,173144669,EH38E3679429,EH38E3679307,173315000,173316000,173144000,173145000,1,-1
10909,chr5,173328779,173328969,173144319,173144669,EH38E3679446,EH38E3679307,173328000,173329000,173144000,173145000,5,-1
10910,chr5,173329054,173329385,173144319,173144669,EH38E3679447,EH38E3679307,173329000,173330000,173144000,173145000,3,-1
10911,chr5,173329407,173329578,173144319,173144669,EH38E2432885,EH38E3679307,173329000,173330000,173144000,173145000,3,-1
10912,chr5,173329598,173329941,173144319,173144669,EH38E2432886,EH38E3679307,173329000,173330000,173144000,173145000,3,-1
10913,chr5,173330031,173330232,173144319,173144669,EH38E2432887,EH38E3679307,173330000,173331000,173144000,173145000,1,-1
10914,chr5,173330324,173330542,173144319,173144669,EH38E3679448,EH38E3679307,173330000,173331000,173144000,173145000,1,-1
10915,chr5,173887737,173887999,173144319,173144669,EH38E3679876,EH38E3679307,173887000,173888000,173144000,173145000,1,-1
10916,chr5,173963937,173964260,173144319,173144669,EH38E2433528,EH38E3679307,173963000,173964000,173144000,173145000,1,-1
10917,chr5,175603943,175604288,173144319,173144669,EH38E2434394,EH38E3679307,175604000,175605000,173144000,173145000,1,-1
10918,chr5,175604380,175604727,173144319,173144669,EH38E3680605,EH38E3679307,175604000,175605000,173144000,173145000,1,-1
10919,chr5,172765059,172765256,173144841,173145176,EH38E3678963,EH38E3679309,172765000,172766000,173144000,173145000,3,-1
10920,chr5,172765280,172765613,173144841,173145176,EH38E3678964,EH38E3679309,172765000,172766000,173144000,173145000,3,-1
10921,chr5,172770578,172770927,173144841,173145176,EH38E3678975,EH38E3679309,172770000,172771000,173144000,173145000,1,-1
10922,chr5,172771457,172771635,173144841,173145176,EH38E3678977,EH38E3679309,172771000,172772000,173144000,173145000,3,-1
10923,chr5,172833627,172833974,173144841,173145176,EH38E3679052,EH38E3679309,172833000,172834000,173144000,173145000,1,-1
10924,chr5,172984312,172984657,173144841,173145176,EH38E3679227,EH38E3679309,172984000,172985000,173144000,173145000,13,-1
10925,chr5,173057085,173057430,173144841,173145176,EH38E2432662,EH38E3679309,173057000,173058000,173144000,173145000,9,-1
10926,chr5,173057442,173057646,173144841,173145176,EH38E2432663,EH38E3679309,173057000,173058000,173144000,173145000,9,-1
10927,chr5,173144682,173144835,173144841,173145176,EH38E3679308,EH38E3679309,173144000,173145000,173144000,173145000,325,-1
10928,chr5,173315579,173315925,173144841,173145176,EH38E3679428,EH38E3679309,173315000,173316000,173144000,173145000,1,-1
10929,chr5,173315939,173316289,173144841,173145176,EH38E3679429,EH38E3679309,173315000,173316000,173144000,173145000,1,-1
10930,chr5,173328779,173328969,173144841,173145176,EH38E3679446,EH38E3679309,173328000,173329000,173144000,173145000,5,-1
10931,chr5,173329054,173329385,173144841,173145176,EH38E3679447,EH38E3679309,173329000,173330000,173144000,173145000,3,-1
10932,chr5,173329407,173329578,173144841,173145176,EH38E2432885,EH38E3679309,173329000,173330000,173144000,173145000,3,-1
10933,chr5,173329598,173329941,173144841,173145176,EH38E2432886,EH38E3679309,173329000,173330000,173144000,173145000,3,-1
10934,chr5,173330031,173330232,173144841,173145176,EH38E2432887,EH38E3679309,173330000,173331000,173144000,173145000,1,-1
10935,chr5,173330324,173330542,173144841,173145176,EH38E3679448,EH38E3679309,173330000,173331000,173144000,173145000,1,-1
10936,chr5,173887737,173887999,173144841,173145176,EH38E3679876,EH38E3679309,173887000,173888000,173144000,173145000,1,-1
10937,chr5,173963937,173964260,173144841,173145176,EH38E2433528,EH38E3679309,173963000,173964000,173144000,173145000,1,-1
10938,chr5,175603943,175604288,173144841,173145176,EH38E2434394,EH38E3679309,175604000,175605000,173144000,173145000,1,-1
10939,chr5,175604380,175604727,173144841,173145176,EH38E3680605,EH38E3679309,175604000,175605000,173144000,173145000,1,-1
10940,chr5,172282987,172283321,173144841,173145176,EH38E3678535,EH38E3679309,172283000,172284000,173145000,173146000,1,-1
10941,chr5,172283944,172284273,173144841,173145176,EH38E3678538,EH38E3679309,172283000,172284000,173145000,173146000,1,-1
10942,chr5,172452923,172453111,173144841,173145176,EH38E2432010,EH38E3679309,172452000,172453000,173145000,173146000,1,-1
10943,chr5,172943225,172943575,173144841,173145176,EH38E2432549,EH38E3679309,172943000,172944000,173145000,173146000,4,-1
10944,chr5,173498965,173499313,173144841,173145176,EH38E3679536,EH38E3679309,173499000,173500000,173145000,173146000,1,-1
10945,chr5,175479184,175479532,173144841,173145176,EH38E3680534,EH38E3679309,175479000,175480000,173145000,173146000,1,-1
10946,chr5,170862205,170862433,173235163,173235439,EH38E3677890,EH38E3679354,170862000,170863000,173235000,173236000,1,-1
10947,chr5,171520313,171520660,173235163,173235439,EH38E3678106,EH38E3679354,171520000,171521000,173235000,173236000,1,-1
10948,chr5,171520819,171521151,173235163,173235439,EH38E2431272,EH38E3679354,171520000,171521000,173235000,173236000,1,-1
10949,chr5,172008850,172009200,173235163,173235439,EH38E2431612,EH38E3679354,172008000,172009000,173235000,173236000,1,-1
10950,chr5,172282987,172283321,173235163,173235439,EH38E3678535,EH38E3679354,172282000,172283000,173235000,173236000,1,-1
10951,chr5,172771457,172771635,173235163,173235439,EH38E3678977,EH38E3679354,172771000,172772000,173235000,173236000,1,-1
10952,chr5,172833627,172833974,173235163,173235439,EH38E3679052,EH38E3679354,172833000,172834000,173235000,173236000,1,-1
10953,chr5,172943225,172943575,173235163,173235439,EH38E2432549,EH38E3679354,172943000,172944000,173235000,173236000,3,-1
10954,chr5,172984312,172984657,173235163,173235439,EH38E3679227,EH38E3679354,172984000,172985000,173235000,173236000,4,-1
10955,chr5,173057085,173057430,173235163,173235439,EH38E2432662,EH38E3679354,173057000,173058000,173235000,173236000,5,-1
10956,chr5,173057442,173057646,173235163,173235439,EH38E2432663,EH38E3679354,173057000,173058000,173235000,173236000,5,-1
10957,chr5,173144682,173144835,173235163,173235439,EH38E3679308,EH38E3679354,173144000,173145000,173235000,173236000,5,-1
10958,chr5,173292265,173292597,173235163,173235439,EH38E3679403,EH38E3679354,173292000,173293000,173235000,173236000,5,-1
10959,chr5,173315579,173315925,173235163,173235439,EH38E3679428,EH38E3679354,173315000,173316000,173235000,173236000,3,-1
10960,chr5,173315939,173316289,173235163,173235439,EH38E3679429,EH38E3679354,173315000,173316000,173235000,173236000,3,-1
10961,chr5,173328779,173328969,173235163,173235439,EH38E3679446,EH38E3679354,173328000,173329000,173235000,173236000,5,-1
10962,chr5,173329054,173329385,173235163,173235439,EH38E3679447,EH38E3679354,173329000,173330000,173235000,173236000,8,-1
10963,chr5,173329407,173329578,173235163,173235439,EH38E2432885,EH38E3679354,173329000,173330000,173235000,173236000,8,-1
10964,chr5,173329598,173329941,173235163,173235439,EH38E2432886,EH38E3679354,173329000,173330000,173235000,173236000,8,-1
10965,chr5,173615930,173616273,173235163,173235439,EH38E3679602,EH38E3679354,173616000,173617000,173235000,173236000,1,-1
10966,chr5,173627858,173628104,173235163,173235439,EH38E2433083,EH38E3679354,173628000,173629000,173235000,173236000,2,-1
10967,chr5,173628125,173628470,173235163,173235439,EH38E3679614,EH38E3679354,173628000,173629000,173235000,173236000,2,-1
10968,chr5,173669989,173670267,173235163,173235439,EH38E3679645,EH38E3679354,173669000,173670000,173235000,173236000,1,-1
10969,chr5,170633062,170633398,173328360,173328705,EH38E3677822,EH38E2432882,170633000,170634000,173328000,173329000,1,-1
10970,chr5,170633440,170633733,173328360,173328705,EH38E3677823,EH38E2432882,170633000,170634000,173328000,173329000,1,-1
10971,chr5,170633750,170634002,173328360,173328705,EH38E3677824,EH38E2432882,170633000,170634000,173328000,173329000,1,-1
10972,chr5,171387246,171387404,173328360,173328705,EH38E2431147,EH38E2432882,171387000,171388000,173328000,173329000,1,-1
10973,chr5,171520313,171520660,173328360,173328705,EH38E3678106,EH38E2432882,171520000,171521000,173328000,173329000,1,-1
10974,chr5,171520819,171521151,173328360,173328705,EH38E2431272,EH38E2432882,171520000,171521000,173328000,173329000,1,-1
10975,chr5,172454032,172454254,173328360,173328705,EH38E3678662,EH38E2432882,172454000,172455000,173328000,173329000,2,-1
10976,chr5,172765059,172765256,173328360,173328705,EH38E3678963,EH38E2432882,172765000,172766000,173328000,173329000,1,-1
10977,chr5,172765280,172765613,173328360,173328705,EH38E3678964,EH38E2432882,172765000,172766000,173328000,173329000,1,-1
10978,chr5,172771457,172771635,173328360,173328705,EH38E3678977,EH38E2432882,172771000,172772000,173328000,173329000,1,-1
10979,chr5,172984312,172984657,173328360,173328705,EH38E3679227,EH38E2432882,172984000,172985000,173328000,173329000,1,-1
10980,chr5,173057085,173057430,173328360,173328705,EH38E2432662,EH38E2432882,173057000,173058000,173328000,173329000,2,-1
10981,chr5,173057442,173057646,173328360,173328705,EH38E2432663,EH38E2432882,173057000,173058000,173328000,173329000,2,-1
10982,chr5,173144682,173144835,173328360,173328705,EH38E3679308,EH38E2432882,173144000,173145000,173328000,173329000,5,-1
10983,chr5,173292265,173292597,173328360,173328705,EH38E3679403,EH38E2432882,173292000,173293000,173328000,173329000,7,-1
10984,chr5,173315579,173315925,173328360,173328705,EH38E3679428,EH38E2432882,173315000,173316000,173328000,173329000,19,-1
10985,chr5,173315939,173316289,173328360,173328705,EH38E3679429,EH38E2432882,173315000,173316000,173328000,173329000,19,-1
10986,chr5,173328779,173328969,173328360,173328705,EH38E3679446,EH38E2432882,173328000,173329000,173328000,173329000,451,-1
10987,chr5,173329054,173329385,173328360,173328705,EH38E3679447,EH38E2432882,173329000,173330000,173328000,173329000,433,-1
10988,chr5,173329407,173329578,173328360,173328705,EH38E2432885,EH38E2432882,173329000,173330000,173328000,173329000,433,-1
10989,chr5,173329598,173329941,173328360,173328705,EH38E2432886,EH38E2432882,173329000,173330000,173328000,173329000,433,-1
10990,chr5,173330031,173330232,173328360,173328705,EH38E2432887,EH38E2432882,173330000,173331000,173328000,173329000,73,-1
10991,chr5,173330324,173330542,173328360,173328705,EH38E3679448,EH38E2432882,173330000,173331000,173328000,173329000,73,-1
10992,chr5,173498965,173499313,173328360,173328705,EH38E3679536,EH38E2432882,173498000,173499000,173328000,173329000,2,-1
10993,chr5,173615930,173616273,173328360,173328705,EH38E3679602,EH38E2432882,173616000,173617000,173328000,173329000,2,-1
10994,chr5,173627858,173628104,173328360,173328705,EH38E2433083,EH38E2432882,173627000,173628000,173328000,173329000,1,-1
10995,chr5,173887737,173887999,173328360,173328705,EH38E3679876,EH38E2432882,173887000,173888000,173328000,173329000,1,-1
10996,chr5,173916308,173916551,173328360,173328705,EH38E3679913,EH38E2432882,173916000,173917000,173328000,173329000,1,-1
10997,chr5,173963937,173964260,173328360,173328705,EH38E2433528,EH38E2432882,173964000,173965000,173328000,173329000,1,-1
10998,chr5,173972868,173973108,173328360,173328705,EH38E3679962,EH38E2432882,173973000,173974000,173328000,173329000,1,-1
10999,chr5,173973183,173973502,173328360,173328705,EH38E3679963,EH38E2432882,173973000,173974000,173328000,173329000,1,-1
11000,chr5,175549015,175549298,173328360,173328705,EH38E2434362,EH38E2432882,175549000,175550000,173328000,173329000,1,-1
11001,chr5,171980715,171980997,173616591,173616939,EH38E3678320,EH38E3679604,171980000,171981000,173616000,173617000,1,-1
11002,chr5,172008850,172009200,173616591,173616939,EH38E2431612,EH38E3679604,172009000,172010000,173616000,173617000,1,-1
11003,chr5,172771457,172771635,173616591,173616939,EH38E3678977,EH38E3679604,172771000,172772000,173616000,173617000,1,-1
11004,chr5,173315579,173315925,173616591,173616939,EH38E3679428,EH38E3679604,173315000,173316000,173616000,173617000,2,-1
11005,chr5,173315939,173316289,173616591,173616939,EH38E3679429,EH38E3679604,173315000,173316000,173616000,173617000,2,-1
11006,chr5,173328779,173328969,173616591,173616939,EH38E3679446,EH38E3679604,173328000,173329000,173616000,173617000,2,-1
11007,chr5,173329054,173329385,173616591,173616939,EH38E3679447,EH38E3679604,173329000,173330000,173616000,173617000,2,-1
11008,chr5,173329407,173329578,173616591,173616939,EH38E2432885,EH38E3679604,173329000,173330000,173616000,173617000,2,-1
11009,chr5,173329598,173329941,173616591,173616939,EH38E2432886,EH38E3679604,173329000,173330000,173616000,173617000,2,-1
11010,chr5,173498965,173499313,173616591,173616939,EH38E3679536,EH38E3679604,173498000,173499000,173616000,173617000,1,-1
11011,chr5,173615930,173616273,173616591,173616939,EH38E3679602,EH38E3679604,173615000,173616000,173616000,173617000,192,-1
11012,chr5,173615930,173616273,173616591,173616939,EH38E3679602,EH38E3679604,173616000,173617000,173616000,173617000,275,-1
11013,chr5,173627858,173628104,173616591,173616939,EH38E2433083,EH38E3679604,173627000,173628000,173616000,173617000,6,-1
11014,chr5,173628125,173628470,173616591,173616939,EH38E3679614,EH38E3679604,173628000,173629000,173616000,173617000,9,-1
11015,chr5,173669989,173670267,173616591,173616939,EH38E3679645,EH38E3679604,173669000,173670000,173616000,173617000,1,-1
11016,chr5,173670318,173670643,173616591,173616939,EH38E2433131,EH38E3679604,173670000,173671000,173616000,173617000,1,-1
11017,chr5,173887737,173887999,173616591,173616939,EH38E3679876,EH38E3679604,173887000,173888000,173616000,173617000,6,-1
11018,chr5,173916308,173916551,173616591,173616939,EH38E3679913,EH38E3679604,173916000,173917000,173616000,173617000,1,-1
11019,chr5,173941878,173942078,173616591,173616939,EH38E3679934,EH38E3679604,173941000,173942000,173616000,173617000,2,-1
11020,chr5,173963937,173964260,173616591,173616939,EH38E2433528,EH38E3679604,173963000,173964000,173616000,173617000,5,-1
11021,chr5,173972868,173973108,173616591,173616939,EH38E3679962,EH38E3679604,173972000,173973000,173616000,173617000,8,-1
11022,chr5,173973183,173973502,173616591,173616939,EH38E3679963,EH38E3679604,173973000,173974000,173616000,173617000,18,-1
11023,chr5,173315939,173316289,173888042,173888391,EH38E3679429,EH38E3679877,173316000,173317000,173888000,173889000,3,-1
11024,chr5,173330031,173330232,173888042,173888391,EH38E2432887,EH38E3679877,173330000,173331000,173888000,173889000,2,-1
11025,chr5,173330324,173330542,173888042,173888391,EH38E3679448,EH38E3679877,173330000,173331000,173888000,173889000,2,-1
11026,chr5,173615930,173616273,173888042,173888391,EH38E3679602,EH38E3679877,173615000,173616000,173888000,173889000,2,-1
11027,chr5,173627858,173628104,173888042,173888391,EH38E2433083,EH38E3679877,173627000,173628000,173888000,173889000,6,-1
11028,chr5,173628125,173628470,173888042,173888391,EH38E3679614,EH38E3679877,173628000,173629000,173888000,173889000,2,-1
11029,chr5,173669989,173670267,173888042,173888391,EH38E3679645,EH38E3679877,173669000,173670000,173888000,173889000,1,-1
11030,chr5,173887737,173887999,173888042,173888391,EH38E3679876,EH38E3679877,173887000,173888000,173888000,173889000,117,-1
11031,chr5,173916308,173916551,173888042,173888391,EH38E3679913,EH38E3679877,173916000,173917000,173888000,173889000,5,-1
11032,chr5,173941878,173942078,173888042,173888391,EH38E3679934,EH38E3679877,173941000,173942000,173888000,173889000,6,-1
11033,chr5,173963937,173964260,173888042,173888391,EH38E2433528,EH38E3679877,173963000,173964000,173888000,173889000,4,-1
11034,chr5,173972868,173973108,173888042,173888391,EH38E3679962,EH38E3679877,173972000,173973000,173888000,173889000,10,-1
11035,chr5,173973183,173973502,173888042,173888391,EH38E3679963,EH38E3679877,173973000,173974000,173888000,173889000,14,-1
11036,chr5,176355490,176355741,173888042,173888391,EH38E3680924,EH38E3679877,176355000,176356000,173888000,173889000,1,-1
11037,chr5,176389313,176389470,173888042,173888391,EH38E3680969,EH38E3679877,176389000,176390000,173888000,173889000,1,-1
11038,chr5,176672225,176672528,173888042,173888391,EH38E3681256,EH38E3679877,176672000,176673000,173888000,173889000,1,-1
11039,chr5,172943225,172943575,173917902,173918251,EH38E2432549,EH38E2433477,172943000,172944000,173917000,173918000,1,-1
11040,chr5,173057085,173057430,173917902,173918251,EH38E2432662,EH38E2433477,173057000,173058000,173917000,173918000,1,-1
11041,chr5,173057442,173057646,173917902,173918251,EH38E2432663,EH38E2433477,173057000,173058000,173917000,173918000,1,-1
11042,chr5,173292265,173292597,173917902,173918251,EH38E3679403,EH38E2433477,173292000,173293000,173917000,173918000,1,-1
11043,chr5,173330031,173330232,173917902,173918251,EH38E2432887,EH38E2433477,173330000,173331000,173917000,173918000,1,-1
11044,chr5,173330324,173330542,173917902,173918251,EH38E3679448,EH38E2433477,173330000,173331000,173917000,173918000,1,-1
11045,chr5,173669989,173670267,173917902,173918251,EH38E3679645,EH38E2433477,173669000,173670000,173917000,173918000,1,-1
11046,chr5,173916308,173916551,173917902,173918251,EH38E3679913,EH38E2433477,173916000,173917000,173917000,173918000,142,-1
11047,chr5,173963937,173964260,173917902,173918251,EH38E2433528,EH38E2433477,173963000,173964000,173917000,173918000,6,-1
11048,chr5,173973183,173973502,173917902,173918251,EH38E3679963,EH38E2433477,173973000,173974000,173917000,173918000,2,-1
11049,chr5,172770578,172770927,173917902,173918251,EH38E3678975,EH38E2433477,172770000,172771000,173918000,173919000,1,-1
11050,chr5,173315579,173315925,173917902,173918251,EH38E3679428,EH38E2433477,173315000,173316000,173918000,173919000,1,-1
11051,chr5,173315939,173316289,173917902,173918251,EH38E3679429,EH38E2433477,173315000,173316000,173918000,173919000,1,-1
11052,chr5,173329054,173329385,173917902,173918251,EH38E3679447,EH38E2433477,173329000,173330000,173918000,173919000,1,-1
11053,chr5,173329407,173329578,173917902,173918251,EH38E2432885,EH38E2433477,173329000,173330000,173918000,173919000,1,-1
11054,chr5,173329598,173329941,173917902,173918251,EH38E2432886,EH38E2433477,173329000,173330000,173918000,173919000,1,-1
11055,chr5,173498965,173499313,173917902,173918251,EH38E3679536,EH38E2433477,173498000,173499000,173918000,173919000,1,-1
11056,chr5,173615930,173616273,173917902,173918251,EH38E3679602,EH38E2433477,173615000,173616000,173918000,173919000,4,-1
11057,chr5,173627858,173628104,173917902,173918251,EH38E2433083,EH38E2433477,173627000,173628000,173918000,173919000,3,-1
11058,chr5,173628125,173628470,173917902,173918251,EH38E3679614,EH38E2433477,173628000,173629000,173918000,173919000,3,-1
11059,chr5,173670318,173670643,173917902,173918251,EH38E2433131,EH38E2433477,173670000,173671000,173918000,173919000,3,-1
11060,chr5,173887737,173887999,173917902,173918251,EH38E3679876,EH38E2433477,173887000,173888000,173918000,173919000,5,-1
11061,chr5,173941878,173942078,173917902,173918251,EH38E3679934,EH38E2433477,173941000,173942000,173918000,173919000,7,-1
11062,chr5,173972868,173973108,173917902,173918251,EH38E3679962,EH38E2433477,173972000,173973000,173918000,173919000,5,-1
11063,chr5,172454032,172454254,174724363,174724701,EH38E3678662,EH38E2434002,172454000,172455000,174724000,174725000,1,-1
11064,chr5,173057085,173057430,174724363,174724701,EH38E2432662,EH38E2434002,173057000,173058000,174724000,174725000,1,-1
11065,chr5,173057442,173057646,174724363,174724701,EH38E2432663,EH38E2434002,173057000,173058000,174724000,174725000,1,-1
11066,chr5,173144682,173144835,174724363,174724701,EH38E3679308,EH38E2434002,173144000,173145000,174724000,174725000,1,-1
11067,chr5,173315579,173315925,174724363,174724701,EH38E3679428,EH38E2434002,173315000,173316000,174724000,174725000,1,-1
11068,chr5,173315939,173316289,174724363,174724701,EH38E3679429,EH38E2434002,173315000,173316000,174724000,174725000,1,-1
11069,chr5,173328779,173328969,174724363,174724701,EH38E3679446,EH38E2434002,173328000,173329000,174724000,174725000,2,-1
11070,chr5,175479184,175479532,175444079,175444428,EH38E3680534,EH38E3680512,175479000,175480000,175444000,175445000,6,-1
11071,chr5,177468757,177469034,175444079,175444428,EH38E3681968,EH38E3680512,177469000,177470000,175444000,175445000,1,-1
11072,chr5,177469207,177469547,175444079,175444428,EH38E3681969,EH38E3680512,177469000,177470000,175444000,175445000,1,-1
11073,chr5,177472430,177472703,175444079,175444428,EH38E3681975,EH38E3680512,177472000,177473000,175444000,175445000,1,-1
11074,chr5,177472727,177473068,175444079,175444428,EH38E3681976,EH38E3680512,177472000,177473000,175444000,175445000,1,-1
11075,chr5,177494325,177494572,175444079,175444428,EH38E2435729,EH38E3680512,177494000,177495000,175444000,175445000,1,-1
11076,chr5,178232101,178232313,175444079,175444428,EH38E2436048,EH38E3680512,178232000,178233000,175444000,175445000,1,-1
11077,chr5,175479184,175479532,175478354,175478704,EH38E3680534,EH38E2434313,175479000,175480000,175478000,175479000,243,-1
11078,chr5,175549015,175549298,175478354,175478704,EH38E2434362,EH38E2434313,175549000,175550000,175478000,175479000,3,-1
11079,chr5,175603943,175604288,175478354,175478704,EH38E2434394,EH38E2434313,175603000,175604000,175478000,175479000,1,-1
11080,chr5,175604380,175604727,175478354,175478704,EH38E3680605,EH38E2434313,175604000,175605000,175478000,175479000,1,-1
11081,chr5,176355490,176355741,175478354,175478704,EH38E3680924,EH38E2434313,176355000,176356000,175478000,175479000,2,-1
11082,chr5,178177578,178177927,175478354,175478704,EH38E3682329,EH38E2434313,178177000,178178000,175478000,175479000,1,-1
11083,chr5,178420446,178420785,175478354,175478704,EH38E3682622,EH38E2434313,178420000,178421000,175478000,175479000,1,-1
11084,chr5,175549015,175549298,175657792,175658119,EH38E2434362,EH38E2434431,175549000,175550000,175657000,175658000,10,-1
11085,chr5,175603943,175604288,175657792,175658119,EH38E2434394,EH38E2434431,175603000,175604000,175657000,175658000,6,-1
11086,chr5,176447451,176447637,175657792,175658119,EH38E3681034,EH38E2434431,176447000,176448000,175657000,175658000,1,-1
11087,chr5,176447740,176447942,175657792,175658119,EH38E3681035,EH38E2434431,176447000,176448000,175657000,175658000,1,-1
11088,chr5,176542807,176543154,175657792,175658119,EH38E3681106,EH38E2434431,176542000,176543000,175657000,175658000,1,-1
11089,chr5,177447036,177447376,175657792,175658119,EH38E3681932,EH38E2434431,177447000,177448000,175657000,175658000,1,-1
11090,chr5,177447885,177448234,175657792,175658119,EH38E3681934,EH38E2434431,177447000,177448000,175657000,175658000,1,-1
11091,chr5,177454179,177454382,175657792,175658119,EH38E3681946,EH38E2434431,177454000,177455000,175657000,175658000,1,-1
11092,chr5,177454492,177454838,175657792,175658119,EH38E3681947,EH38E2434431,177454000,177455000,175657000,175658000,1,-1
11093,chr5,177496125,177496421,175657792,175658119,EH38E3682017,EH38E2434431,177496000,177497000,175657000,175658000,1,-1
11094,chr5,177496572,177496741,175657792,175658119,EH38E3682018,EH38E2434431,177496000,177497000,175657000,175658000,1,-1
11095,chr5,177496798,177497141,175657792,175658119,EH38E3682019,EH38E2434431,177496000,177497000,175657000,175658000,1,-1
11096,chr5,172771457,172771635,175657792,175658119,EH38E3678977,EH38E2434431,172771000,172772000,175658000,175659000,1,-1
11097,chr5,172943225,172943575,175657792,175658119,EH38E2432549,EH38E2434431,172943000,172944000,175658000,175659000,1,-1
11098,chr5,173329054,173329385,175657792,175658119,EH38E3679447,EH38E2434431,173329000,173330000,175658000,175659000,1,-1
11099,chr5,173329407,173329578,175657792,175658119,EH38E2432885,EH38E2434431,173329000,173330000,175658000,175659000,1,-1
11100,chr5,173329598,173329941,175657792,175658119,EH38E2432886,EH38E2434431,173329000,173330000,175658000,175659000,1,-1
11101,chr5,173887737,173887999,175657792,175658119,EH38E3679876,EH38E2434431,173887000,173888000,175658000,175659000,1,-1
11102,chr5,175479184,175479532,175657792,175658119,EH38E3680534,EH38E2434431,175479000,175480000,175658000,175659000,5,-1
11103,chr5,175604380,175604727,175657792,175658119,EH38E3680605,EH38E2434431,175604000,175605000,175658000,175659000,6,-1
11104,chr5,176355490,176355741,175657792,175658119,EH38E3680924,EH38E2434431,176355000,176356000,175658000,175659000,1,-1
11105,chr5,176388039,176388275,175657792,175658119,EH38E3680966,EH38E2434431,176388000,176389000,175658000,175659000,1,-1
11106,chr5,177366725,177367004,175657792,175658119,EH38E3681815,EH38E2434431,177366000,177367000,175658000,175659000,1,-1
11107,chr5,177472430,177472703,175657792,175658119,EH38E3681975,EH38E2434431,177472000,177473000,175658000,175659000,1,-1
11108,chr5,177472727,177473068,175657792,175658119,EH38E3681976,EH38E2434431,177472000,177473000,175658000,175659000,1,-1
11109,chr5,177958812,177959162,175657792,175658119,EH38E3682190,EH38E2434431,177959000,177960000,175658000,175659000,1,-1
11110,chr5,175479184,175479532,175871501,175871704,EH38E3680534,EH38E2434590,175479000,175480000,175871000,175872000,1,-1
11111,chr5,175603943,175604288,175871501,175871704,EH38E2434394,EH38E2434590,175603000,175604000,175871000,175872000,1,-1
11112,chr5,176447451,176447637,175871501,175871704,EH38E3681034,EH38E2434590,176447000,176448000,175871000,175872000,1,-1
11113,chr5,176447740,176447942,175871501,175871704,EH38E3681035,EH38E2434590,176447000,176448000,175871000,175872000,1,-1
11114,chr5,176535748,176535923,175871501,175871704,EH38E3681094,EH38E2434590,176535000,176536000,175871000,175872000,1,-1
11115,chr5,176537073,176537230,175871501,175871704,EH38E3681096,EH38E2434590,176537000,176538000,175871000,175872000,3,-1
11116,chr5,176537797,176538147,175871501,175871704,EH38E3681098,EH38E2434590,176537000,176538000,175871000,175872000,3,-1
11117,chr5,176542807,176543154,175871501,175871704,EH38E3681106,EH38E2434590,176542000,176543000,175871000,175872000,1,-1
11118,chr5,176672225,176672528,175871501,175871704,EH38E3681256,EH38E2434590,176672000,176673000,175871000,175872000,1,-1
11119,chr5,177366725,177367004,175871501,175871704,EH38E3681815,EH38E2434590,177367000,177368000,175871000,175872000,1,-1
11120,chr5,177367060,177367408,175871501,175871704,EH38E3681816,EH38E2434590,177367000,177368000,175871000,175872000,1,-1
11121,chr5,177447885,177448234,175871501,175871704,EH38E3681934,EH38E2434590,177448000,177449000,175871000,175872000,1,-1
11122,chr5,177454179,177454382,175871501,175871704,EH38E3681946,EH38E2434590,177454000,177455000,175871000,175872000,1,-1
11123,chr5,177454492,177454838,175871501,175871704,EH38E3681947,EH38E2434590,177454000,177455000,175871000,175872000,1,-1
11124,chr5,177457623,177457956,175871501,175871704,EH38E3681954,EH38E2434590,177457000,177458000,175871000,175872000,1,-1
11125,chr5,177485349,177485612,175871501,175871704,EH38E3681998,EH38E2434590,177485000,177486000,175871000,175872000,1,-1
11126,chr5,173292265,173292597,175968030,175968379,EH38E3679403,EH38E3680831,173292000,173293000,175968000,175969000,1,-1
11127,chr5,173627858,173628104,175968030,175968379,EH38E2433083,EH38E3680831,173628000,173629000,175968000,175969000,1,-1
11128,chr5,173628125,173628470,175968030,175968379,EH38E3679614,EH38E3680831,173628000,173629000,175968000,175969000,1,-1
11129,chr5,175603943,175604288,175968030,175968379,EH38E2434394,EH38E3680831,175603000,175604000,175968000,175969000,1,-1
11130,chr5,176447451,176447637,175968030,175968379,EH38E3681034,EH38E3680831,176447000,176448000,175968000,175969000,1,-1
11131,chr5,176447740,176447942,175968030,175968379,EH38E3681035,EH38E3680831,176447000,176448000,175968000,175969000,1,-1
11132,chr5,176537073,176537230,175968030,175968379,EH38E3681096,EH38E3680831,176537000,176538000,175968000,175969000,1,-1
11133,chr5,176537797,176538147,175968030,175968379,EH38E3681098,EH38E3680831,176537000,176538000,175968000,175969000,1,-1
11134,chr5,177607407,177607754,175968030,175968379,EH38E3682132,EH38E3680831,177607000,177608000,175968000,175969000,2,-1
11135,chr5,177607834,177608171,175968030,175968379,EH38E2435839,EH38E3680831,177607000,177608000,175968000,175969000,2,-1
11136,chr5,177958812,177959162,175968030,175968379,EH38E3682190,EH38E3680831,177959000,177960000,175968000,175969000,2,-1
11137,chr5,178127260,178127608,175968030,175968379,EH38E3682293,EH38E3680831,178127000,178128000,175968000,175969000,1,-1
11138,chr5,178232101,178232313,175968030,175968379,EH38E2436048,EH38E3680831,178232000,178233000,175968000,175969000,1,-1
11139,chr5,173669989,173670267,176361502,176361669,EH38E3679645,EH38E2434731,173670000,173671000,176361000,176362000,1,-1
11140,chr5,173670318,173670643,176361502,176361669,EH38E2433131,EH38E2434731,173670000,173671000,176361000,176362000,1,-1
11141,chr5,175479184,175479532,176361502,176361669,EH38E3680534,EH38E2434731,175479000,175480000,176361000,176362000,1,-1
11142,chr5,176355490,176355741,176361502,176361669,EH38E3680924,EH38E2434731,176355000,176356000,176361000,176362000,39,-1
11143,chr5,176388039,176388275,176361502,176361669,EH38E3680966,EH38E2434731,176388000,176389000,176361000,176362000,22,-1
11144,chr5,176389313,176389470,176361502,176361669,EH38E3680969,EH38E2434731,176389000,176390000,176361000,176362000,11,-1
11145,chr5,176447451,176447637,176361502,176361669,EH38E3681034,EH38E2434731,176447000,176448000,176361000,176362000,5,-1
11146,chr5,176447740,176447942,176361502,176361669,EH38E3681035,EH38E2434731,176447000,176448000,176361000,176362000,5,-1
11147,chr5,176535748,176535923,176361502,176361669,EH38E3681094,EH38E2434731,176535000,176536000,176361000,176362000,1,-1
11148,chr5,176536540,176536872,176361502,176361669,EH38E3681095,EH38E2434731,176536000,176537000,176361000,176362000,5,-1
11149,chr5,176537073,176537230,176361502,176361669,EH38E3681096,EH38E2434731,176537000,176538000,176361000,176362000,3,-1
11150,chr5,176537797,176538147,176361502,176361669,EH38E3681098,EH38E2434731,176537000,176538000,176361000,176362000,3,-1
11151,chr5,176542807,176543154,176361502,176361669,EH38E3681106,EH38E2434731,176542000,176543000,176361000,176362000,2,-1
11152,chr5,176543156,176543319,176361502,176361669,EH38E3681107,EH38E2434731,176543000,176544000,176361000,176362000,2,-1
11153,chr5,176543337,176543664,176361502,176361669,EH38E3681108,EH38E2434731,176543000,176544000,176361000,176362000,2,-1
11154,chr5,176543742,176543943,176361502,176361669,EH38E3681109,EH38E2434731,176543000,176544000,176361000,176362000,2,-1
11155,chr5,177022897,177023127,176361502,176361669,EH38E3681551,EH38E2434731,177022000,177023000,176361000,176362000,2,-1
11156,chr5,177446407,177446587,176361502,176361669,EH38E2435646,EH38E2434731,177446000,177447000,176361000,176362000,1,-1
11157,chr5,177447036,177447376,176361502,176361669,EH38E3681932,EH38E2434731,177447000,177448000,176361000,176362000,1,-1
11158,chr5,177447885,177448234,176361502,176361669,EH38E3681934,EH38E2434731,177447000,177448000,176361000,176362000,1,-1
11159,chr5,177454179,177454382,176361502,176361669,EH38E3681946,EH38E2434731,177454000,177455000,176361000,176362000,1,-1
11160,chr5,177454492,177454838,176361502,176361669,EH38E3681947,EH38E2434731,177454000,177455000,176361000,176362000,1,-1
11161,chr5,177468757,177469034,176361502,176361669,EH38E3681968,EH38E2434731,177468000,177469000,176361000,176362000,1,-1
11162,chr5,177958812,177959162,176361502,176361669,EH38E3682190,EH38E2434731,177958000,177959000,176361000,176362000,1,-1
11163,chr5,178129439,178129636,176361502,176361669,EH38E3682295,EH38E2434731,178129000,178130000,176361000,176362000,1,-1
11164,chr5,173669989,173670267,176361692,176362042,EH38E3679645,EH38E3680933,173670000,173671000,176361000,176362000,1,-1
11165,chr5,173670318,173670643,176361692,176362042,EH38E2433131,EH38E3680933,173670000,173671000,176361000,176362000,1,-1
11166,chr5,175479184,175479532,176361692,176362042,EH38E3680534,EH38E3680933,175479000,175480000,176361000,176362000,1,-1
11167,chr5,176355490,176355741,176361692,176362042,EH38E3680924,EH38E3680933,176355000,176356000,176361000,176362000,39,-1
11168,chr5,176388039,176388275,176361692,176362042,EH38E3680966,EH38E3680933,176388000,176389000,176361000,176362000,22,-1
11169,chr5,176389313,176389470,176361692,176362042,EH38E3680969,EH38E3680933,176389000,176390000,176361000,176362000,11,-1
11170,chr5,176447451,176447637,176361692,176362042,EH38E3681034,EH38E3680933,176447000,176448000,176361000,176362000,5,-1
11171,chr5,176447740,176447942,176361692,176362042,EH38E3681035,EH38E3680933,176447000,176448000,176361000,176362000,5,-1
11172,chr5,176535748,176535923,176361692,176362042,EH38E3681094,EH38E3680933,176535000,176536000,176361000,176362000,1,-1
11173,chr5,176537073,176537230,176361692,176362042,EH38E3681096,EH38E3680933,176537000,176538000,176361000,176362000,3,-1
11174,chr5,176537797,176538147,176361692,176362042,EH38E3681098,EH38E3680933,176537000,176538000,176361000,176362000,3,-1
11175,chr5,177022897,177023127,176361692,176362042,EH38E3681551,EH38E3680933,177022000,177023000,176361000,176362000,2,-1
11176,chr5,177446407,177446587,176361692,176362042,EH38E2435646,EH38E3680933,177446000,177447000,176361000,176362000,1,-1
11177,chr5,177447036,177447376,176361692,176362042,EH38E3681932,EH38E3680933,177447000,177448000,176361000,176362000,1,-1
11178,chr5,177447885,177448234,176361692,176362042,EH38E3681934,EH38E3680933,177447000,177448000,176361000,176362000,1,-1
11179,chr5,177454179,177454382,176361692,176362042,EH38E3681946,EH38E3680933,177454000,177455000,176361000,176362000,1,-1
11180,chr5,177454492,177454838,176361692,176362042,EH38E3681947,EH38E3680933,177454000,177455000,176361000,176362000,1,-1
11181,chr5,177468757,177469034,176361692,176362042,EH38E3681968,EH38E3680933,177468000,177469000,176361000,176362000,1,-1
11182,chr5,177958812,177959162,176361692,176362042,EH38E3682190,EH38E3680933,177958000,177959000,176361000,176362000,1,-1
11183,chr5,178129439,178129636,176361692,176362042,EH38E3682295,EH38E3680933,178129000,178130000,176361000,176362000,1,-1
11184,chr5,176536540,176536872,176361692,176362042,EH38E3681095,EH38E3680933,176536000,176537000,176362000,176363000,6,-1
11185,chr5,176542807,176543154,176361692,176362042,EH38E3681106,EH38E3680933,176542000,176543000,176362000,176363000,3,-1
11186,chr5,176543156,176543319,176361692,176362042,EH38E3681107,EH38E3680933,176543000,176544000,176362000,176363000,5,-1
11187,chr5,176543337,176543664,176361692,176362042,EH38E3681108,EH38E3680933,176543000,176544000,176362000,176363000,5,-1
11188,chr5,176543742,176543943,176361692,176362042,EH38E3681109,EH38E3680933,176543000,176544000,176362000,176363000,5,-1
11189,chr5,176672225,176672528,176361692,176362042,EH38E3681256,EH38E3680933,176672000,176673000,176362000,176363000,1,-1
11190,chr5,176943864,176944186,176361692,176362042,EH38E3681512,EH38E3680933,176943000,176944000,176362000,176363000,1,-1
11191,chr5,177087075,177087425,176361692,176362042,EH38E2435322,EH38E3680933,177087000,177088000,176362000,176363000,1,-1
11192,chr5,177132476,177132716,176361692,176362042,EH38E3681643,EH38E3680933,177132000,177133000,176362000,176363000,1,-1
11193,chr5,177132740,177132890,176361692,176362042,EH38E3681644,EH38E3680933,177132000,177133000,176362000,176363000,1,-1
11194,chr5,177336178,177336518,176361692,176362042,EH38E2435510,EH38E3680933,177336000,177337000,176362000,176363000,1,-1
11195,chr5,177351765,177352061,176361692,176362042,EH38E3681789,EH38E3680933,177352000,177353000,176362000,176363000,1,-1
11196,chr5,177366725,177367004,176361692,176362042,EH38E3681815,EH38E3680933,177367000,177368000,176362000,176363000,1,-1
11197,chr5,177367060,177367408,176361692,176362042,EH38E3681816,EH38E3680933,177367000,177368000,176362000,176363000,1,-1
11198,chr5,177469207,177469547,176361692,176362042,EH38E3681969,EH38E3680933,177469000,177470000,176362000,176363000,1,-1
11199,chr5,177496125,177496421,176361692,176362042,EH38E3682017,EH38E3680933,177496000,177497000,176362000,176363000,1,-1
11200,chr5,177496572,177496741,176361692,176362042,EH38E3682018,EH38E3680933,177496000,177497000,176362000,176363000,1,-1
11201,chr5,177496798,177497141,176361692,176362042,EH38E3682019,EH38E3680933,177496000,177497000,176362000,176363000,1,-1
11202,chr5,177607834,177608171,176361692,176362042,EH38E2435839,EH38E3680933,177608000,177609000,176362000,176363000,1,-1
11203,chr5,178420446,178420785,176361692,176362042,EH38E3682622,EH38E3680933,178420000,178421000,176362000,176363000,1,-1
11204,chr5,176355490,176355741,176388328,176388528,EH38E3680924,EH38E2434753,176355000,176356000,176388000,176389000,4,-1
11205,chr5,176388039,176388275,176388328,176388528,EH38E3680966,EH38E2434753,176388000,176389000,176388000,176389000,473,-1
11206,chr5,176389313,176389470,176388328,176388528,EH38E3680969,EH38E2434753,176389000,176390000,176388000,176389000,131,-1
11207,chr5,176447451,176447637,176388328,176388528,EH38E3681034,EH38E2434753,176447000,176448000,176388000,176389000,9,-1
11208,chr5,176447740,176447942,176388328,176388528,EH38E3681035,EH38E2434753,176447000,176448000,176388000,176389000,9,-1
11209,chr5,176535748,176535923,176388328,176388528,EH38E3681094,EH38E2434753,176535000,176536000,176388000,176389000,3,-1
11210,chr5,176536540,176536872,176388328,176388528,EH38E3681095,EH38E2434753,176536000,176537000,176388000,176389000,7,-1
11211,chr5,176537073,176537230,176388328,176388528,EH38E3681096,EH38E2434753,176537000,176538000,176388000,176389000,2,-1
11212,chr5,176537797,176538147,176388328,176388528,EH38E3681098,EH38E2434753,176537000,176538000,176388000,176389000,2,-1
11213,chr5,176542807,176543154,176388328,176388528,EH38E3681106,EH38E2434753,176542000,176543000,176388000,176389000,3,-1
11214,chr5,176543156,176543319,176388328,176388528,EH38E3681107,EH38E2434753,176543000,176544000,176388000,176389000,5,-1
11215,chr5,176543337,176543664,176388328,176388528,EH38E3681108,EH38E2434753,176543000,176544000,176388000,176389000,5,-1
11216,chr5,176543742,176543943,176388328,176388528,EH38E3681109,EH38E2434753,176543000,176544000,176388000,176389000,5,-1
11217,chr5,176672225,176672528,176388328,176388528,EH38E3681256,EH38E2434753,176672000,176673000,176388000,176389000,1,-1
11218,chr5,177005760,177006106,176388328,176388528,EH38E3681536,EH38E2434753,177006000,177007000,176388000,176389000,1,-1
11219,chr5,177006109,177006275,176388328,176388528,EH38E3681537,EH38E2434753,177006000,177007000,176388000,176389000,1,-1
11220,chr5,177351765,177352061,176388328,176388528,EH38E3681789,EH38E2434753,177352000,177353000,176388000,176389000,1,-1
11221,chr5,177366725,177367004,176388328,176388528,EH38E3681815,EH38E2434753,177367000,177368000,176388000,176389000,1,-1
11222,chr5,177367060,177367408,176388328,176388528,EH38E3681816,EH38E2434753,177367000,177368000,176388000,176389000,1,-1
11223,chr5,177494325,177494572,176388328,176388528,EH38E2435729,EH38E2434753,177494000,177495000,176388000,176389000,1,-1
11224,chr5,177607834,177608171,176388328,176388528,EH38E2435839,EH38E2434753,177608000,177609000,176388000,176389000,2,-1
11225,chr5,178223734,178224084,176388328,176388528,EH38E3682376,EH38E2434753,178223000,178224000,176388000,176389000,1,-1
11226,chr5,176355490,176355741,176388553,176388870,EH38E3680924,EH38E3680967,176355000,176356000,176388000,176389000,4,-1
11227,chr5,176388039,176388275,176388553,176388870,EH38E3680966,EH38E3680967,176388000,176389000,176388000,176389000,473,-1
11228,chr5,176389313,176389470,176388553,176388870,EH38E3680969,EH38E3680967,176389000,176390000,176388000,176389000,131,-1
11229,chr5,176447451,176447637,176388553,176388870,EH38E3681034,EH38E3680967,176447000,176448000,176388000,176389000,9,-1
11230,chr5,176447740,176447942,176388553,176388870,EH38E3681035,EH38E3680967,176447000,176448000,176388000,176389000,9,-1
11231,chr5,176535748,176535923,176388553,176388870,EH38E3681094,EH38E3680967,176535000,176536000,176388000,176389000,3,-1
11232,chr5,176536540,176536872,176388553,176388870,EH38E3681095,EH38E3680967,176536000,176537000,176388000,176389000,7,-1
11233,chr5,176537073,176537230,176388553,176388870,EH38E3681096,EH38E3680967,176537000,176538000,176388000,176389000,2,-1
11234,chr5,176537797,176538147,176388553,176388870,EH38E3681098,EH38E3680967,176537000,176538000,176388000,176389000,2,-1
11235,chr5,176542807,176543154,176388553,176388870,EH38E3681106,EH38E3680967,176542000,176543000,176388000,176389000,3,-1
11236,chr5,176543156,176543319,176388553,176388870,EH38E3681107,EH38E3680967,176543000,176544000,176388000,176389000,5,-1
11237,chr5,176543337,176543664,176388553,176388870,EH38E3681108,EH38E3680967,176543000,176544000,176388000,176389000,5,-1
11238,chr5,176543742,176543943,176388553,176388870,EH38E3681109,EH38E3680967,176543000,176544000,176388000,176389000,5,-1
11239,chr5,176672225,176672528,176388553,176388870,EH38E3681256,EH38E3680967,176672000,176673000,176388000,176389000,1,-1
11240,chr5,177005760,177006106,176388553,176388870,EH38E3681536,EH38E3680967,177006000,177007000,176388000,176389000,1,-1
11241,chr5,177006109,177006275,176388553,176388870,EH38E3681537,EH38E3680967,177006000,177007000,176388000,176389000,1,-1
11242,chr5,177351765,177352061,176388553,176388870,EH38E3681789,EH38E3680967,177352000,177353000,176388000,176389000,1,-1
11243,chr5,177366725,177367004,176388553,176388870,EH38E3681815,EH38E3680967,177367000,177368000,176388000,176389000,1,-1
11244,chr5,177367060,177367408,176388553,176388870,EH38E3681816,EH38E3680967,177367000,177368000,176388000,176389000,1,-1
11245,chr5,177494325,177494572,176388553,176388870,EH38E2435729,EH38E3680967,177494000,177495000,176388000,176389000,1,-1
11246,chr5,177607834,177608171,176388553,176388870,EH38E2435839,EH38E3680967,177608000,177609000,176388000,176389000,2,-1
11247,chr5,178223734,178224084,176388553,176388870,EH38E3682376,EH38E3680967,178223000,178224000,176388000,176389000,1,-1
11248,chr5,176355490,176355741,176388911,176389260,EH38E3680924,EH38E3680968,176355000,176356000,176388000,176389000,4,-1
11249,chr5,176388039,176388275,176388911,176389260,EH38E3680966,EH38E3680968,176388000,176389000,176388000,176389000,473,-1
11250,chr5,176447451,176447637,176388911,176389260,EH38E3681034,EH38E3680968,176447000,176448000,176388000,176389000,9,-1
11251,chr5,176447740,176447942,176388911,176389260,EH38E3681035,EH38E3680968,176447000,176448000,176388000,176389000,9,-1
11252,chr5,176535748,176535923,176388911,176389260,EH38E3681094,EH38E3680968,176535000,176536000,176388000,176389000,3,-1
11253,chr5,176536540,176536872,176388911,176389260,EH38E3681095,EH38E3680968,176536000,176537000,176388000,176389000,7,-1
11254,chr5,176542807,176543154,176388911,176389260,EH38E3681106,EH38E3680968,176542000,176543000,176388000,176389000,3,-1
11255,chr5,176543156,176543319,176388911,176389260,EH38E3681107,EH38E3680968,176543000,176544000,176388000,176389000,5,-1
11256,chr5,176543337,176543664,176388911,176389260,EH38E3681108,EH38E3680968,176543000,176544000,176388000,176389000,5,-1
11257,chr5,176543742,176543943,176388911,176389260,EH38E3681109,EH38E3680968,176543000,176544000,176388000,176389000,5,-1
11258,chr5,176672225,176672528,176388911,176389260,EH38E3681256,EH38E3680968,176672000,176673000,176388000,176389000,1,-1
11259,chr5,177005760,177006106,176388911,176389260,EH38E3681536,EH38E3680968,177006000,177007000,176388000,176389000,1,-1
11260,chr5,177006109,177006275,176388911,176389260,EH38E3681537,EH38E3680968,177006000,177007000,176388000,176389000,1,-1
11261,chr5,177351765,177352061,176388911,176389260,EH38E3681789,EH38E3680968,177352000,177353000,176388000,176389000,1,-1
11262,chr5,177366725,177367004,176388911,176389260,EH38E3681815,EH38E3680968,177367000,177368000,176388000,176389000,1,-1
11263,chr5,177367060,177367408,176388911,176389260,EH38E3681816,EH38E3680968,177367000,177368000,176388000,176389000,1,-1
11264,chr5,177494325,177494572,176388911,176389260,EH38E2435729,EH38E3680968,177494000,177495000,176388000,176389000,1,-1
11265,chr5,177607834,177608171,176388911,176389260,EH38E2435839,EH38E3680968,177608000,177609000,176388000,176389000,2,-1
11266,chr5,178223734,178224084,176388911,176389260,EH38E3682376,EH38E3680968,178223000,178224000,176388000,176389000,1,-1
11267,chr5,175479184,175479532,176388911,176389260,EH38E3680534,EH38E3680968,175479000,175480000,176389000,176390000,1,-1
11268,chr5,175549015,175549298,176388911,176389260,EH38E2434362,EH38E3680968,175549000,175550000,176389000,176390000,1,-1
11269,chr5,176389313,176389470,176388911,176389260,EH38E3680969,EH38E3680968,176389000,176390000,176389000,176390000,411,-1
11270,chr5,176537073,176537230,176388911,176389260,EH38E3681096,EH38E3680968,176537000,176538000,176389000,176390000,7,-1
11271,chr5,176537797,176538147,176388911,176389260,EH38E3681098,EH38E3680968,176537000,176538000,176389000,176390000,7,-1
11272,chr5,176943864,176944186,176388911,176389260,EH38E3681512,EH38E3680968,176944000,176945000,176389000,176390000,1,-1
11273,chr5,177022897,177023127,176388911,176389260,EH38E3681551,EH38E3680968,177023000,177024000,176389000,176390000,2,-1
11274,chr5,177458088,177458239,176388911,176389260,EH38E3681955,EH38E3680968,177458000,177459000,176389000,176390000,1,-1
11275,chr5,177468757,177469034,176388911,176389260,EH38E3681968,EH38E3680968,177469000,177470000,176389000,176390000,1,-1
11276,chr5,177469207,177469547,176388911,176389260,EH38E3681969,EH38E3680968,177469000,177470000,176389000,176390000,1,-1
11277,chr5,177607407,177607754,176388911,176389260,EH38E3682132,EH38E3680968,177607000,177608000,176389000,176390000,1,-1
11278,chr5,178120959,178121307,176388911,176389260,EH38E3682279,EH38E3680968,178121000,178122000,176389000,176390000,1,-1
11279,chr5,173498965,173499313,176416426,176416776,EH38E3679536,EH38E3681012,173498000,173499000,176416000,176417000,1,-1
11280,chr5,175549015,175549298,176416426,176416776,EH38E2434362,EH38E3681012,175549000,175550000,176416000,176417000,1,-1
11281,chr5,175603943,175604288,176416426,176416776,EH38E2434394,EH38E3681012,175604000,175605000,176416000,176417000,1,-1
11282,chr5,175604380,175604727,176416426,176416776,EH38E3680605,EH38E3681012,175604000,175605000,176416000,176417000,1,-1
11283,chr5,176355490,176355741,176416426,176416776,EH38E3680924,EH38E3681012,176355000,176356000,176416000,176417000,2,-1
11284,chr5,176388039,176388275,176416426,176416776,EH38E3680966,EH38E3681012,176388000,176389000,176416000,176417000,10,-1
11285,chr5,176389313,176389470,176416426,176416776,EH38E3680969,EH38E3681012,176389000,176390000,176416000,176417000,4,-1
11286,chr5,176447451,176447637,176416426,176416776,EH38E3681034,EH38E3681012,176447000,176448000,176416000,176417000,33,-1
11287,chr5,176447740,176447942,176416426,176416776,EH38E3681035,EH38E3681012,176447000,176448000,176416000,176417000,33,-1
11288,chr5,176535748,176535923,176416426,176416776,EH38E3681094,EH38E3681012,176535000,176536000,176416000,176417000,4,-1
11289,chr5,176536540,176536872,176416426,176416776,EH38E3681095,EH38E3681012,176536000,176537000,176416000,176417000,8,-1
11290,chr5,176537073,176537230,176416426,176416776,EH38E3681096,EH38E3681012,176537000,176538000,176416000,176417000,7,-1
11291,chr5,176537797,176538147,176416426,176416776,EH38E3681098,EH38E3681012,176537000,176538000,176416000,176417000,7,-1
11292,chr5,176542807,176543154,176416426,176416776,EH38E3681106,EH38E3681012,176542000,176543000,176416000,176417000,4,-1
11293,chr5,176543156,176543319,176416426,176416776,EH38E3681107,EH38E3681012,176543000,176544000,176416000,176417000,3,-1
11294,chr5,176543337,176543664,176416426,176416776,EH38E3681108,EH38E3681012,176543000,176544000,176416000,176417000,3,-1
11295,chr5,176543742,176543943,176416426,176416776,EH38E3681109,EH38E3681012,176543000,176544000,176416000,176417000,3,-1
11296,chr5,177005760,177006106,176416426,176416776,EH38E3681536,EH38E3681012,177006000,177007000,176416000,176417000,1,-1
11297,chr5,177006109,177006275,176416426,176416776,EH38E3681537,EH38E3681012,177006000,177007000,176416000,176417000,1,-1
11298,chr5,177336178,177336518,176416426,176416776,EH38E2435510,EH38E3681012,177336000,177337000,176416000,176417000,1,-1
11299,chr5,177456127,177456302,176416426,176416776,EH38E3681951,EH38E3681012,177456000,177457000,176416000,176417000,1,-1
11300,chr5,177456336,177456686,176416426,176416776,EH38E3681952,EH38E3681012,177456000,177457000,176416000,176417000,1,-1
11301,chr5,177456725,177456910,176416426,176416776,EH38E3681953,EH38E3681012,177456000,177457000,176416000,176417000,1,-1
11302,chr5,177468757,177469034,176416426,176416776,EH38E3681968,EH38E3681012,177469000,177470000,176416000,176417000,1,-1
11303,chr5,177469207,177469547,176416426,176416776,EH38E3681969,EH38E3681012,177469000,177470000,176416000,176417000,1,-1
11304,chr5,177496125,177496421,176416426,176416776,EH38E3682017,EH38E3681012,177496000,177497000,176416000,176417000,1,-1
11305,chr5,177496572,177496741,176416426,176416776,EH38E3682018,EH38E3681012,177496000,177497000,176416000,176417000,1,-1
11306,chr5,177496798,177497141,176416426,176416776,EH38E3682019,EH38E3681012,177496000,177497000,176416000,176417000,1,-1
11307,chr5,178177578,178177927,176416426,176416776,EH38E3682329,EH38E3681012,178177000,178178000,176416000,176417000,1,-1
11308,chr5,176355490,176355741,176448063,176448413,EH38E3680924,EH38E3681036,176355000,176356000,176448000,176449000,2,-1
11309,chr5,176388039,176388275,176448063,176448413,EH38E3680966,EH38E3681036,176388000,176389000,176448000,176449000,11,-1
11310,chr5,176389313,176389470,176448063,176448413,EH38E3680969,EH38E3681036,176389000,176390000,176448000,176449000,10,-1
11311,chr5,176447451,176447637,176448063,176448413,EH38E3681034,EH38E3681036,176447000,176448000,176448000,176449000,153,-1
11312,chr5,176447740,176447942,176448063,176448413,EH38E3681035,EH38E3681036,176447000,176448000,176448000,176449000,153,-1
11313,chr5,176535748,176535923,176448063,176448413,EH38E3681094,EH38E3681036,176535000,176536000,176448000,176449000,11,-1
11314,chr5,176536540,176536872,176448063,176448413,EH38E3681095,EH38E3681036,176536000,176537000,176448000,176449000,5,-1
11315,chr5,176537073,176537230,176448063,176448413,EH38E3681096,EH38E3681036,176537000,176538000,176448000,176449000,11,-1
11316,chr5,176537797,176538147,176448063,176448413,EH38E3681098,EH38E3681036,176537000,176538000,176448000,176449000,11,-1
11317,chr5,176542807,176543154,176448063,176448413,EH38E3681106,EH38E3681036,176542000,176543000,176448000,176449000,8,-1
11318,chr5,176543156,176543319,176448063,176448413,EH38E3681107,EH38E3681036,176543000,176544000,176448000,176449000,3,-1
11319,chr5,176543337,176543664,176448063,176448413,EH38E3681108,EH38E3681036,176543000,176544000,176448000,176449000,3,-1
11320,chr5,176543742,176543943,176448063,176448413,EH38E3681109,EH38E3681036,176543000,176544000,176448000,176449000,3,-1
11321,chr5,176672225,176672528,176448063,176448413,EH38E3681256,EH38E3681036,176672000,176673000,176448000,176449000,2,-1
11322,chr5,177087075,177087425,176448063,176448413,EH38E2435322,EH38E3681036,177087000,177088000,176448000,176449000,1,-1
11323,chr5,177454179,177454382,176448063,176448413,EH38E3681946,EH38E3681036,177454000,177455000,176448000,176449000,1,-1
11324,chr5,177454492,177454838,176448063,176448413,EH38E3681947,EH38E3681036,177454000,177455000,176448000,176449000,1,-1
11325,chr5,177517337,177517499,176448063,176448413,EH38E3682049,EH38E3681036,177517000,177518000,176448000,176449000,1,-1
11326,chr5,177958812,177959162,176448063,176448413,EH38E3682190,EH38E3681036,177959000,177960000,176448000,176449000,1,-1
11327,chr5,173669989,173670267,176537233,176537574,EH38E3679645,EH38E3681097,173669000,173670000,176537000,176538000,1,-1
11328,chr5,175549015,175549298,176537233,176537574,EH38E2434362,EH38E3681097,175549000,175550000,176537000,176538000,1,-1
11329,chr5,175603943,175604288,176537233,176537574,EH38E2434394,EH38E3681097,175603000,175604000,176537000,176538000,1,-1
11330,chr5,176355490,176355741,176537233,176537574,EH38E3680924,EH38E3681097,176355000,176356000,176537000,176538000,3,-1
11331,chr5,176388039,176388275,176537233,176537574,EH38E3680966,EH38E3681097,176388000,176389000,176537000,176538000,2,-1
11332,chr5,176389313,176389470,176537233,176537574,EH38E3680969,EH38E3681097,176389000,176390000,176537000,176538000,7,-1
11333,chr5,176447451,176447637,176537233,176537574,EH38E3681034,EH38E3681097,176447000,176448000,176537000,176538000,8,-1
11334,chr5,176447740,176447942,176537233,176537574,EH38E3681035,EH38E3681097,176447000,176448000,176537000,176538000,8,-1
11335,chr5,176535748,176535923,176537233,176537574,EH38E3681094,EH38E3681097,176535000,176536000,176537000,176538000,90,-1
11336,chr5,176536540,176536872,176537233,176537574,EH38E3681095,EH38E3681097,176536000,176537000,176537000,176538000,631,-1
11337,chr5,176537073,176537230,176537233,176537574,EH38E3681096,EH38E3681097,176537000,176538000,176537000,176538000,413,-1
11338,chr5,176537797,176538147,176537233,176537574,EH38E3681098,EH38E3681097,176537000,176538000,176537000,176538000,413,-1
11339,chr5,176542807,176543154,176537233,176537574,EH38E3681106,EH38E3681097,176542000,176543000,176537000,176538000,48,-1
11340,chr5,176543156,176543319,176537233,176537574,EH38E3681107,EH38E3681097,176543000,176544000,176537000,176538000,22,-1
11341,chr5,176543337,176543664,176537233,176537574,EH38E3681108,EH38E3681097,176543000,176544000,176537000,176538000,22,-1
11342,chr5,176543742,176543943,176537233,176537574,EH38E3681109,EH38E3681097,176543000,176544000,176537000,176538000,22,-1
11343,chr5,177005760,177006106,176537233,176537574,EH38E3681536,EH38E3681097,177006000,177007000,176537000,176538000,2,-1
11344,chr5,177006109,177006275,176537233,176537574,EH38E3681537,EH38E3681097,177006000,177007000,176537000,176538000,2,-1
11345,chr5,177022897,177023127,176537233,176537574,EH38E3681551,EH38E3681097,177022000,177023000,176537000,176538000,2,-1
11346,chr5,177087075,177087425,176537233,176537574,EH38E2435322,EH38E3681097,177087000,177088000,176537000,176538000,1,-1
11347,chr5,177447885,177448234,176537233,176537574,EH38E3681934,EH38E3681097,177448000,177449000,176537000,176538000,1,-1
11348,chr5,177457623,177457956,176537233,176537574,EH38E3681954,EH38E3681097,177457000,177458000,176537000,176538000,1,-1
11349,chr5,177458088,177458239,176537233,176537574,EH38E3681955,EH38E3681097,177458000,177459000,176537000,176538000,1,-1
11350,chr5,177472430,177472703,176537233,176537574,EH38E3681975,EH38E3681097,177472000,177473000,176537000,176538000,1,-1
11351,chr5,177472727,177473068,176537233,176537574,EH38E3681976,EH38E3681097,177472000,177473000,176537000,176538000,1,-1
11352,chr5,177485349,177485612,176537233,176537574,EH38E3681998,EH38E3681097,177485000,177486000,176537000,176538000,1,-1
11353,chr5,177494325,177494572,176537233,176537574,EH38E2435729,EH38E3681097,177494000,177495000,176537000,176538000,1,-1
11354,chr5,177495205,177495375,176537233,176537574,EH38E3682014,EH38E3681097,177495000,177496000,176537000,176538000,1,-1
11355,chr5,177495450,177495774,176537233,176537574,EH38E3682015,EH38E3681097,177495000,177496000,176537000,176538000,1,-1
11356,chr5,177495775,177495949,176537233,176537574,EH38E3682016,EH38E3681097,177495000,177496000,176537000,176538000,1,-1
11357,chr5,177496125,177496421,176537233,176537574,EH38E3682017,EH38E3681097,177496000,177497000,176537000,176538000,2,-1
11358,chr5,177496572,177496741,176537233,176537574,EH38E3682018,EH38E3681097,177496000,177497000,176537000,176538000,2,-1
11359,chr5,177496798,177497141,176537233,176537574,EH38E3682019,EH38E3681097,177496000,177497000,176537000,176538000,2,-1
11360,chr5,178115831,178116002,176537233,176537574,EH38E3682264,EH38E3681097,178116000,178117000,176537000,176538000,1,-1
11361,chr5,178116042,178116356,176537233,176537574,EH38E3682265,EH38E3681097,178116000,178117000,176537000,176538000,1,-1
11362,chr5,178116362,178116563,176537233,176537574,EH38E3682266,EH38E3681097,178116000,178117000,176537000,176538000,1,-1
11363,chr5,178116578,178116927,176537233,176537574,EH38E3682267,EH38E3681097,178116000,178117000,176537000,176538000,1,-1
11364,chr5,175603943,175604288,176542377,176542538,EH38E2434394,EH38E3681104,175604000,175605000,176542000,176543000,1,-1
11365,chr5,175604380,175604727,176542377,176542538,EH38E3680605,EH38E3681104,175604000,175605000,176542000,176543000,1,-1
11366,chr5,176388039,176388275,176542377,176542538,EH38E3680966,EH38E3681104,176388000,176389000,176542000,176543000,3,-1
11367,chr5,176389313,176389470,176542377,176542538,EH38E3680969,EH38E3681104,176389000,176390000,176542000,176543000,3,-1
11368,chr5,176447451,176447637,176542377,176542538,EH38E3681034,EH38E3681104,176447000,176448000,176542000,176543000,4,-1
11369,chr5,176447740,176447942,176542377,176542538,EH38E3681035,EH38E3681104,176447000,176448000,176542000,176543000,4,-1
11370,chr5,176535748,176535923,176542377,176542538,EH38E3681094,EH38E3681104,176535000,176536000,176542000,176543000,26,-1
11371,chr5,176536540,176536872,176542377,176542538,EH38E3681095,EH38E3681104,176536000,176537000,176542000,176543000,39,-1
11372,chr5,176537073,176537230,176542377,176542538,EH38E3681096,EH38E3681104,176537000,176538000,176542000,176543000,48,-1
11373,chr5,176537797,176538147,176542377,176542538,EH38E3681098,EH38E3681104,176537000,176538000,176542000,176543000,48,-1
11374,chr5,176542807,176543154,176542377,176542538,EH38E3681106,EH38E3681104,176542000,176543000,176542000,176543000,859,-1
11375,chr5,176543156,176543319,176542377,176542538,EH38E3681107,EH38E3681104,176543000,176544000,176542000,176543000,277,-1
11376,chr5,176543337,176543664,176542377,176542538,EH38E3681108,EH38E3681104,176543000,176544000,176542000,176543000,277,-1
11377,chr5,176543742,176543943,176542377,176542538,EH38E3681109,EH38E3681104,176543000,176544000,176542000,176543000,277,-1
11378,chr5,176672225,176672528,176542377,176542538,EH38E3681256,EH38E3681104,176672000,176673000,176542000,176543000,1,-1
11379,chr5,177022897,177023127,176542377,176542538,EH38E3681551,EH38E3681104,177022000,177023000,176542000,176543000,5,-1
11380,chr5,177087075,177087425,176542377,176542538,EH38E2435322,EH38E3681104,177087000,177088000,176542000,176543000,2,-1
11381,chr5,177131459,177131696,176542377,176542538,EH38E3681641,EH38E3681104,177131000,177132000,176542000,176543000,1,-1
11382,chr5,177131709,177131871,176542377,176542538,EH38E2435367,EH38E3681104,177131000,177132000,176542000,176543000,1,-1
11383,chr5,177132476,177132716,176542377,176542538,EH38E3681643,EH38E3681104,177132000,177133000,176542000,176543000,2,-1
11384,chr5,177132740,177132890,176542377,176542538,EH38E3681644,EH38E3681104,177132000,177133000,176542000,176543000,2,-1
11385,chr5,177351293,177351476,176542377,176542538,EH38E3681787,EH38E3681104,177351000,177352000,176542000,176543000,2,-1
11386,chr5,177351765,177352061,176542377,176542538,EH38E3681789,EH38E3681104,177351000,177352000,176542000,176543000,2,-1
11387,chr5,177366725,177367004,176542377,176542538,EH38E3681815,EH38E3681104,177367000,177368000,176542000,176543000,1,-1
11388,chr5,177367060,177367408,176542377,176542538,EH38E3681816,EH38E3681104,177367000,177368000,176542000,176543000,1,-1
11389,chr5,177370475,177370678,176542377,176542538,EH38E3681823,EH38E3681104,177370000,177371000,176542000,176543000,1,-1
11390,chr5,177370711,177371058,176542377,176542538,EH38E2435557,EH38E3681104,177370000,177371000,176542000,176543000,1,-1
11391,chr5,177447885,177448234,176542377,176542538,EH38E3681934,EH38E3681104,177448000,177449000,176542000,176543000,2,-1
11392,chr5,177472430,177472703,176542377,176542538,EH38E3681975,EH38E3681104,177472000,177473000,176542000,176543000,2,-1
11393,chr5,177472727,177473068,176542377,176542538,EH38E3681976,EH38E3681104,177472000,177473000,176542000,176543000,2,-1
11394,chr5,177599717,177599874,176542377,176542538,EH38E3682121,EH38E3681104,177599000,177600000,176542000,176543000,1,-1
11395,chr5,178223734,178224084,176542377,176542538,EH38E3682376,EH38E3681104,178224000,178225000,176542000,176543000,1,-1
11396,chr5,178420446,178420785,176542377,176542538,EH38E3682622,EH38E3681104,178420000,178421000,176542000,176543000,1,-1
11397,chr5,178627351,178627515,176542377,176542538,EH38E3682818,EH38E3681104,178627000,178628000,176542000,176543000,1,-1
11398,chr5,175603943,175604288,176542540,176542781,EH38E2434394,EH38E3681105,175604000,175605000,176542000,176543000,1,-1
11399,chr5,175604380,175604727,176542540,176542781,EH38E3680605,EH38E3681105,175604000,175605000,176542000,176543000,1,-1
11400,chr5,176388039,176388275,176542540,176542781,EH38E3680966,EH38E3681105,176388000,176389000,176542000,176543000,3,-1
11401,chr5,176389313,176389470,176542540,176542781,EH38E3680969,EH38E3681105,176389000,176390000,176542000,176543000,3,-1
11402,chr5,176447451,176447637,176542540,176542781,EH38E3681034,EH38E3681105,176447000,176448000,176542000,176543000,4,-1
11403,chr5,176447740,176447942,176542540,176542781,EH38E3681035,EH38E3681105,176447000,176448000,176542000,176543000,4,-1
11404,chr5,176535748,176535923,176542540,176542781,EH38E3681094,EH38E3681105,176535000,176536000,176542000,176543000,26,-1
11405,chr5,176536540,176536872,176542540,176542781,EH38E3681095,EH38E3681105,176536000,176537000,176542000,176543000,39,-1
11406,chr5,176537073,176537230,176542540,176542781,EH38E3681096,EH38E3681105,176537000,176538000,176542000,176543000,48,-1
11407,chr5,176537797,176538147,176542540,176542781,EH38E3681098,EH38E3681105,176537000,176538000,176542000,176543000,48,-1
11408,chr5,176542807,176543154,176542540,176542781,EH38E3681106,EH38E3681105,176542000,176543000,176542000,176543000,859,-1
11409,chr5,176543156,176543319,176542540,176542781,EH38E3681107,EH38E3681105,176543000,176544000,176542000,176543000,277,-1
11410,chr5,176543337,176543664,176542540,176542781,EH38E3681108,EH38E3681105,176543000,176544000,176542000,176543000,277,-1
11411,chr5,176543742,176543943,176542540,176542781,EH38E3681109,EH38E3681105,176543000,176544000,176542000,176543000,277,-1
11412,chr5,176672225,176672528,176542540,176542781,EH38E3681256,EH38E3681105,176672000,176673000,176542000,176543000,1,-1
11413,chr5,177022897,177023127,176542540,176542781,EH38E3681551,EH38E3681105,177022000,177023000,176542000,176543000,5,-1
11414,chr5,177087075,177087425,176542540,176542781,EH38E2435322,EH38E3681105,177087000,177088000,176542000,176543000,2,-1
11415,chr5,177131459,177131696,176542540,176542781,EH38E3681641,EH38E3681105,177131000,177132000,176542000,176543000,1,-1
11416,chr5,177131709,177131871,176542540,176542781,EH38E2435367,EH38E3681105,177131000,177132000,176542000,176543000,1,-1
11417,chr5,177132476,177132716,176542540,176542781,EH38E3681643,EH38E3681105,177132000,177133000,176542000,176543000,2,-1
11418,chr5,177132740,177132890,176542540,176542781,EH38E3681644,EH38E3681105,177132000,177133000,176542000,176543000,2,-1
11419,chr5,177351293,177351476,176542540,176542781,EH38E3681787,EH38E3681105,177351000,177352000,176542000,176543000,2,-1
11420,chr5,177351765,177352061,176542540,176542781,EH38E3681789,EH38E3681105,177351000,177352000,176542000,176543000,2,-1
11421,chr5,177366725,177367004,176542540,176542781,EH38E3681815,EH38E3681105,177367000,177368000,176542000,176543000,1,-1
11422,chr5,177367060,177367408,176542540,176542781,EH38E3681816,EH38E3681105,177367000,177368000,176542000,176543000,1,-1
11423,chr5,177370475,177370678,176542540,176542781,EH38E3681823,EH38E3681105,177370000,177371000,176542000,176543000,1,-1
11424,chr5,177370711,177371058,176542540,176542781,EH38E2435557,EH38E3681105,177370000,177371000,176542000,176543000,1,-1
11425,chr5,177447885,177448234,176542540,176542781,EH38E3681934,EH38E3681105,177448000,177449000,176542000,176543000,2,-1
11426,chr5,177472430,177472703,176542540,176542781,EH38E3681975,EH38E3681105,177472000,177473000,176542000,176543000,2,-1
11427,chr5,177472727,177473068,176542540,176542781,EH38E3681976,EH38E3681105,177472000,177473000,176542000,176543000,2,-1
11428,chr5,177599717,177599874,176542540,176542781,EH38E3682121,EH38E3681105,177599000,177600000,176542000,176543000,1,-1
11429,chr5,178223734,178224084,176542540,176542781,EH38E3682376,EH38E3681105,178224000,178225000,176542000,176543000,1,-1
11430,chr5,178420446,178420785,176542540,176542781,EH38E3682622,EH38E3681105,178420000,178421000,176542000,176543000,1,-1
11431,chr5,178627351,178627515,176542540,176542781,EH38E3682818,EH38E3681105,178627000,178628000,176542000,176543000,1,-1
11432,chr5,176355490,176355741,176609970,176610313,EH38E3680924,EH38E3681183,176355000,176356000,176609000,176610000,1,-1
11433,chr5,176389313,176389470,176609970,176610313,EH38E3680969,EH38E3681183,176389000,176390000,176609000,176610000,3,-1
11434,chr5,176447451,176447637,176609970,176610313,EH38E3681034,EH38E3681183,176447000,176448000,176609000,176610000,3,-1
11435,chr5,176447740,176447942,176609970,176610313,EH38E3681035,EH38E3681183,176447000,176448000,176609000,176610000,3,-1
11436,chr5,176535748,176535923,176609970,176610313,EH38E3681094,EH38E3681183,176535000,176536000,176609000,176610000,6,-1
11437,chr5,176536540,176536872,176609970,176610313,EH38E3681095,EH38E3681183,176536000,176537000,176609000,176610000,6,-1
11438,chr5,176943864,176944186,176609970,176610313,EH38E3681512,EH38E3681183,176944000,176945000,176609000,176610000,1,-1
11439,chr5,177300251,177300600,176609970,176610313,EH38E2435465,EH38E3681183,177300000,177301000,176609000,176610000,1,-1
11440,chr5,177456127,177456302,176609970,176610313,EH38E3681951,EH38E3681183,177456000,177457000,176609000,176610000,1,-1
11441,chr5,177456336,177456686,176609970,176610313,EH38E3681952,EH38E3681183,177456000,177457000,176609000,176610000,1,-1
11442,chr5,177456725,177456910,176609970,176610313,EH38E3681953,EH38E3681183,177456000,177457000,176609000,176610000,1,-1
11443,chr5,177496125,177496421,176609970,176610313,EH38E3682017,EH38E3681183,177496000,177497000,176609000,176610000,1,-1
11444,chr5,177496572,177496741,176609970,176610313,EH38E3682018,EH38E3681183,177496000,177497000,176609000,176610000,1,-1
11445,chr5,177496798,177497141,176609970,176610313,EH38E3682019,EH38E3681183,177496000,177497000,176609000,176610000,1,-1
11446,chr5,179558958,179559264,176609970,176610313,EH38E3683384,EH38E3681183,179559000,179560000,176609000,176610000,1,-1
11447,chr5,179559876,179560137,176609970,176610313,EH38E3683386,EH38E3681183,179559000,179560000,176609000,176610000,1,-1
11448,chr5,173627858,173628104,176609970,176610313,EH38E2433083,EH38E3681183,173628000,173629000,176610000,176611000,1,-1
11449,chr5,173628125,173628470,176609970,176610313,EH38E3679614,EH38E3681183,173628000,173629000,176610000,176611000,1,-1
11450,chr5,173963937,173964260,176609970,176610313,EH38E2433528,EH38E3681183,173964000,173965000,176610000,176611000,1,-1
11451,chr5,175549015,175549298,176609970,176610313,EH38E2434362,EH38E3681183,175549000,175550000,176610000,176611000,1,-1
11452,chr5,176388039,176388275,176609970,176610313,EH38E3680966,EH38E3681183,176388000,176389000,176610000,176611000,6,-1
11453,chr5,176537073,176537230,176609970,176610313,EH38E3681096,EH38E3681183,176537000,176538000,176610000,176611000,6,-1
11454,chr5,176537797,176538147,176609970,176610313,EH38E3681098,EH38E3681183,176537000,176538000,176610000,176611000,6,-1
11455,chr5,176542807,176543154,176609970,176610313,EH38E3681106,EH38E3681183,176542000,176543000,176610000,176611000,6,-1
11456,chr5,176543156,176543319,176609970,176610313,EH38E3681107,EH38E3681183,176543000,176544000,176610000,176611000,9,-1
11457,chr5,176543337,176543664,176609970,176610313,EH38E3681108,EH38E3681183,176543000,176544000,176610000,176611000,9,-1
11458,chr5,176543742,176543943,176609970,176610313,EH38E3681109,EH38E3681183,176543000,176544000,176610000,176611000,9,-1
11459,chr5,177005760,177006106,176609970,176610313,EH38E3681536,EH38E3681183,177006000,177007000,176610000,176611000,2,-1
11460,chr5,177006109,177006275,176609970,176610313,EH38E3681537,EH38E3681183,177006000,177007000,176610000,176611000,2,-1
11461,chr5,177022897,177023127,176609970,176610313,EH38E3681551,EH38E3681183,177022000,177023000,176610000,176611000,3,-1
11462,chr5,177087075,177087425,176609970,176610313,EH38E2435322,EH38E3681183,177087000,177088000,176610000,176611000,3,-1
11463,chr5,177131459,177131696,176609970,176610313,EH38E3681641,EH38E3681183,177131000,177132000,176610000,176611000,1,-1
11464,chr5,177131709,177131871,176609970,176610313,EH38E2435367,EH38E3681183,177131000,177132000,176610000,176611000,1,-1
11465,chr5,177132476,177132716,176609970,176610313,EH38E3681643,EH38E3681183,177132000,177133000,176610000,176611000,2,-1
11466,chr5,177132740,177132890,176609970,176610313,EH38E3681644,EH38E3681183,177132000,177133000,176610000,176611000,2,-1
11467,chr5,177336178,177336518,176609970,176610313,EH38E2435510,EH38E3681183,177336000,177337000,176610000,176611000,1,-1
11468,chr5,177370475,177370678,176609970,176610313,EH38E3681823,EH38E3681183,177370000,177371000,176610000,176611000,1,-1
11469,chr5,177370711,177371058,176609970,176610313,EH38E2435557,EH38E3681183,177370000,177371000,176610000,176611000,1,-1
11470,chr5,177447036,177447376,176609970,176610313,EH38E3681932,EH38E3681183,177447000,177448000,176610000,176611000,1,-1
11471,chr5,177447885,177448234,176609970,176610313,EH38E3681934,EH38E3681183,177447000,177448000,176610000,176611000,1,-1
11472,chr5,177607407,177607754,176609970,176610313,EH38E3682132,EH38E3681183,177607000,177608000,176610000,176611000,1,-1
11473,chr5,177607834,177608171,176609970,176610313,EH38E2435839,EH38E3681183,177607000,177608000,176610000,176611000,1,-1
11474,chr5,179549803,179550104,176609970,176610313,EH38E3683374,EH38E3681183,179550000,179551000,176610000,176611000,1,-1
11475,chr5,179550674,179550989,176609970,176610313,EH38E3683377,EH38E3681183,179550000,179551000,176610000,176611000,1,-1
11476,chr5,179551000,179551207,176609970,176610313,EH38E3683378,EH38E3681183,179550000,179551000,176610000,176611000,1,-1
11477,chr5,173887737,173887999,176630142,176630400,EH38E3679876,EH38E3681211,173887000,173888000,176630000,176631000,1,-1
11478,chr5,176388039,176388275,176630142,176630400,EH38E3680966,EH38E3681211,176388000,176389000,176630000,176631000,1,-1
11479,chr5,176389313,176389470,176630142,176630400,EH38E3680969,EH38E3681211,176389000,176390000,176630000,176631000,4,-1
11480,chr5,176447451,176447637,176630142,176630400,EH38E3681034,EH38E3681211,176447000,176448000,176630000,176631000,3,-1
11481,chr5,176447740,176447942,176630142,176630400,EH38E3681035,EH38E3681211,176447000,176448000,176630000,176631000,3,-1
11482,chr5,176535748,176535923,176630142,176630400,EH38E3681094,EH38E3681211,176535000,176536000,176630000,176631000,5,-1
11483,chr5,176536540,176536872,176630142,176630400,EH38E3681095,EH38E3681211,176536000,176537000,176630000,176631000,10,-1
11484,chr5,176537073,176537230,176630142,176630400,EH38E3681096,EH38E3681211,176537000,176538000,176630000,176631000,6,-1
11485,chr5,176537797,176538147,176630142,176630400,EH38E3681098,EH38E3681211,176537000,176538000,176630000,176631000,6,-1
11486,chr5,176542807,176543154,176630142,176630400,EH38E3681106,EH38E3681211,176542000,176543000,176630000,176631000,6,-1
11487,chr5,176543156,176543319,176630142,176630400,EH38E3681107,EH38E3681211,176543000,176544000,176630000,176631000,3,-1
11488,chr5,176543337,176543664,176630142,176630400,EH38E3681108,EH38E3681211,176543000,176544000,176630000,176631000,3,-1
11489,chr5,176543742,176543943,176630142,176630400,EH38E3681109,EH38E3681211,176543000,176544000,176630000,176631000,3,-1
11490,chr5,176672225,176672528,176630142,176630400,EH38E3681256,EH38E3681211,176672000,176673000,176630000,176631000,6,-1
11491,chr5,177005760,177006106,176630142,176630400,EH38E3681536,EH38E3681211,177005000,177006000,176630000,176631000,1,-1
11492,chr5,177006109,177006275,176630142,176630400,EH38E3681537,EH38E3681211,177006000,177007000,176630000,176631000,1,-1
11493,chr5,177022897,177023127,176630142,176630400,EH38E3681551,EH38E3681211,177022000,177023000,176630000,176631000,3,-1
11494,chr5,177087075,177087425,176630142,176630400,EH38E2435322,EH38E3681211,177087000,177088000,176630000,176631000,6,-1
11495,chr5,177131459,177131696,176630142,176630400,EH38E3681641,EH38E3681211,177131000,177132000,176630000,176631000,6,-1
11496,chr5,177131709,177131871,176630142,176630400,EH38E2435367,EH38E3681211,177131000,177132000,176630000,176631000,6,-1
11497,chr5,177300251,177300600,176630142,176630400,EH38E2435465,EH38E3681211,177300000,177301000,176630000,176631000,1,-1
11498,chr5,177351293,177351476,176630142,176630400,EH38E3681787,EH38E3681211,177351000,177352000,176630000,176631000,1,-1
11499,chr5,177351765,177352061,176630142,176630400,EH38E3681789,EH38E3681211,177351000,177352000,176630000,176631000,1,-1
11500,chr5,177366725,177367004,176630142,176630400,EH38E3681815,EH38E3681211,177367000,177368000,176630000,176631000,1,-1
11501,chr5,177367060,177367408,176630142,176630400,EH38E3681816,EH38E3681211,177367000,177368000,176630000,176631000,1,-1
11502,chr5,177425947,177426189,176630142,176630400,EH38E2435603,EH38E3681211,177425000,177426000,176630000,176631000,1,-1
11503,chr5,177447036,177447376,176630142,176630400,EH38E3681932,EH38E3681211,177447000,177448000,176630000,176631000,2,-1
11504,chr5,177447885,177448234,176630142,176630400,EH38E3681934,EH38E3681211,177447000,177448000,176630000,176631000,2,-1
11505,chr5,177468757,177469034,176630142,176630400,EH38E3681968,EH38E3681211,177468000,177469000,176630000,176631000,1,-1
11506,chr5,177485349,177485612,176630142,176630400,EH38E3681998,EH38E3681211,177485000,177486000,176630000,176631000,1,-1
11507,chr5,177496798,177497141,176630142,176630400,EH38E3682019,EH38E3681211,177497000,177498000,176630000,176631000,1,-1
11508,chr5,177517337,177517499,176630142,176630400,EH38E3682049,EH38E3681211,177517000,177518000,176630000,176631000,1,-1
11509,chr5,177607834,177608171,176630142,176630400,EH38E2435839,EH38E3681211,177608000,177609000,176630000,176631000,1,-1
11510,chr5,177958812,177959162,176630142,176630400,EH38E3682190,EH38E3681211,177958000,177959000,176630000,176631000,1,-1
11511,chr5,178115212,178115557,176630142,176630400,EH38E3682263,EH38E3681211,178115000,178116000,176630000,176631000,1,-1
11512,chr5,178115566,178115780,176630142,176630400,EH38E2435929,EH38E3681211,178115000,178116000,176630000,176631000,1,-1
11513,chr5,178115831,178116002,176630142,176630400,EH38E3682264,EH38E3681211,178115000,178116000,176630000,176631000,1,-1
11514,chr5,178130568,178130786,176630142,176630400,EH38E3682298,EH38E3681211,178130000,178131000,176630000,176631000,1,-1
11515,chr5,173887737,173887999,176630444,176630682,EH38E3679876,EH38E3681212,173887000,173888000,176630000,176631000,1,-1
11516,chr5,176388039,176388275,176630444,176630682,EH38E3680966,EH38E3681212,176388000,176389000,176630000,176631000,1,-1
11517,chr5,176389313,176389470,176630444,176630682,EH38E3680969,EH38E3681212,176389000,176390000,176630000,176631000,4,-1
11518,chr5,176447451,176447637,176630444,176630682,EH38E3681034,EH38E3681212,176447000,176448000,176630000,176631000,3,-1
11519,chr5,176447740,176447942,176630444,176630682,EH38E3681035,EH38E3681212,176447000,176448000,176630000,176631000,3,-1
11520,chr5,176535748,176535923,176630444,176630682,EH38E3681094,EH38E3681212,176535000,176536000,176630000,176631000,5,-1
11521,chr5,176536540,176536872,176630444,176630682,EH38E3681095,EH38E3681212,176536000,176537000,176630000,176631000,10,-1
11522,chr5,176537073,176537230,176630444,176630682,EH38E3681096,EH38E3681212,176537000,176538000,176630000,176631000,6,-1
11523,chr5,176537797,176538147,176630444,176630682,EH38E3681098,EH38E3681212,176537000,176538000,176630000,176631000,6,-1
11524,chr5,176542807,176543154,176630444,176630682,EH38E3681106,EH38E3681212,176542000,176543000,176630000,176631000,6,-1
11525,chr5,176543156,176543319,176630444,176630682,EH38E3681107,EH38E3681212,176543000,176544000,176630000,176631000,3,-1
11526,chr5,176543337,176543664,176630444,176630682,EH38E3681108,EH38E3681212,176543000,176544000,176630000,176631000,3,-1
11527,chr5,176543742,176543943,176630444,176630682,EH38E3681109,EH38E3681212,176543000,176544000,176630000,176631000,3,-1
11528,chr5,176672225,176672528,176630444,176630682,EH38E3681256,EH38E3681212,176672000,176673000,176630000,176631000,6,-1
11529,chr5,177005760,177006106,176630444,176630682,EH38E3681536,EH38E3681212,177005000,177006000,176630000,176631000,1,-1
11530,chr5,177006109,177006275,176630444,176630682,EH38E3681537,EH38E3681212,177006000,177007000,176630000,176631000,1,-1
11531,chr5,177022897,177023127,176630444,176630682,EH38E3681551,EH38E3681212,177022000,177023000,176630000,176631000,3,-1
11532,chr5,177087075,177087425,176630444,176630682,EH38E2435322,EH38E3681212,177087000,177088000,176630000,176631000,6,-1
11533,chr5,177131459,177131696,176630444,176630682,EH38E3681641,EH38E3681212,177131000,177132000,176630000,176631000,6,-1
11534,chr5,177131709,177131871,176630444,176630682,EH38E2435367,EH38E3681212,177131000,177132000,176630000,176631000,6,-1
11535,chr5,177300251,177300600,176630444,176630682,EH38E2435465,EH38E3681212,177300000,177301000,176630000,176631000,1,-1
11536,chr5,177351293,177351476,176630444,176630682,EH38E3681787,EH38E3681212,177351000,177352000,176630000,176631000,1,-1
11537,chr5,177351765,177352061,176630444,176630682,EH38E3681789,EH38E3681212,177351000,177352000,176630000,176631000,1,-1
11538,chr5,177366725,177367004,176630444,176630682,EH38E3681815,EH38E3681212,177367000,177368000,176630000,176631000,1,-1
11539,chr5,177367060,177367408,176630444,176630682,EH38E3681816,EH38E3681212,177367000,177368000,176630000,176631000,1,-1
11540,chr5,177425947,177426189,176630444,176630682,EH38E2435603,EH38E3681212,177425000,177426000,176630000,176631000,1,-1
11541,chr5,177447036,177447376,176630444,176630682,EH38E3681932,EH38E3681212,177447000,177448000,176630000,176631000,2,-1
11542,chr5,177447885,177448234,176630444,176630682,EH38E3681934,EH38E3681212,177447000,177448000,176630000,176631000,2,-1
11543,chr5,177468757,177469034,176630444,176630682,EH38E3681968,EH38E3681212,177468000,177469000,176630000,176631000,1,-1
11544,chr5,177485349,177485612,176630444,176630682,EH38E3681998,EH38E3681212,177485000,177486000,176630000,176631000,1,-1
11545,chr5,177496798,177497141,176630444,176630682,EH38E3682019,EH38E3681212,177497000,177498000,176630000,176631000,1,-1
11546,chr5,177517337,177517499,176630444,176630682,EH38E3682049,EH38E3681212,177517000,177518000,176630000,176631000,1,-1
11547,chr5,177607834,177608171,176630444,176630682,EH38E2435839,EH38E3681212,177608000,177609000,176630000,176631000,1,-1
11548,chr5,177958812,177959162,176630444,176630682,EH38E3682190,EH38E3681212,177958000,177959000,176630000,176631000,1,-1
11549,chr5,178115212,178115557,176630444,176630682,EH38E3682263,EH38E3681212,178115000,178116000,176630000,176631000,1,-1
11550,chr5,178115566,178115780,176630444,176630682,EH38E2435929,EH38E3681212,178115000,178116000,176630000,176631000,1,-1
11551,chr5,178115831,178116002,176630444,176630682,EH38E3682264,EH38E3681212,178115000,178116000,176630000,176631000,1,-1
11552,chr5,178130568,178130786,176630444,176630682,EH38E3682298,EH38E3681212,178130000,178131000,176630000,176631000,1,-1
11553,chr5,173941878,173942078,176647128,176647478,EH38E3679934,EH38E3681227,173941000,173942000,176647000,176648000,1,-1
11554,chr5,176388039,176388275,176647128,176647478,EH38E3680966,EH38E3681227,176388000,176389000,176647000,176648000,1,-1
11555,chr5,176389313,176389470,176647128,176647478,EH38E3680969,EH38E3681227,176389000,176390000,176647000,176648000,3,-1
11556,chr5,176447451,176447637,176647128,176647478,EH38E3681034,EH38E3681227,176447000,176448000,176647000,176648000,1,-1
11557,chr5,176447740,176447942,176647128,176647478,EH38E3681035,EH38E3681227,176447000,176448000,176647000,176648000,1,-1
11558,chr5,176535748,176535923,176647128,176647478,EH38E3681094,EH38E3681227,176535000,176536000,176647000,176648000,2,-1
11559,chr5,176536540,176536872,176647128,176647478,EH38E3681095,EH38E3681227,176536000,176537000,176647000,176648000,2,-1
11560,chr5,176537073,176537230,176647128,176647478,EH38E3681096,EH38E3681227,176537000,176538000,176647000,176648000,6,-1
11561,chr5,176537797,176538147,176647128,176647478,EH38E3681098,EH38E3681227,176537000,176538000,176647000,176648000,6,-1
11562,chr5,176542807,176543154,176647128,176647478,EH38E3681106,EH38E3681227,176542000,176543000,176647000,176648000,1,-1
11563,chr5,176672225,176672528,176647128,176647478,EH38E3681256,EH38E3681227,176672000,176673000,176647000,176648000,5,-1
11564,chr5,176943864,176944186,176647128,176647478,EH38E3681512,EH38E3681227,176943000,176944000,176647000,176648000,1,-1
11565,chr5,177005760,177006106,176647128,176647478,EH38E3681536,EH38E3681227,177005000,177006000,176647000,176648000,1,-1
11566,chr5,177006109,177006275,176647128,176647478,EH38E3681537,EH38E3681227,177006000,177007000,176647000,176648000,3,-1
11567,chr5,177022897,177023127,176647128,176647478,EH38E3681551,EH38E3681227,177022000,177023000,176647000,176648000,2,-1
11568,chr5,177087075,177087425,176647128,176647478,EH38E2435322,EH38E3681227,177087000,177088000,176647000,176648000,2,-1
11569,chr5,177131459,177131696,176647128,176647478,EH38E3681641,EH38E3681227,177131000,177132000,176647000,176648000,1,-1
11570,chr5,177131709,177131871,176647128,176647478,EH38E2435367,EH38E3681227,177131000,177132000,176647000,176648000,1,-1
11571,chr5,177132476,177132716,176647128,176647478,EH38E3681643,EH38E3681227,177132000,177133000,176647000,176648000,4,-1
11572,chr5,177132740,177132890,176647128,176647478,EH38E3681644,EH38E3681227,177132000,177133000,176647000,176648000,4,-1
11573,chr5,177336178,177336518,176647128,176647478,EH38E2435510,EH38E3681227,177336000,177337000,176647000,176648000,1,-1
11574,chr5,177366725,177367004,176647128,176647478,EH38E3681815,EH38E3681227,177367000,177368000,176647000,176648000,2,-1
11575,chr5,177367060,177367408,176647128,176647478,EH38E3681816,EH38E3681227,177367000,177368000,176647000,176648000,2,-1
11576,chr5,177370711,177371058,176647128,176647478,EH38E2435557,EH38E3681227,177371000,177372000,176647000,176648000,1,-1
11577,chr5,177457623,177457956,176647128,176647478,EH38E3681954,EH38E3681227,177457000,177458000,176647000,176648000,1,-1
11578,chr5,177458088,177458239,176647128,176647478,EH38E3681955,EH38E3681227,177458000,177459000,176647000,176648000,1,-1
11579,chr5,177468757,177469034,176647128,176647478,EH38E3681968,EH38E3681227,177469000,177470000,176647000,176648000,1,-1
11580,chr5,177469207,177469547,176647128,176647478,EH38E3681969,EH38E3681227,177469000,177470000,176647000,176648000,1,-1
11581,chr5,177496125,177496421,176647128,176647478,EH38E3682017,EH38E3681227,177496000,177497000,176647000,176648000,2,-1
11582,chr5,177496572,177496741,176647128,176647478,EH38E3682018,EH38E3681227,177496000,177497000,176647000,176648000,2,-1
11583,chr5,177496798,177497141,176647128,176647478,EH38E3682019,EH38E3681227,177496000,177497000,176647000,176648000,2,-1
11584,chr5,173916308,173916551,176810174,176810518,EH38E3679913,EH38E2435109,173916000,173917000,176810000,176811000,1,-1
11585,chr5,176355490,176355741,176810174,176810518,EH38E3680924,EH38E2435109,176355000,176356000,176810000,176811000,1,-1
11586,chr5,176388039,176388275,176810174,176810518,EH38E3680966,EH38E2435109,176388000,176389000,176810000,176811000,1,-1
11587,chr5,176389313,176389470,176810174,176810518,EH38E3680969,EH38E2435109,176389000,176390000,176810000,176811000,1,-1
11588,chr5,176535748,176535923,176810174,176810518,EH38E3681094,EH38E2435109,176535000,176536000,176810000,176811000,1,-1
11589,chr5,176542807,176543154,176810174,176810518,EH38E3681106,EH38E2435109,176542000,176543000,176810000,176811000,1,-1
11590,chr5,176672225,176672528,176810174,176810518,EH38E3681256,EH38E2435109,176672000,176673000,176810000,176811000,11,-1
11591,chr5,176943864,176944186,176810174,176810518,EH38E3681512,EH38E2435109,176944000,176945000,176810000,176811000,3,-1
11592,chr5,177005760,177006106,176810174,176810518,EH38E3681536,EH38E2435109,177005000,177006000,176810000,176811000,3,-1
11593,chr5,177006109,177006275,176810174,176810518,EH38E3681537,EH38E2435109,177006000,177007000,176810000,176811000,4,-1
11594,chr5,177022897,177023127,176810174,176810518,EH38E3681551,EH38E2435109,177022000,177023000,176810000,176811000,1,-1
11595,chr5,177087075,177087425,176810174,176810518,EH38E2435322,EH38E2435109,177087000,177088000,176810000,176811000,3,-1
11596,chr5,177131459,177131696,176810174,176810518,EH38E3681641,EH38E2435109,177131000,177132000,176810000,176811000,2,-1
11597,chr5,177131709,177131871,176810174,176810518,EH38E2435367,EH38E2435109,177131000,177132000,176810000,176811000,2,-1
11598,chr5,177132476,177132716,176810174,176810518,EH38E3681643,EH38E2435109,177132000,177133000,176810000,176811000,1,-1
11599,chr5,177132740,177132890,176810174,176810518,EH38E3681644,EH38E2435109,177132000,177133000,176810000,176811000,1,-1
11600,chr5,177336178,177336518,176810174,176810518,EH38E2435510,EH38E2435109,177336000,177337000,176810000,176811000,1,-1
11601,chr5,177351293,177351476,176810174,176810518,EH38E3681787,EH38E2435109,177351000,177352000,176810000,176811000,1,-1
11602,chr5,177351765,177352061,176810174,176810518,EH38E3681789,EH38E2435109,177351000,177352000,176810000,176811000,1,-1
11603,chr5,177428079,177428312,176810174,176810518,EH38E3681888,EH38E2435109,177428000,177429000,176810000,176811000,1,-1
11604,chr5,177447885,177448234,176810174,176810518,EH38E3681934,EH38E2435109,177448000,177449000,176810000,176811000,1,-1
11605,chr5,177472430,177472703,176810174,176810518,EH38E3681975,EH38E2435109,177472000,177473000,176810000,176811000,1,-1
11606,chr5,177472727,177473068,176810174,176810518,EH38E3681976,EH38E2435109,177472000,177473000,176810000,176811000,1,-1
11607,chr5,175479184,175479532,177006385,177006600,EH38E3680534,EH38E3681538,175479000,175480000,177006000,177007000,1,-1
11608,chr5,176388039,176388275,177006385,177006600,EH38E3680966,EH38E3681538,176388000,176389000,177006000,177007000,1,-1
11609,chr5,176447451,176447637,177006385,177006600,EH38E3681034,EH38E3681538,176447000,176448000,177006000,177007000,1,-1
11610,chr5,176447740,176447942,177006385,177006600,EH38E3681035,EH38E3681538,176447000,176448000,177006000,177007000,1,-1
11611,chr5,176536540,176536872,177006385,177006600,EH38E3681095,EH38E3681538,176536000,176537000,177006000,177007000,1,-1
11612,chr5,176537073,176537230,177006385,177006600,EH38E3681096,EH38E3681538,176537000,176538000,177006000,177007000,2,-1
11613,chr5,176537797,176538147,177006385,177006600,EH38E3681098,EH38E3681538,176537000,176538000,177006000,177007000,2,-1
11614,chr5,176542807,176543154,177006385,177006600,EH38E3681106,EH38E3681538,176543000,176544000,177006000,177007000,2,-1
11615,chr5,176543156,176543319,177006385,177006600,EH38E3681107,EH38E3681538,176543000,176544000,177006000,177007000,2,-1
11616,chr5,176543337,176543664,177006385,177006600,EH38E3681108,EH38E3681538,176543000,176544000,177006000,177007000,2,-1
11617,chr5,176543742,176543943,177006385,177006600,EH38E3681109,EH38E3681538,176543000,176544000,177006000,177007000,2,-1
11618,chr5,176672225,176672528,177006385,177006600,EH38E3681256,EH38E3681538,176672000,176673000,177006000,177007000,3,-1
11619,chr5,176943864,176944186,177006385,177006600,EH38E3681512,EH38E3681538,176943000,176944000,177006000,177007000,4,-1
11620,chr5,177005760,177006106,177006385,177006600,EH38E3681536,EH38E3681538,177005000,177006000,177006000,177007000,377,-1
11621,chr5,177005760,177006106,177006385,177006600,EH38E3681536,EH38E3681538,177006000,177007000,177006000,177007000,680,-1
11622,chr5,177006109,177006275,177006385,177006600,EH38E3681537,EH38E3681538,177006000,177007000,177006000,177007000,680,-1
11623,chr5,177022897,177023127,177006385,177006600,EH38E3681551,EH38E3681538,177022000,177023000,177006000,177007000,30,-1
11624,chr5,177087075,177087425,177006385,177006600,EH38E2435322,EH38E3681538,177087000,177088000,177006000,177007000,8,-1
11625,chr5,177131459,177131696,177006385,177006600,EH38E3681641,EH38E3681538,177131000,177132000,177006000,177007000,2,-1
11626,chr5,177131709,177131871,177006385,177006600,EH38E2435367,EH38E3681538,177131000,177132000,177006000,177007000,2,-1
11627,chr5,177132476,177132716,177006385,177006600,EH38E3681643,EH38E3681538,177132000,177133000,177006000,177007000,1,-1
11628,chr5,177132740,177132890,177006385,177006600,EH38E3681644,EH38E3681538,177132000,177133000,177006000,177007000,1,-1
11629,chr5,177300251,177300600,177006385,177006600,EH38E2435465,EH38E3681538,177300000,177301000,177006000,177007000,1,-1
11630,chr5,177351293,177351476,177006385,177006600,EH38E3681787,EH38E3681538,177351000,177352000,177006000,177007000,1,-1
11631,chr5,177351765,177352061,177006385,177006600,EH38E3681789,EH38E3681538,177351000,177352000,177006000,177007000,1,-1
11632,chr5,177366725,177367004,177006385,177006600,EH38E3681815,EH38E3681538,177367000,177368000,177006000,177007000,3,-1
11633,chr5,177367060,177367408,177006385,177006600,EH38E3681816,EH38E3681538,177367000,177368000,177006000,177007000,3,-1
11634,chr5,177370475,177370678,177006385,177006600,EH38E3681823,EH38E3681538,177370000,177371000,177006000,177007000,2,-1
11635,chr5,177370711,177371058,177006385,177006600,EH38E2435557,EH38E3681538,177370000,177371000,177006000,177007000,2,-1
11636,chr5,177447036,177447376,177006385,177006600,EH38E3681932,EH38E3681538,177447000,177448000,177006000,177007000,1,-1
11637,chr5,177447885,177448234,177006385,177006600,EH38E3681934,EH38E3681538,177447000,177448000,177006000,177007000,1,-1
11638,chr5,177454179,177454382,177006385,177006600,EH38E3681946,EH38E3681538,177454000,177455000,177006000,177007000,2,-1
11639,chr5,177454492,177454838,177006385,177006600,EH38E3681947,EH38E3681538,177454000,177455000,177006000,177007000,2,-1
11640,chr5,177468757,177469034,177006385,177006600,EH38E3681968,EH38E3681538,177468000,177469000,177006000,177007000,1,-1
11641,chr5,177469207,177469547,177006385,177006600,EH38E3681969,EH38E3681538,177469000,177470000,177006000,177007000,2,-1
11642,chr5,177472727,177473068,177006385,177006600,EH38E3681976,EH38E3681538,177473000,177474000,177006000,177007000,1,-1
11643,chr5,177496798,177497141,177006385,177006600,EH38E3682019,EH38E3681538,177497000,177498000,177006000,177007000,2,-1
11644,chr5,177517337,177517499,177006385,177006600,EH38E3682049,EH38E3681538,177517000,177518000,177006000,177007000,1,-1
11645,chr5,177599717,177599874,177006385,177006600,EH38E3682121,EH38E3681538,177599000,177600000,177006000,177007000,1,-1
11646,chr5,178130568,178130786,177006385,177006600,EH38E3682298,EH38E3681538,178130000,178131000,177006000,177007000,1,-1
11647,chr5,175479184,175479532,177006645,177006971,EH38E3680534,EH38E2435271,175479000,175480000,177006000,177007000,1,-1
11648,chr5,176388039,176388275,177006645,177006971,EH38E3680966,EH38E2435271,176388000,176389000,177006000,177007000,1,-1
11649,chr5,176447451,176447637,177006645,177006971,EH38E3681034,EH38E2435271,176447000,176448000,177006000,177007000,1,-1
11650,chr5,176447740,176447942,177006645,177006971,EH38E3681035,EH38E2435271,176447000,176448000,177006000,177007000,1,-1
11651,chr5,176536540,176536872,177006645,177006971,EH38E3681095,EH38E2435271,176536000,176537000,177006000,177007000,1,-1
11652,chr5,176537073,176537230,177006645,177006971,EH38E3681096,EH38E2435271,176537000,176538000,177006000,177007000,2,-1
11653,chr5,176537797,176538147,177006645,177006971,EH38E3681098,EH38E2435271,176537000,176538000,177006000,177007000,2,-1
11654,chr5,176542807,176543154,177006645,177006971,EH38E3681106,EH38E2435271,176543000,176544000,177006000,177007000,2,-1
11655,chr5,176543156,176543319,177006645,177006971,EH38E3681107,EH38E2435271,176543000,176544000,177006000,177007000,2,-1
11656,chr5,176543337,176543664,177006645,177006971,EH38E3681108,EH38E2435271,176543000,176544000,177006000,177007000,2,-1
11657,chr5,176543742,176543943,177006645,177006971,EH38E3681109,EH38E2435271,176543000,176544000,177006000,177007000,2,-1
11658,chr5,176672225,176672528,177006645,177006971,EH38E3681256,EH38E2435271,176672000,176673000,177006000,177007000,3,-1
11659,chr5,176943864,176944186,177006645,177006971,EH38E3681512,EH38E2435271,176943000,176944000,177006000,177007000,4,-1
11660,chr5,177005760,177006106,177006645,177006971,EH38E3681536,EH38E2435271,177005000,177006000,177006000,177007000,377,-1
11661,chr5,177005760,177006106,177006645,177006971,EH38E3681536,EH38E2435271,177006000,177007000,177006000,177007000,680,-1
11662,chr5,177006109,177006275,177006645,177006971,EH38E3681537,EH38E2435271,177006000,177007000,177006000,177007000,680,-1
11663,chr5,177022897,177023127,177006645,177006971,EH38E3681551,EH38E2435271,177022000,177023000,177006000,177007000,30,-1
11664,chr5,177087075,177087425,177006645,177006971,EH38E2435322,EH38E2435271,177087000,177088000,177006000,177007000,8,-1
11665,chr5,177131459,177131696,177006645,177006971,EH38E3681641,EH38E2435271,177131000,177132000,177006000,177007000,2,-1
11666,chr5,177131709,177131871,177006645,177006971,EH38E2435367,EH38E2435271,177131000,177132000,177006000,177007000,2,-1
11667,chr5,177132476,177132716,177006645,177006971,EH38E3681643,EH38E2435271,177132000,177133000,177006000,177007000,1,-1
11668,chr5,177132740,177132890,177006645,177006971,EH38E3681644,EH38E2435271,177132000,177133000,177006000,177007000,1,-1
11669,chr5,177300251,177300600,177006645,177006971,EH38E2435465,EH38E2435271,177300000,177301000,177006000,177007000,1,-1
11670,chr5,177351293,177351476,177006645,177006971,EH38E3681787,EH38E2435271,177351000,177352000,177006000,177007000,1,-1
11671,chr5,177351765,177352061,177006645,177006971,EH38E3681789,EH38E2435271,177351000,177352000,177006000,177007000,1,-1
11672,chr5,177366725,177367004,177006645,177006971,EH38E3681815,EH38E2435271,177367000,177368000,177006000,177007000,3,-1
11673,chr5,177367060,177367408,177006645,177006971,EH38E3681816,EH38E2435271,177367000,177368000,177006000,177007000,3,-1
11674,chr5,177370475,177370678,177006645,177006971,EH38E3681823,EH38E2435271,177370000,177371000,177006000,177007000,2,-1
11675,chr5,177370711,177371058,177006645,177006971,EH38E2435557,EH38E2435271,177370000,177371000,177006000,177007000,2,-1
11676,chr5,177447036,177447376,177006645,177006971,EH38E3681932,EH38E2435271,177447000,177448000,177006000,177007000,1,-1
11677,chr5,177447885,177448234,177006645,177006971,EH38E3681934,EH38E2435271,177447000,177448000,177006000,177007000,1,-1
11678,chr5,177454179,177454382,177006645,177006971,EH38E3681946,EH38E2435271,177454000,177455000,177006000,177007000,2,-1
11679,chr5,177454492,177454838,177006645,177006971,EH38E3681947,EH38E2435271,177454000,177455000,177006000,177007000,2,-1
11680,chr5,177468757,177469034,177006645,177006971,EH38E3681968,EH38E2435271,177468000,177469000,177006000,177007000,1,-1
11681,chr5,177469207,177469547,177006645,177006971,EH38E3681969,EH38E2435271,177469000,177470000,177006000,177007000,2,-1
11682,chr5,177472727,177473068,177006645,177006971,EH38E3681976,EH38E2435271,177473000,177474000,177006000,177007000,1,-1
11683,chr5,177496798,177497141,177006645,177006971,EH38E3682019,EH38E2435271,177497000,177498000,177006000,177007000,2,-1
11684,chr5,177517337,177517499,177006645,177006971,EH38E3682049,EH38E2435271,177517000,177518000,177006000,177007000,1,-1
11685,chr5,177599717,177599874,177006645,177006971,EH38E3682121,EH38E2435271,177599000,177600000,177006000,177007000,1,-1
11686,chr5,178130568,178130786,177006645,177006971,EH38E3682298,EH38E2435271,178130000,178131000,177006000,177007000,1,-1
11687,chr5,175603943,175604288,177022499,177022845,EH38E2434394,EH38E3681550,175604000,175605000,177022000,177023000,1,-1
11688,chr5,175604380,175604727,177022499,177022845,EH38E3680605,EH38E3681550,175604000,175605000,177022000,177023000,1,-1
11689,chr5,176535748,176535923,177022499,177022845,EH38E3681094,EH38E3681550,176535000,176536000,177022000,177023000,1,-1
11690,chr5,176536540,176536872,177022499,177022845,EH38E3681095,EH38E3681550,176536000,176537000,177022000,177023000,1,-1
11691,chr5,176537073,176537230,177022499,177022845,EH38E3681096,EH38E3681550,176537000,176538000,177022000,177023000,2,-1
11692,chr5,176537797,176538147,177022499,177022845,EH38E3681098,EH38E3681550,176537000,176538000,177022000,177023000,2,-1
11693,chr5,176542807,176543154,177022499,177022845,EH38E3681106,EH38E3681550,176542000,176543000,177022000,177023000,5,-1
11694,chr5,176543156,176543319,177022499,177022845,EH38E3681107,EH38E3681550,176543000,176544000,177022000,177023000,2,-1
11695,chr5,176543337,176543664,177022499,177022845,EH38E3681108,EH38E3681550,176543000,176544000,177022000,177023000,2,-1
11696,chr5,176543742,176543943,177022499,177022845,EH38E3681109,EH38E3681550,176543000,176544000,177022000,177023000,2,-1
11697,chr5,176672225,176672528,177022499,177022845,EH38E3681256,EH38E3681550,176672000,176673000,177022000,177023000,4,-1
11698,chr5,176943864,176944186,177022499,177022845,EH38E3681512,EH38E3681550,176943000,176944000,177022000,177023000,1,-1
11699,chr5,177005760,177006106,177022499,177022845,EH38E3681536,EH38E3681550,177005000,177006000,177022000,177023000,11,-1
11700,chr5,177006109,177006275,177022499,177022845,EH38E3681537,EH38E3681550,177006000,177007000,177022000,177023000,30,-1
11701,chr5,177022897,177023127,177022499,177022845,EH38E3681551,EH38E3681550,177022000,177023000,177022000,177023000,464,-1
11702,chr5,177087075,177087425,177022499,177022845,EH38E2435322,EH38E3681550,177087000,177088000,177022000,177023000,2,-1
11703,chr5,177131459,177131696,177022499,177022845,EH38E3681641,EH38E3681550,177131000,177132000,177022000,177023000,4,-1
11704,chr5,177131709,177131871,177022499,177022845,EH38E2435367,EH38E3681550,177131000,177132000,177022000,177023000,4,-1
11705,chr5,177132476,177132716,177022499,177022845,EH38E3681643,EH38E3681550,177132000,177133000,177022000,177023000,8,-1
11706,chr5,177132740,177132890,177022499,177022845,EH38E3681644,EH38E3681550,177132000,177133000,177022000,177023000,8,-1
11707,chr5,177300251,177300600,177022499,177022845,EH38E2435465,EH38E3681550,177300000,177301000,177022000,177023000,1,-1
11708,chr5,177336178,177336518,177022499,177022845,EH38E2435510,EH38E3681550,177336000,177337000,177022000,177023000,1,-1
11709,chr5,177366725,177367004,177022499,177022845,EH38E3681815,EH38E3681550,177366000,177367000,177022000,177023000,1,-1
11710,chr5,177367060,177367408,177022499,177022845,EH38E3681816,EH38E3681550,177367000,177368000,177022000,177023000,1,-1
11711,chr5,177370711,177371058,177022499,177022845,EH38E2435557,EH38E3681550,177371000,177372000,177022000,177023000,1,-1
11712,chr5,177447036,177447376,177022499,177022845,EH38E3681932,EH38E3681550,177447000,177448000,177022000,177023000,1,-1
11713,chr5,177447885,177448234,177022499,177022845,EH38E3681934,EH38E3681550,177447000,177448000,177022000,177023000,1,-1
11714,chr5,177456127,177456302,177022499,177022845,EH38E3681951,EH38E3681550,177456000,177457000,177022000,177023000,1,-1
11715,chr5,177456336,177456686,177022499,177022845,EH38E3681952,EH38E3681550,177456000,177457000,177022000,177023000,1,-1
11716,chr5,177456725,177456910,177022499,177022845,EH38E3681953,EH38E3681550,177456000,177457000,177022000,177023000,1,-1
11717,chr5,177458088,177458239,177022499,177022845,EH38E3681955,EH38E3681550,177458000,177459000,177022000,177023000,1,-1
11718,chr5,177495205,177495375,177022499,177022845,EH38E3682014,EH38E3681550,177495000,177496000,177022000,177023000,2,-1
11719,chr5,177495450,177495774,177022499,177022845,EH38E3682015,EH38E3681550,177495000,177496000,177022000,177023000,2,-1
11720,chr5,177495775,177495949,177022499,177022845,EH38E3682016,EH38E3681550,177495000,177496000,177022000,177023000,2,-1
11721,chr5,177496125,177496421,177022499,177022845,EH38E3682017,EH38E3681550,177496000,177497000,177022000,177023000,1,-1
11722,chr5,177496572,177496741,177022499,177022845,EH38E3682018,EH38E3681550,177496000,177497000,177022000,177023000,1,-1
11723,chr5,177496798,177497141,177022499,177022845,EH38E3682019,EH38E3681550,177496000,177497000,177022000,177023000,1,-1
11724,chr5,177607407,177607754,177022499,177022845,EH38E3682132,EH38E3681550,177607000,177608000,177022000,177023000,1,-1
11725,chr5,177607834,177608171,177022499,177022845,EH38E2435839,EH38E3681550,177607000,177608000,177022000,177023000,1,-1
11726,chr5,178115831,178116002,177022499,177022845,EH38E3682264,EH38E3681550,178116000,178117000,177022000,177023000,1,-1
11727,chr5,178116042,178116356,177022499,177022845,EH38E3682265,EH38E3681550,178116000,178117000,177022000,177023000,1,-1
11728,chr5,178116362,178116563,177022499,177022845,EH38E3682266,EH38E3681550,178116000,178117000,177022000,177023000,1,-1
11729,chr5,178116578,178116927,177022499,177022845,EH38E3682267,EH38E3681550,178116000,178117000,177022000,177023000,1,-1
11730,chr5,178180119,178180415,177022499,177022845,EH38E3682331,EH38E3681550,178180000,178181000,177022000,177023000,1,-1
11731,chr5,178180524,178180852,177022499,177022845,EH38E3682332,EH38E3681550,178180000,178181000,177022000,177023000,1,-1
11732,chr5,179551000,179551207,177022499,177022845,EH38E3683378,EH38E3681550,179551000,179552000,177022000,177023000,1,-1
11733,chr5,179678157,179678378,177022499,177022845,EH38E3683449,EH38E3681550,179678000,179679000,177022000,177023000,1,-1
11734,chr5,179679100,179679438,177022499,177022845,EH38E3683451,EH38E3681550,179679000,179680000,177022000,177023000,1,-1
11735,chr5,176389313,176389470,177086610,177086953,EH38E3680969,EH38E3681583,176389000,176390000,177086000,177087000,1,-1
11736,chr5,176536540,176536872,177086610,177086953,EH38E3681095,EH38E3681583,176536000,176537000,177086000,177087000,1,-1
11737,chr5,176542807,176543154,177086610,177086953,EH38E3681106,EH38E3681583,176542000,176543000,177086000,177087000,1,-1
11738,chr5,176672225,176672528,177086610,177086953,EH38E3681256,EH38E3681583,176672000,176673000,177086000,177087000,1,-1
11739,chr5,177005760,177006106,177086610,177086953,EH38E3681536,EH38E3681583,177005000,177006000,177086000,177087000,4,-1
11740,chr5,177006109,177006275,177086610,177086953,EH38E3681537,EH38E3681583,177006000,177007000,177086000,177087000,4,-1
11741,chr5,177022897,177023127,177086610,177086953,EH38E3681551,EH38E3681583,177022000,177023000,177086000,177087000,6,-1
11742,chr5,177087075,177087425,177086610,177086953,EH38E2435322,EH38E3681583,177087000,177088000,177086000,177087000,239,-1
11743,chr5,177131459,177131696,177086610,177086953,EH38E3681641,EH38E3681583,177131000,177132000,177086000,177087000,11,-1
11744,chr5,177131709,177131871,177086610,177086953,EH38E2435367,EH38E3681583,177131000,177132000,177086000,177087000,11,-1
11745,chr5,177132476,177132716,177086610,177086953,EH38E3681643,EH38E3681583,177132000,177133000,177086000,177087000,3,-1
11746,chr5,177132740,177132890,177086610,177086953,EH38E3681644,EH38E3681583,177132000,177133000,177086000,177087000,3,-1
11747,chr5,177300251,177300600,177086610,177086953,EH38E2435465,EH38E3681583,177300000,177301000,177086000,177087000,2,-1
11748,chr5,177336178,177336518,177086610,177086953,EH38E2435510,EH38E3681583,177336000,177337000,177086000,177087000,1,-1
11749,chr5,177351293,177351476,177086610,177086953,EH38E3681787,EH38E3681583,177351000,177352000,177086000,177087000,2,-1
11750,chr5,177351765,177352061,177086610,177086953,EH38E3681789,EH38E3681583,177351000,177352000,177086000,177087000,2,-1
11751,chr5,177366725,177367004,177086610,177086953,EH38E3681815,EH38E3681583,177366000,177367000,177086000,177087000,1,-1
11752,chr5,177367060,177367408,177086610,177086953,EH38E3681816,EH38E3681583,177367000,177368000,177086000,177087000,2,-1
11753,chr5,177370475,177370678,177086610,177086953,EH38E3681823,EH38E3681583,177370000,177371000,177086000,177087000,3,-1
11754,chr5,177370711,177371058,177086610,177086953,EH38E2435557,EH38E3681583,177370000,177371000,177086000,177087000,3,-1
11755,chr5,177425947,177426189,177086610,177086953,EH38E2435603,EH38E3681583,177425000,177426000,177086000,177087000,1,-1
11756,chr5,177426284,177426634,177086610,177086953,EH38E3681886,EH38E3681583,177426000,177427000,177086000,177087000,1,-1
11757,chr5,177446407,177446587,177086610,177086953,EH38E2435646,EH38E3681583,177446000,177447000,177086000,177087000,2,-1
11758,chr5,177447036,177447376,177086610,177086953,EH38E3681932,EH38E3681583,177447000,177448000,177086000,177087000,1,-1
11759,chr5,177447885,177448234,177086610,177086953,EH38E3681934,EH38E3681583,177447000,177448000,177086000,177087000,1,-1
11760,chr5,177454179,177454382,177086610,177086953,EH38E3681946,EH38E3681583,177454000,177455000,177086000,177087000,2,-1
11761,chr5,177454492,177454838,177086610,177086953,EH38E3681947,EH38E3681583,177454000,177455000,177086000,177087000,2,-1
11762,chr5,177468757,177469034,177086610,177086953,EH38E3681968,EH38E3681583,177468000,177469000,177086000,177087000,1,-1
11763,chr5,177485349,177485612,177086610,177086953,EH38E3681998,EH38E3681583,177485000,177486000,177086000,177087000,1,-1
11764,chr5,177494325,177494572,177086610,177086953,EH38E2435729,EH38E3681583,177494000,177495000,177086000,177087000,1,-1
11765,chr5,177496125,177496421,177086610,177086953,EH38E3682017,EH38E3681583,177496000,177497000,177086000,177087000,1,-1
11766,chr5,177496572,177496741,177086610,177086953,EH38E3682018,EH38E3681583,177496000,177497000,177086000,177087000,1,-1
11767,chr5,177496798,177497141,177086610,177086953,EH38E3682019,EH38E3681583,177496000,177497000,177086000,177087000,1,-1
11768,chr5,178627351,178627515,177086610,177086953,EH38E3682818,EH38E3681583,178627000,178628000,177086000,177087000,1,-1
11769,chr5,179679100,179679438,177086610,177086953,EH38E3683451,EH38E3681583,179679000,179680000,177086000,177087000,1,-1
11770,chr5,176536540,176536872,177132967,177133131,EH38E3681095,EH38E3681645,176536000,176537000,177132000,177133000,1,-1
11771,chr5,176542807,176543154,177132967,177133131,EH38E3681106,EH38E3681645,176542000,176543000,177132000,177133000,2,-1
11772,chr5,176943864,176944186,177132967,177133131,EH38E3681512,EH38E3681645,176943000,176944000,177132000,177133000,3,-1
11773,chr5,177005760,177006106,177132967,177133131,EH38E3681536,EH38E3681645,177005000,177006000,177132000,177133000,2,-1
11774,chr5,177006109,177006275,177132967,177133131,EH38E3681537,EH38E3681645,177006000,177007000,177132000,177133000,1,-1
11775,chr5,177022897,177023127,177132967,177133131,EH38E3681551,EH38E3681645,177022000,177023000,177132000,177133000,8,-1
11776,chr5,177131459,177131696,177132967,177133131,EH38E3681641,EH38E3681645,177131000,177132000,177132000,177133000,566,-1
11777,chr5,177131709,177131871,177132967,177133131,EH38E2435367,EH38E3681645,177131000,177132000,177132000,177133000,566,-1
11778,chr5,177132476,177132716,177132967,177133131,EH38E3681643,EH38E3681645,177132000,177133000,177132000,177133000,460,-1
11779,chr5,177132740,177132890,177132967,177133131,EH38E3681644,EH38E3681645,177132000,177133000,177132000,177133000,460,-1
11780,chr5,177300251,177300600,177132967,177133131,EH38E2435465,EH38E3681645,177300000,177301000,177132000,177133000,4,-1
11781,chr5,177351293,177351476,177132967,177133131,EH38E3681787,EH38E3681645,177351000,177352000,177132000,177133000,2,-1
11782,chr5,177351765,177352061,177132967,177133131,EH38E3681789,EH38E3681645,177351000,177352000,177132000,177133000,2,-1
11783,chr5,177366725,177367004,177132967,177133131,EH38E3681815,EH38E3681645,177366000,177367000,177132000,177133000,2,-1
11784,chr5,177370475,177370678,177132967,177133131,EH38E3681823,EH38E3681645,177370000,177371000,177132000,177133000,2,-1
11785,chr5,177370711,177371058,177132967,177133131,EH38E2435557,EH38E3681645,177370000,177371000,177132000,177133000,2,-1
11786,chr5,177428079,177428312,177132967,177133131,EH38E3681888,EH38E3681645,177428000,177429000,177132000,177133000,1,-1
11787,chr5,177454179,177454382,177132967,177133131,EH38E3681946,EH38E3681645,177454000,177455000,177132000,177133000,4,-1
11788,chr5,177454492,177454838,177132967,177133131,EH38E3681947,EH38E3681645,177454000,177455000,177132000,177133000,4,-1
11789,chr5,177455104,177455265,177132967,177133131,EH38E3681948,EH38E3681645,177455000,177456000,177132000,177133000,2,-1
11790,chr5,177455314,177455662,177132967,177133131,EH38E3681949,EH38E3681645,177455000,177456000,177132000,177133000,2,-1
11791,chr5,177455691,177455947,177132967,177133131,EH38E3681950,EH38E3681645,177455000,177456000,177132000,177133000,2,-1
11792,chr5,177468757,177469034,177132967,177133131,EH38E3681968,EH38E3681645,177469000,177470000,177132000,177133000,1,-1
11793,chr5,177469207,177469547,177132967,177133131,EH38E3681969,EH38E3681645,177469000,177470000,177132000,177133000,1,-1
11794,chr5,177494325,177494572,177132967,177133131,EH38E2435729,EH38E3681645,177494000,177495000,177132000,177133000,1,-1
11795,chr5,177496125,177496421,177132967,177133131,EH38E3682017,EH38E3681645,177496000,177497000,177132000,177133000,2,-1
11796,chr5,177496572,177496741,177132967,177133131,EH38E3682018,EH38E3681645,177496000,177497000,177132000,177133000,2,-1
11797,chr5,177496798,177497141,177132967,177133131,EH38E3682019,EH38E3681645,177496000,177497000,177132000,177133000,2,-1
11798,chr5,177607407,177607754,177132967,177133131,EH38E3682132,EH38E3681645,177607000,177608000,177132000,177133000,1,-1
11799,chr5,177607834,177608171,177132967,177133131,EH38E2435839,EH38E3681645,177607000,177608000,177132000,177133000,1,-1
11800,chr5,178114056,178114221,177132967,177133131,EH38E3682259,EH38E3681645,178114000,178115000,177132000,177133000,1,-1
11801,chr5,178114221,178114571,177132967,177133131,EH38E3682260,EH38E3681645,178114000,178115000,177132000,177133000,1,-1
11802,chr5,178115212,178115557,177132967,177133131,EH38E3682263,EH38E3681645,178115000,178116000,177132000,177133000,1,-1
11803,chr5,178115566,178115780,177132967,177133131,EH38E2435929,EH38E3681645,178115000,178116000,177132000,177133000,1,-1
11804,chr5,178115831,178116002,177132967,177133131,EH38E3682264,EH38E3681645,178115000,178116000,177132000,177133000,1,-1
11805,chr5,179821082,179821309,177132967,177133131,EH38E3683612,EH38E3681645,179821000,179822000,177132000,177133000,1,-1
11806,chr5,179821336,179821615,177132967,177133131,EH38E3683613,EH38E3681645,179821000,179822000,177132000,177133000,1,-1
11807,chr5,179821617,179821966,177132967,177133131,EH38E3683614,EH38E3681645,179821000,179822000,177132000,177133000,1,-1
11808,chr5,176535748,176535923,177132967,177133131,EH38E3681094,EH38E3681645,176535000,176536000,177133000,177134000,2,-1
11809,chr5,177087075,177087425,177132967,177133131,EH38E2435322,EH38E3681645,177087000,177088000,177133000,177134000,7,-1
11810,chr5,177132476,177132716,177132967,177133131,EH38E3681643,EH38E3681645,177132000,177133000,177133000,177134000,662,-1
11811,chr5,177132740,177132890,177132967,177133131,EH38E3681644,EH38E3681645,177132000,177133000,177133000,177134000,662,-1
11812,chr5,177336178,177336518,177132967,177133131,EH38E2435510,EH38E3681645,177336000,177337000,177133000,177134000,4,-1
11813,chr5,177367060,177367408,177132967,177133131,EH38E3681816,EH38E3681645,177367000,177368000,177133000,177134000,7,-1
11814,chr5,177425947,177426189,177132967,177133131,EH38E2435603,EH38E3681645,177425000,177426000,177133000,177134000,2,-1
11815,chr5,177446407,177446587,177132967,177133131,EH38E2435646,EH38E3681645,177446000,177447000,177133000,177134000,2,-1
11816,chr5,177447036,177447376,177132967,177133131,EH38E3681932,EH38E3681645,177447000,177448000,177133000,177134000,3,-1
11817,chr5,177447885,177448234,177132967,177133131,EH38E3681934,EH38E3681645,177447000,177448000,177133000,177134000,3,-1
11818,chr5,177456127,177456302,177132967,177133131,EH38E3681951,EH38E3681645,177456000,177457000,177133000,177134000,1,-1
11819,chr5,177456336,177456686,177132967,177133131,EH38E3681952,EH38E3681645,177456000,177457000,177133000,177134000,1,-1
11820,chr5,177456725,177456910,177132967,177133131,EH38E3681953,EH38E3681645,177456000,177457000,177133000,177134000,1,-1
11821,chr5,177458088,177458239,177132967,177133131,EH38E3681955,EH38E3681645,177458000,177459000,177133000,177134000,1,-1
11822,chr5,177472430,177472703,177132967,177133131,EH38E3681975,EH38E3681645,177472000,177473000,177133000,177134000,2,-1
11823,chr5,177472727,177473068,177132967,177133131,EH38E3681976,EH38E3681645,177472000,177473000,177133000,177134000,2,-1
11824,chr5,177495205,177495375,177132967,177133131,EH38E3682014,EH38E3681645,177495000,177496000,177133000,177134000,1,-1
11825,chr5,177495450,177495774,177132967,177133131,EH38E3682015,EH38E3681645,177495000,177496000,177133000,177134000,1,-1
11826,chr5,177495775,177495949,177132967,177133131,EH38E3682016,EH38E3681645,177495000,177496000,177133000,177134000,1,-1
11827,chr5,177599717,177599874,177132967,177133131,EH38E3682121,EH38E3681645,177599000,177600000,177133000,177134000,1,-1
11828,chr5,177958812,177959162,177132967,177133131,EH38E3682190,EH38E3681645,177958000,177959000,177133000,177134000,1,-1
11829,chr5,179558958,179559264,177132967,177133131,EH38E3683384,EH38E3681645,179559000,179560000,177133000,177134000,1,-1
11830,chr5,179559876,179560137,177132967,177133131,EH38E3683386,EH38E3681645,179559000,179560000,177133000,177134000,1,-1
11831,chr5,176535748,176535923,177133170,177133373,EH38E3681094,EH38E3681646,176535000,176536000,177133000,177134000,2,-1
11832,chr5,176536540,176536872,177133170,177133373,EH38E3681095,EH38E3681646,176536000,176537000,177133000,177134000,1,-1
11833,chr5,176542807,176543154,177133170,177133373,EH38E3681106,EH38E3681646,176542000,176543000,177133000,177134000,1,-1
11834,chr5,176943864,176944186,177133170,177133373,EH38E3681512,EH38E3681646,176943000,176944000,177133000,177134000,1,-1
11835,chr5,177022897,177023127,177133170,177133373,EH38E3681551,EH38E3681646,177022000,177023000,177133000,177134000,1,-1
11836,chr5,177087075,177087425,177133170,177133373,EH38E2435322,EH38E3681646,177087000,177088000,177133000,177134000,7,-1
11837,chr5,177131459,177131696,177133170,177133373,EH38E3681641,EH38E3681646,177131000,177132000,177133000,177134000,166,-1
11838,chr5,177131709,177131871,177133170,177133373,EH38E2435367,EH38E3681646,177131000,177132000,177133000,177134000,166,-1
11839,chr5,177132476,177132716,177133170,177133373,EH38E3681643,EH38E3681646,177132000,177133000,177133000,177134000,662,-1
11840,chr5,177132740,177132890,177133170,177133373,EH38E3681644,EH38E3681646,177132000,177133000,177133000,177134000,662,-1
11841,chr5,177300251,177300600,177133170,177133373,EH38E2435465,EH38E3681646,177300000,177301000,177133000,177134000,2,-1
11842,chr5,177336178,177336518,177133170,177133373,EH38E2435510,EH38E3681646,177336000,177337000,177133000,177134000,4,-1
11843,chr5,177351293,177351476,177133170,177133373,EH38E3681787,EH38E3681646,177351000,177352000,177133000,177134000,2,-1
11844,chr5,177351765,177352061,177133170,177133373,EH38E3681789,EH38E3681646,177351000,177352000,177133000,177134000,2,-1
11845,chr5,177366725,177367004,177133170,177133373,EH38E3681815,EH38E3681646,177366000,177367000,177133000,177134000,2,-1
11846,chr5,177367060,177367408,177133170,177133373,EH38E3681816,EH38E3681646,177367000,177368000,177133000,177134000,7,-1
11847,chr5,177370475,177370678,177133170,177133373,EH38E3681823,EH38E3681646,177370000,177371000,177133000,177134000,1,-1
11848,chr5,177370711,177371058,177133170,177133373,EH38E2435557,EH38E3681646,177370000,177371000,177133000,177134000,1,-1
11849,chr5,177425947,177426189,177133170,177133373,EH38E2435603,EH38E3681646,177425000,177426000,177133000,177134000,2,-1
11850,chr5,177446407,177446587,177133170,177133373,EH38E2435646,EH38E3681646,177446000,177447000,177133000,177134000,2,-1
11851,chr5,177447036,177447376,177133170,177133373,EH38E3681932,EH38E3681646,177447000,177448000,177133000,177134000,3,-1
11852,chr5,177447885,177448234,177133170,177133373,EH38E3681934,EH38E3681646,177447000,177448000,177133000,177134000,3,-1
11853,chr5,177454179,177454382,177133170,177133373,EH38E3681946,EH38E3681646,177454000,177455000,177133000,177134000,2,-1
11854,chr5,177454492,177454838,177133170,177133373,EH38E3681947,EH38E3681646,177454000,177455000,177133000,177134000,2,-1
11855,chr5,177455104,177455265,177133170,177133373,EH38E3681948,EH38E3681646,177455000,177456000,177133000,177134000,1,-1
11856,chr5,177455314,177455662,177133170,177133373,EH38E3681949,EH38E3681646,177455000,177456000,177133000,177134000,1,-1
11857,chr5,177455691,177455947,177133170,177133373,EH38E3681950,EH38E3681646,177455000,177456000,177133000,177134000,1,-1
11858,chr5,177456127,177456302,177133170,177133373,EH38E3681951,EH38E3681646,177456000,177457000,177133000,177134000,1,-1
11859,chr5,177456336,177456686,177133170,177133373,EH38E3681952,EH38E3681646,177456000,177457000,177133000,177134000,1,-1
11860,chr5,177456725,177456910,177133170,177133373,EH38E3681953,EH38E3681646,177456000,177457000,177133000,177134000,1,-1
11861,chr5,177458088,177458239,177133170,177133373,EH38E3681955,EH38E3681646,177458000,177459000,177133000,177134000,1,-1
11862,chr5,177468757,177469034,177133170,177133373,EH38E3681968,EH38E3681646,177469000,177470000,177133000,177134000,1,-1
11863,chr5,177469207,177469547,177133170,177133373,EH38E3681969,EH38E3681646,177469000,177470000,177133000,177134000,1,-1
11864,chr5,177472430,177472703,177133170,177133373,EH38E3681975,EH38E3681646,177472000,177473000,177133000,177134000,2,-1
11865,chr5,177472727,177473068,177133170,177133373,EH38E3681976,EH38E3681646,177472000,177473000,177133000,177134000,2,-1
11866,chr5,177494325,177494572,177133170,177133373,EH38E2435729,EH38E3681646,177494000,177495000,177133000,177134000,1,-1
11867,chr5,177495205,177495375,177133170,177133373,EH38E3682014,EH38E3681646,177495000,177496000,177133000,177134000,1,-1
11868,chr5,177495450,177495774,177133170,177133373,EH38E3682015,EH38E3681646,177495000,177496000,177133000,177134000,1,-1
11869,chr5,177495775,177495949,177133170,177133373,EH38E3682016,EH38E3681646,177495000,177496000,177133000,177134000,1,-1
11870,chr5,177496125,177496421,177133170,177133373,EH38E3682017,EH38E3681646,177496000,177497000,177133000,177134000,2,-1
11871,chr5,177496572,177496741,177133170,177133373,EH38E3682018,EH38E3681646,177496000,177497000,177133000,177134000,2,-1
11872,chr5,177496798,177497141,177133170,177133373,EH38E3682019,EH38E3681646,177496000,177497000,177133000,177134000,2,-1
11873,chr5,177599717,177599874,177133170,177133373,EH38E3682121,EH38E3681646,177599000,177600000,177133000,177134000,1,-1
11874,chr5,177607407,177607754,177133170,177133373,EH38E3682132,EH38E3681646,177607000,177608000,177133000,177134000,1,-1
11875,chr5,177607834,177608171,177133170,177133373,EH38E2435839,EH38E3681646,177607000,177608000,177133000,177134000,1,-1
11876,chr5,177958812,177959162,177133170,177133373,EH38E3682190,EH38E3681646,177958000,177959000,177133000,177134000,1,-1
11877,chr5,178115212,178115557,177133170,177133373,EH38E3682263,EH38E3681646,178115000,178116000,177133000,177134000,1,-1
11878,chr5,178115566,178115780,177133170,177133373,EH38E2435929,EH38E3681646,178115000,178116000,177133000,177134000,1,-1
11879,chr5,178115831,178116002,177133170,177133373,EH38E3682264,EH38E3681646,178115000,178116000,177133000,177134000,1,-1
11880,chr5,179558958,179559264,177133170,177133373,EH38E3683384,EH38E3681646,179559000,179560000,177133000,177134000,1,-1
11881,chr5,179559876,179560137,177133170,177133373,EH38E3683386,EH38E3681646,179559000,179560000,177133000,177134000,1,-1
11882,chr5,176535748,176535923,177133521,177133866,EH38E3681094,EH38E3681647,176535000,176536000,177133000,177134000,2,-1
11883,chr5,176536540,176536872,177133521,177133866,EH38E3681095,EH38E3681647,176536000,176537000,177133000,177134000,1,-1
11884,chr5,176542807,176543154,177133521,177133866,EH38E3681106,EH38E3681647,176542000,176543000,177133000,177134000,1,-1
11885,chr5,176943864,176944186,177133521,177133866,EH38E3681512,EH38E3681647,176943000,176944000,177133000,177134000,1,-1
11886,chr5,177022897,177023127,177133521,177133866,EH38E3681551,EH38E3681647,177022000,177023000,177133000,177134000,1,-1
11887,chr5,177087075,177087425,177133521,177133866,EH38E2435322,EH38E3681647,177087000,177088000,177133000,177134000,7,-1
11888,chr5,177131459,177131696,177133521,177133866,EH38E3681641,EH38E3681647,177131000,177132000,177133000,177134000,166,-1
11889,chr5,177131709,177131871,177133521,177133866,EH38E2435367,EH38E3681647,177131000,177132000,177133000,177134000,166,-1
11890,chr5,177132476,177132716,177133521,177133866,EH38E3681643,EH38E3681647,177132000,177133000,177133000,177134000,662,-1
11891,chr5,177132740,177132890,177133521,177133866,EH38E3681644,EH38E3681647,177132000,177133000,177133000,177134000,662,-1
11892,chr5,177300251,177300600,177133521,177133866,EH38E2435465,EH38E3681647,177300000,177301000,177133000,177134000,2,-1
11893,chr5,177336178,177336518,177133521,177133866,EH38E2435510,EH38E3681647,177336000,177337000,177133000,177134000,4,-1
11894,chr5,177351293,177351476,177133521,177133866,EH38E3681787,EH38E3681647,177351000,177352000,177133000,177134000,2,-1
11895,chr5,177351765,177352061,177133521,177133866,EH38E3681789,EH38E3681647,177351000,177352000,177133000,177134000,2,-1
11896,chr5,177366725,177367004,177133521,177133866,EH38E3681815,EH38E3681647,177366000,177367000,177133000,177134000,2,-1
11897,chr5,177367060,177367408,177133521,177133866,EH38E3681816,EH38E3681647,177367000,177368000,177133000,177134000,7,-1
11898,chr5,177370475,177370678,177133521,177133866,EH38E3681823,EH38E3681647,177370000,177371000,177133000,177134000,1,-1
11899,chr5,177370711,177371058,177133521,177133866,EH38E2435557,EH38E3681647,177370000,177371000,177133000,177134000,1,-1
11900,chr5,177425947,177426189,177133521,177133866,EH38E2435603,EH38E3681647,177425000,177426000,177133000,177134000,2,-1
11901,chr5,177446407,177446587,177133521,177133866,EH38E2435646,EH38E3681647,177446000,177447000,177133000,177134000,2,-1
11902,chr5,177447036,177447376,177133521,177133866,EH38E3681932,EH38E3681647,177447000,177448000,177133000,177134000,3,-1
11903,chr5,177447885,177448234,177133521,177133866,EH38E3681934,EH38E3681647,177447000,177448000,177133000,177134000,3,-1
11904,chr5,177454179,177454382,177133521,177133866,EH38E3681946,EH38E3681647,177454000,177455000,177133000,177134000,2,-1
11905,chr5,177454492,177454838,177133521,177133866,EH38E3681947,EH38E3681647,177454000,177455000,177133000,177134000,2,-1
11906,chr5,177455104,177455265,177133521,177133866,EH38E3681948,EH38E3681647,177455000,177456000,177133000,177134000,1,-1
11907,chr5,177455314,177455662,177133521,177133866,EH38E3681949,EH38E3681647,177455000,177456000,177133000,177134000,1,-1
11908,chr5,177455691,177455947,177133521,177133866,EH38E3681950,EH38E3681647,177455000,177456000,177133000,177134000,1,-1
11909,chr5,177456127,177456302,177133521,177133866,EH38E3681951,EH38E3681647,177456000,177457000,177133000,177134000,1,-1
11910,chr5,177456336,177456686,177133521,177133866,EH38E3681952,EH38E3681647,177456000,177457000,177133000,177134000,1,-1
11911,chr5,177456725,177456910,177133521,177133866,EH38E3681953,EH38E3681647,177456000,177457000,177133000,177134000,1,-1
11912,chr5,177458088,177458239,177133521,177133866,EH38E3681955,EH38E3681647,177458000,177459000,177133000,177134000,1,-1
11913,chr5,177468757,177469034,177133521,177133866,EH38E3681968,EH38E3681647,177469000,177470000,177133000,177134000,1,-1
11914,chr5,177469207,177469547,177133521,177133866,EH38E3681969,EH38E3681647,177469000,177470000,177133000,177134000,1,-1
11915,chr5,177472430,177472703,177133521,177133866,EH38E3681975,EH38E3681647,177472000,177473000,177133000,177134000,2,-1
11916,chr5,177472727,177473068,177133521,177133866,EH38E3681976,EH38E3681647,177472000,177473000,177133000,177134000,2,-1
11917,chr5,177494325,177494572,177133521,177133866,EH38E2435729,EH38E3681647,177494000,177495000,177133000,177134000,1,-1
11918,chr5,177495205,177495375,177133521,177133866,EH38E3682014,EH38E3681647,177495000,177496000,177133000,177134000,1,-1
11919,chr5,177495450,177495774,177133521,177133866,EH38E3682015,EH38E3681647,177495000,177496000,177133000,177134000,1,-1
11920,chr5,177495775,177495949,177133521,177133866,EH38E3682016,EH38E3681647,177495000,177496000,177133000,177134000,1,-1
11921,chr5,177496125,177496421,177133521,177133866,EH38E3682017,EH38E3681647,177496000,177497000,177133000,177134000,2,-1
11922,chr5,177496572,177496741,177133521,177133866,EH38E3682018,EH38E3681647,177496000,177497000,177133000,177134000,2,-1
11923,chr5,177496798,177497141,177133521,177133866,EH38E3682019,EH38E3681647,177496000,177497000,177133000,177134000,2,-1
11924,chr5,177599717,177599874,177133521,177133866,EH38E3682121,EH38E3681647,177599000,177600000,177133000,177134000,1,-1
11925,chr5,177607407,177607754,177133521,177133866,EH38E3682132,EH38E3681647,177607000,177608000,177133000,177134000,1,-1
11926,chr5,177607834,177608171,177133521,177133866,EH38E2435839,EH38E3681647,177607000,177608000,177133000,177134000,1,-1
11927,chr5,177958812,177959162,177133521,177133866,EH38E3682190,EH38E3681647,177958000,177959000,177133000,177134000,1,-1
11928,chr5,178115212,178115557,177133521,177133866,EH38E3682263,EH38E3681647,178115000,178116000,177133000,177134000,1,-1
11929,chr5,178115566,178115780,177133521,177133866,EH38E2435929,EH38E3681647,178115000,178116000,177133000,177134000,1,-1
11930,chr5,178115831,178116002,177133521,177133866,EH38E3682264,EH38E3681647,178115000,178116000,177133000,177134000,1,-1
11931,chr5,179558958,179559264,177133521,177133866,EH38E3683384,EH38E3681647,179559000,179560000,177133000,177134000,1,-1
11932,chr5,179559876,179560137,177133521,177133866,EH38E3683386,EH38E3681647,179559000,179560000,177133000,177134000,1,-1
11933,chr5,176535748,176535923,177134005,177134348,EH38E3681094,EH38E3681648,176535000,176536000,177134000,177135000,1,-1
11934,chr5,176536540,176536872,177134005,177134348,EH38E3681095,EH38E3681648,176536000,176537000,177134000,177135000,1,-1
11935,chr5,176672225,176672528,177134005,177134348,EH38E3681256,EH38E3681648,176672000,176673000,177134000,177135000,1,-1
11936,chr5,176943864,176944186,177134005,177134348,EH38E3681512,EH38E3681648,176943000,176944000,177134000,177135000,1,-1
11937,chr5,177005760,177006106,177134005,177134348,EH38E3681536,EH38E3681648,177005000,177006000,177134000,177135000,3,-1
11938,chr5,177006109,177006275,177134005,177134348,EH38E3681537,EH38E3681648,177006000,177007000,177134000,177135000,1,-1
11939,chr5,177022897,177023127,177134005,177134348,EH38E3681551,EH38E3681648,177023000,177024000,177134000,177135000,3,-1
11940,chr5,177087075,177087425,177134005,177134348,EH38E2435322,EH38E3681648,177087000,177088000,177134000,177135000,2,-1
11941,chr5,177131459,177131696,177134005,177134348,EH38E3681641,EH38E3681648,177131000,177132000,177134000,177135000,55,-1
11942,chr5,177131709,177131871,177134005,177134348,EH38E2435367,EH38E3681648,177131000,177132000,177134000,177135000,55,-1
11943,chr5,177132476,177132716,177134005,177134348,EH38E3681643,EH38E3681648,177132000,177133000,177134000,177135000,68,-1
11944,chr5,177132740,177132890,177134005,177134348,EH38E3681644,EH38E3681648,177132000,177133000,177134000,177135000,68,-1
11945,chr5,177300251,177300600,177134005,177134348,EH38E2435465,EH38E3681648,177300000,177301000,177134000,177135000,5,-1
11946,chr5,177336178,177336518,177134005,177134348,EH38E2435510,EH38E3681648,177336000,177337000,177134000,177135000,1,-1
11947,chr5,177351293,177351476,177134005,177134348,EH38E3681787,EH38E3681648,177351000,177352000,177134000,177135000,2,-1
11948,chr5,177351765,177352061,177134005,177134348,EH38E3681789,EH38E3681648,177351000,177352000,177134000,177135000,2,-1
11949,chr5,177366725,177367004,177134005,177134348,EH38E3681815,EH38E3681648,177366000,177367000,177134000,177135000,2,-1
11950,chr5,177367060,177367408,177134005,177134348,EH38E3681816,EH38E3681648,177367000,177368000,177134000,177135000,2,-1
11951,chr5,177370475,177370678,177134005,177134348,EH38E3681823,EH38E3681648,177370000,177371000,177134000,177135000,1,-1
11952,chr5,177370711,177371058,177134005,177134348,EH38E2435557,EH38E3681648,177370000,177371000,177134000,177135000,1,-1
11953,chr5,177425947,177426189,177134005,177134348,EH38E2435603,EH38E3681648,177425000,177426000,177134000,177135000,2,-1
11954,chr5,177426284,177426634,177134005,177134348,EH38E3681886,EH38E3681648,177426000,177427000,177134000,177135000,1,-1
11955,chr5,177446407,177446587,177134005,177134348,EH38E2435646,EH38E3681648,177446000,177447000,177134000,177135000,1,-1
11956,chr5,177447885,177448234,177134005,177134348,EH38E3681934,EH38E3681648,177448000,177449000,177134000,177135000,2,-1
11957,chr5,177454179,177454382,177134005,177134348,EH38E3681946,EH38E3681648,177454000,177455000,177134000,177135000,1,-1
11958,chr5,177454492,177454838,177134005,177134348,EH38E3681947,EH38E3681648,177454000,177455000,177134000,177135000,1,-1
11959,chr5,177455104,177455265,177134005,177134348,EH38E3681948,EH38E3681648,177455000,177456000,177134000,177135000,1,-1
11960,chr5,177455314,177455662,177134005,177134348,EH38E3681949,EH38E3681648,177455000,177456000,177134000,177135000,1,-1
11961,chr5,177455691,177455947,177134005,177134348,EH38E3681950,EH38E3681648,177455000,177456000,177134000,177135000,1,-1
11962,chr5,177456127,177456302,177134005,177134348,EH38E3681951,EH38E3681648,177456000,177457000,177134000,177135000,1,-1
11963,chr5,177456336,177456686,177134005,177134348,EH38E3681952,EH38E3681648,177456000,177457000,177134000,177135000,1,-1
11964,chr5,177456725,177456910,177134005,177134348,EH38E3681953,EH38E3681648,177456000,177457000,177134000,177135000,1,-1
11965,chr5,177457623,177457956,177134005,177134348,EH38E3681954,EH38E3681648,177457000,177458000,177134000,177135000,1,-1
11966,chr5,177458088,177458239,177134005,177134348,EH38E3681955,EH38E3681648,177458000,177459000,177134000,177135000,2,-1
11967,chr5,177472430,177472703,177134005,177134348,EH38E3681975,EH38E3681648,177472000,177473000,177134000,177135000,1,-1
11968,chr5,177472727,177473068,177134005,177134348,EH38E3681976,EH38E3681648,177472000,177473000,177134000,177135000,1,-1
11969,chr5,177485349,177485612,177134005,177134348,EH38E3681998,EH38E3681648,177485000,177486000,177134000,177135000,1,-1
11970,chr5,177496125,177496421,177134005,177134348,EH38E3682017,EH38E3681648,177496000,177497000,177134000,177135000,1,-1
11971,chr5,177496572,177496741,177134005,177134348,EH38E3682018,EH38E3681648,177496000,177497000,177134000,177135000,1,-1
11972,chr5,177496798,177497141,177134005,177134348,EH38E3682019,EH38E3681648,177496000,177497000,177134000,177135000,1,-1
11973,chr5,177517337,177517499,177134005,177134348,EH38E3682049,EH38E3681648,177517000,177518000,177134000,177135000,2,-1
11974,chr5,177599717,177599874,177134005,177134348,EH38E3682121,EH38E3681648,177599000,177600000,177134000,177135000,1,-1
11975,chr5,178115212,178115557,177134005,177134348,EH38E3682263,EH38E3681648,178115000,178116000,177134000,177135000,1,-1
11976,chr5,178115566,178115780,177134005,177134348,EH38E2435929,EH38E3681648,178115000,178116000,177134000,177135000,1,-1
11977,chr5,178115831,178116002,177134005,177134348,EH38E3682264,EH38E3681648,178115000,178116000,177134000,177135000,1,-1
11978,chr5,178120959,178121307,177134005,177134348,EH38E3682279,EH38E3681648,178120000,178121000,177134000,177135000,1,-1
11979,chr5,178232101,178232313,177134005,177134348,EH38E2436048,EH38E3681648,178232000,178233000,177134000,177135000,1,-1
11980,chr5,176447451,176447637,177303593,177303940,EH38E3681034,EH38E3681728,176447000,176448000,177303000,177304000,2,-1
11981,chr5,176447740,176447942,177303593,177303940,EH38E3681035,EH38E3681728,176447000,176448000,177303000,177304000,2,-1
11982,chr5,177005760,177006106,177303593,177303940,EH38E3681536,EH38E3681728,177006000,177007000,177303000,177304000,1,-1
11983,chr5,177006109,177006275,177303593,177303940,EH38E3681537,EH38E3681728,177006000,177007000,177303000,177304000,1,-1
11984,chr5,177022897,177023127,177303593,177303940,EH38E3681551,EH38E3681728,177023000,177024000,177303000,177304000,2,-1
11985,chr5,177087075,177087425,177303593,177303940,EH38E2435322,EH38E3681728,177087000,177088000,177303000,177304000,6,-1
11986,chr5,177131459,177131696,177303593,177303940,EH38E3681641,EH38E3681728,177131000,177132000,177303000,177304000,4,-1
11987,chr5,177131709,177131871,177303593,177303940,EH38E2435367,EH38E3681728,177131000,177132000,177303000,177304000,4,-1
11988,chr5,177132476,177132716,177303593,177303940,EH38E3681643,EH38E3681728,177132000,177133000,177303000,177304000,6,-1
11989,chr5,177132740,177132890,177303593,177303940,EH38E3681644,EH38E3681728,177132000,177133000,177303000,177304000,6,-1
11990,chr5,177300251,177300600,177303593,177303940,EH38E2435465,EH38E3681728,177300000,177301000,177303000,177304000,112,-1
11991,chr5,177336178,177336518,177303593,177303940,EH38E2435510,EH38E3681728,177336000,177337000,177303000,177304000,6,-1
11992,chr5,177351293,177351476,177303593,177303940,EH38E3681787,EH38E3681728,177351000,177352000,177303000,177304000,8,-1
11993,chr5,177351765,177352061,177303593,177303940,EH38E3681789,EH38E3681728,177351000,177352000,177303000,177304000,8,-1
11994,chr5,177366725,177367004,177303593,177303940,EH38E3681815,EH38E3681728,177366000,177367000,177303000,177304000,9,-1
11995,chr5,177367060,177367408,177303593,177303940,EH38E3681816,EH38E3681728,177367000,177368000,177303000,177304000,9,-1
11996,chr5,177370475,177370678,177303593,177303940,EH38E3681823,EH38E3681728,177370000,177371000,177303000,177304000,6,-1
11997,chr5,177370711,177371058,177303593,177303940,EH38E2435557,EH38E3681728,177370000,177371000,177303000,177304000,6,-1
11998,chr5,177425947,177426189,177303593,177303940,EH38E2435603,EH38E3681728,177425000,177426000,177303000,177304000,5,-1
11999,chr5,177426284,177426634,177303593,177303940,EH38E3681886,EH38E3681728,177426000,177427000,177303000,177304000,2,-1
12000,chr5,177428079,177428312,177303593,177303940,EH38E3681888,EH38E3681728,177428000,177429000,177303000,177304000,4,-1
12001,chr5,177446407,177446587,177303593,177303940,EH38E2435646,EH38E3681728,177446000,177447000,177303000,177304000,9,-1
12002,chr5,177447036,177447376,177303593,177303940,EH38E3681932,EH38E3681728,177447000,177448000,177303000,177304000,7,-1
12003,chr5,177447885,177448234,177303593,177303940,EH38E3681934,EH38E3681728,177447000,177448000,177303000,177304000,7,-1
12004,chr5,177454179,177454382,177303593,177303940,EH38E3681946,EH38E3681728,177454000,177455000,177303000,177304000,1,-1
12005,chr5,177454492,177454838,177303593,177303940,EH38E3681947,EH38E3681728,177454000,177455000,177303000,177304000,1,-1
12006,chr5,177455104,177455265,177303593,177303940,EH38E3681948,EH38E3681728,177455000,177456000,177303000,177304000,3,-1
12007,chr5,177455314,177455662,177303593,177303940,EH38E3681949,EH38E3681728,177455000,177456000,177303000,177304000,3,-1
12008,chr5,177455691,177455947,177303593,177303940,EH38E3681950,EH38E3681728,177455000,177456000,177303000,177304000,3,-1
12009,chr5,177456127,177456302,177303593,177303940,EH38E3681951,EH38E3681728,177456000,177457000,177303000,177304000,4,-1
12010,chr5,177456336,177456686,177303593,177303940,EH38E3681952,EH38E3681728,177456000,177457000,177303000,177304000,4,-1
12011,chr5,177456725,177456910,177303593,177303940,EH38E3681953,EH38E3681728,177456000,177457000,177303000,177304000,4,-1
12012,chr5,177457623,177457956,177303593,177303940,EH38E3681954,EH38E3681728,177457000,177458000,177303000,177304000,6,-1
12013,chr5,177458088,177458239,177303593,177303940,EH38E3681955,EH38E3681728,177458000,177459000,177303000,177304000,4,-1
12014,chr5,177468757,177469034,177303593,177303940,EH38E3681968,EH38E3681728,177468000,177469000,177303000,177304000,1,-1
12015,chr5,177469207,177469547,177303593,177303940,EH38E3681969,EH38E3681728,177469000,177470000,177303000,177304000,1,-1
12016,chr5,177472430,177472703,177303593,177303940,EH38E3681975,EH38E3681728,177472000,177473000,177303000,177304000,6,-1
12017,chr5,177472727,177473068,177303593,177303940,EH38E3681976,EH38E3681728,177472000,177473000,177303000,177304000,6,-1
12018,chr5,177485349,177485612,177303593,177303940,EH38E3681998,EH38E3681728,177485000,177486000,177303000,177304000,2,-1
12019,chr5,177494325,177494572,177303593,177303940,EH38E2435729,EH38E3681728,177494000,177495000,177303000,177304000,2,-1
12020,chr5,177496125,177496421,177303593,177303940,EH38E3682017,EH38E3681728,177496000,177497000,177303000,177304000,5,-1
12021,chr5,177496572,177496741,177303593,177303940,EH38E3682018,EH38E3681728,177496000,177497000,177303000,177304000,5,-1
12022,chr5,177496798,177497141,177303593,177303940,EH38E3682019,EH38E3681728,177496000,177497000,177303000,177304000,5,-1
12023,chr5,177517337,177517499,177303593,177303940,EH38E3682049,EH38E3681728,177517000,177518000,177303000,177304000,2,-1
12024,chr5,177607407,177607754,177303593,177303940,EH38E3682132,EH38E3681728,177607000,177608000,177303000,177304000,1,-1
12025,chr5,177607834,177608171,177303593,177303940,EH38E2435839,EH38E3681728,177607000,177608000,177303000,177304000,1,-1
12026,chr5,177958812,177959162,177303593,177303940,EH38E3682190,EH38E3681728,177958000,177959000,177303000,177304000,1,-1
12027,chr5,178120959,178121307,177303593,177303940,EH38E3682279,EH38E3681728,178120000,178121000,177303000,177304000,1,-1
12028,chr5,179558958,179559264,177303593,177303940,EH38E3683384,EH38E3681728,179559000,179560000,177303000,177304000,1,-1
12029,chr5,179559876,179560137,177303593,177303940,EH38E3683386,EH38E3681728,179559000,179560000,177303000,177304000,1,-1
12030,chr5,179818948,179819291,177303593,177303940,EH38E2437136,EH38E3681728,179819000,179820000,177303000,177304000,1,-1
12031,chr5,179819459,179819808,177303593,177303940,EH38E3683607,EH38E3681728,179819000,179820000,177303000,177304000,1,-1
12032,chr5,176447451,176447637,177311871,177312131,EH38E3681034,EH38E3681746,176447000,176448000,177311000,177312000,1,-1
12033,chr5,176447740,176447942,177311871,177312131,EH38E3681035,EH38E3681746,176447000,176448000,177311000,177312000,1,-1
12034,chr5,176543156,176543319,177311871,177312131,EH38E3681107,EH38E3681746,176543000,176544000,177311000,177312000,1,-1
12035,chr5,176543337,176543664,177311871,177312131,EH38E3681108,EH38E3681746,176543000,176544000,177311000,177312000,1,-1
12036,chr5,176543742,176543943,177311871,177312131,EH38E3681109,EH38E3681746,176543000,176544000,177311000,177312000,1,-1
12037,chr5,176672225,176672528,177311871,177312131,EH38E3681256,EH38E3681746,176672000,176673000,177311000,177312000,1,-1
12038,chr5,176943864,176944186,177311871,177312131,EH38E3681512,EH38E3681746,176943000,176944000,177311000,177312000,1,-1
12039,chr5,177005760,177006106,177311871,177312131,EH38E3681536,EH38E3681746,177005000,177006000,177311000,177312000,1,-1
12040,chr5,177006109,177006275,177311871,177312131,EH38E3681537,EH38E3681746,177006000,177007000,177311000,177312000,3,-1
12041,chr5,177022897,177023127,177311871,177312131,EH38E3681551,EH38E3681746,177022000,177023000,177311000,177312000,1,-1
12042,chr5,177131459,177131696,177311871,177312131,EH38E3681641,EH38E3681746,177131000,177132000,177311000,177312000,9,-1
12043,chr5,177131709,177131871,177311871,177312131,EH38E2435367,EH38E3681746,177131000,177132000,177311000,177312000,9,-1
12044,chr5,177132476,177132716,177311871,177312131,EH38E3681643,EH38E3681746,177132000,177133000,177311000,177312000,5,-1
12045,chr5,177132740,177132890,177311871,177312131,EH38E3681644,EH38E3681746,177132000,177133000,177311000,177312000,5,-1
12046,chr5,177300251,177300600,177311871,177312131,EH38E2435465,EH38E3681746,177300000,177301000,177311000,177312000,16,-1
12047,chr5,177336178,177336518,177311871,177312131,EH38E2435510,EH38E3681746,177336000,177337000,177311000,177312000,13,-1
12048,chr5,177367060,177367408,177311871,177312131,EH38E3681816,EH38E3681746,177367000,177368000,177311000,177312000,21,-1
12049,chr5,177370475,177370678,177311871,177312131,EH38E3681823,EH38E3681746,177370000,177371000,177311000,177312000,14,-1
12050,chr5,177370711,177371058,177311871,177312131,EH38E2435557,EH38E3681746,177370000,177371000,177311000,177312000,14,-1
12051,chr5,177426284,177426634,177311871,177312131,EH38E3681886,EH38E3681746,177426000,177427000,177311000,177312000,8,-1
12052,chr5,177428079,177428312,177311871,177312131,EH38E3681888,EH38E3681746,177428000,177429000,177311000,177312000,5,-1
12053,chr5,177447036,177447376,177311871,177312131,EH38E3681932,EH38E3681746,177447000,177448000,177311000,177312000,18,-1
12054,chr5,177447885,177448234,177311871,177312131,EH38E3681934,EH38E3681746,177447000,177448000,177311000,177312000,18,-1
12055,chr5,177454179,177454382,177311871,177312131,EH38E3681946,EH38E3681746,177454000,177455000,177311000,177312000,20,-1
12056,chr5,177454492,177454838,177311871,177312131,EH38E3681947,EH38E3681746,177454000,177455000,177311000,177312000,20,-1
12057,chr5,177456127,177456302,177311871,177312131,EH38E3681951,EH38E3681746,177456000,177457000,177311000,177312000,12,-1
12058,chr5,177456336,177456686,177311871,177312131,EH38E3681952,EH38E3681746,177456000,177457000,177311000,177312000,12,-1
12059,chr5,177456725,177456910,177311871,177312131,EH38E3681953,EH38E3681746,177456000,177457000,177311000,177312000,12,-1
12060,chr5,177457623,177457956,177311871,177312131,EH38E3681954,EH38E3681746,177457000,177458000,177311000,177312000,6,-1
12061,chr5,177458088,177458239,177311871,177312131,EH38E3681955,EH38E3681746,177458000,177459000,177311000,177312000,7,-1
12062,chr5,177468757,177469034,177311871,177312131,EH38E3681968,EH38E3681746,177468000,177469000,177311000,177312000,2,-1
12063,chr5,177469207,177469547,177311871,177312131,EH38E3681969,EH38E3681746,177469000,177470000,177311000,177312000,8,-1
12064,chr5,177472430,177472703,177311871,177312131,EH38E3681975,EH38E3681746,177472000,177473000,177311000,177312000,7,-1
12065,chr5,177472727,177473068,177311871,177312131,EH38E3681976,EH38E3681746,177472000,177473000,177311000,177312000,7,-1
12066,chr5,177485349,177485612,177311871,177312131,EH38E3681998,EH38E3681746,177485000,177486000,177311000,177312000,2,-1
12067,chr5,177494325,177494572,177311871,177312131,EH38E2435729,EH38E3681746,177494000,177495000,177311000,177312000,5,-1
12068,chr5,177495205,177495375,177311871,177312131,EH38E3682014,EH38E3681746,177495000,177496000,177311000,177312000,5,-1
12069,chr5,177495450,177495774,177311871,177312131,EH38E3682015,EH38E3681746,177495000,177496000,177311000,177312000,5,-1
12070,chr5,177495775,177495949,177311871,177312131,EH38E3682016,EH38E3681746,177495000,177496000,177311000,177312000,5,-1
12071,chr5,177607407,177607754,177311871,177312131,EH38E3682132,EH38E3681746,177607000,177608000,177311000,177312000,1,-1
12072,chr5,177607834,177608171,177311871,177312131,EH38E2435839,EH38E3681746,177607000,177608000,177311000,177312000,1,-1
12073,chr5,178115212,178115557,177311871,177312131,EH38E3682263,EH38E3681746,178115000,178116000,177311000,177312000,1,-1
12074,chr5,178115566,178115780,177311871,177312131,EH38E2435929,EH38E3681746,178115000,178116000,177311000,177312000,1,-1
12075,chr5,178115831,178116002,177311871,177312131,EH38E3682264,EH38E3681746,178115000,178116000,177311000,177312000,1,-1
12076,chr5,178120959,178121307,177311871,177312131,EH38E3682279,EH38E3681746,178121000,178122000,177311000,177312000,1,-1
12077,chr5,178130568,178130786,177311871,177312131,EH38E3682298,EH38E3681746,178130000,178131000,177311000,177312000,1,-1
12078,chr5,179732911,179733186,177311871,177312131,EH38E3683487,EH38E3681746,179732000,179733000,177311000,177312000,1,-1
12079,chr5,176535748,176535923,177311871,177312131,EH38E3681094,EH38E3681746,176535000,176536000,177312000,177313000,1,-1
12080,chr5,176536540,176536872,177311871,177312131,EH38E3681095,EH38E3681746,176536000,176537000,177312000,177313000,1,-1
12081,chr5,176537073,176537230,177311871,177312131,EH38E3681096,EH38E3681746,176537000,176538000,177312000,177313000,1,-1
12082,chr5,176537797,176538147,177311871,177312131,EH38E3681098,EH38E3681746,176537000,176538000,177312000,177313000,1,-1
12083,chr5,176542807,176543154,177311871,177312131,EH38E3681106,EH38E3681746,176542000,176543000,177312000,177313000,1,-1
12084,chr5,177087075,177087425,177311871,177312131,EH38E2435322,EH38E3681746,177087000,177088000,177312000,177313000,8,-1
12085,chr5,177351293,177351476,177311871,177312131,EH38E3681787,EH38E3681746,177351000,177352000,177312000,177313000,15,-1
12086,chr5,177351765,177352061,177311871,177312131,EH38E3681789,EH38E3681746,177351000,177352000,177312000,177313000,15,-1
12087,chr5,177366725,177367004,177311871,177312131,EH38E3681815,EH38E3681746,177366000,177367000,177312000,177313000,14,-1
12088,chr5,177425947,177426189,177311871,177312131,EH38E2435603,EH38E3681746,177425000,177426000,177312000,177313000,8,-1
12089,chr5,177446407,177446587,177311871,177312131,EH38E2435646,EH38E3681746,177446000,177447000,177312000,177313000,13,-1
12090,chr5,177455104,177455265,177311871,177312131,EH38E3681948,EH38E3681746,177455000,177456000,177312000,177313000,16,-1
12091,chr5,177455314,177455662,177311871,177312131,EH38E3681949,EH38E3681746,177455000,177456000,177312000,177313000,16,-1
12092,chr5,177455691,177455947,177311871,177312131,EH38E3681950,EH38E3681746,177455000,177456000,177312000,177313000,16,-1
12093,chr5,177496125,177496421,177311871,177312131,EH38E3682017,EH38E3681746,177496000,177497000,177312000,177313000,6,-1
12094,chr5,177496572,177496741,177311871,177312131,EH38E3682018,EH38E3681746,177496000,177497000,177312000,177313000,6,-1
12095,chr5,177496798,177497141,177311871,177312131,EH38E3682019,EH38E3681746,177496000,177497000,177312000,177313000,6,-1
12096,chr5,177517337,177517499,177311871,177312131,EH38E3682049,EH38E3681746,177517000,177518000,177312000,177313000,2,-1
12097,chr5,177599717,177599874,177311871,177312131,EH38E3682121,EH38E3681746,177599000,177600000,177312000,177313000,1,-1
12098,chr5,178116042,178116356,177311871,177312131,EH38E3682265,EH38E3681746,178116000,178117000,177312000,177313000,2,-1
12099,chr5,178116362,178116563,177311871,177312131,EH38E3682266,EH38E3681746,178116000,178117000,177312000,177313000,2,-1
12100,chr5,178116578,178116927,177311871,177312131,EH38E3682267,EH38E3681746,178116000,178117000,177312000,177313000,2,-1
12101,chr5,178126597,178126935,177311871,177312131,EH38E2435947,EH38E3681746,178126000,178127000,177312000,177313000,1,-1
12102,chr5,178180119,178180415,177311871,177312131,EH38E3682331,EH38E3681746,178180000,178181000,177312000,177313000,1,-1
12103,chr5,178180524,178180852,177311871,177312131,EH38E3682332,EH38E3681746,178180000,178181000,177312000,177313000,1,-1
12104,chr5,179678157,179678378,177311871,177312131,EH38E3683449,EH38E3681746,179678000,179679000,177312000,177313000,1,-1
12105,chr5,179818948,179819291,177311871,177312131,EH38E2437136,EH38E3681746,179819000,179820000,177312000,177313000,1,-1
12106,chr5,179819459,179819808,177311871,177312131,EH38E3683607,EH38E3681746,179819000,179820000,177312000,177313000,1,-1
12107,chr5,180090246,180090398,177311871,177312131,EH38E3683847,EH38E3681746,180090000,180091000,177312000,177313000,1,-1
12108,chr5,180090414,180090761,177311871,177312131,EH38E3683848,EH38E3681746,180090000,180091000,177312000,177313000,1,-1
12109,chr5,176535748,176535923,177312216,177312563,EH38E3681094,EH38E3681747,176535000,176536000,177312000,177313000,1,-1
12110,chr5,176536540,176536872,177312216,177312563,EH38E3681095,EH38E3681747,176536000,176537000,177312000,177313000,1,-1
12111,chr5,176537073,176537230,177312216,177312563,EH38E3681096,EH38E3681747,176537000,176538000,177312000,177313000,1,-1
12112,chr5,176537797,176538147,177312216,177312563,EH38E3681098,EH38E3681747,176537000,176538000,177312000,177313000,1,-1
12113,chr5,176542807,176543154,177312216,177312563,EH38E3681106,EH38E3681747,176542000,176543000,177312000,177313000,1,-1
12114,chr5,176543156,176543319,177312216,177312563,EH38E3681107,EH38E3681747,176543000,176544000,177312000,177313000,1,-1
12115,chr5,176543337,176543664,177312216,177312563,EH38E3681108,EH38E3681747,176543000,176544000,177312000,177313000,1,-1
12116,chr5,176543742,176543943,177312216,177312563,EH38E3681109,EH38E3681747,176543000,176544000,177312000,177313000,1,-1
12117,chr5,176672225,176672528,177312216,177312563,EH38E3681256,EH38E3681747,176672000,176673000,177312000,177313000,1,-1
12118,chr5,177005760,177006106,177312216,177312563,EH38E3681536,EH38E3681747,177005000,177006000,177312000,177313000,1,-1
12119,chr5,177006109,177006275,177312216,177312563,EH38E3681537,EH38E3681747,177006000,177007000,177312000,177313000,2,-1
12120,chr5,177022897,177023127,177312216,177312563,EH38E3681551,EH38E3681747,177022000,177023000,177312000,177313000,1,-1
12121,chr5,177087075,177087425,177312216,177312563,EH38E2435322,EH38E3681747,177087000,177088000,177312000,177313000,8,-1
12122,chr5,177131459,177131696,177312216,177312563,EH38E3681641,EH38E3681747,177131000,177132000,177312000,177313000,7,-1
12123,chr5,177131709,177131871,177312216,177312563,EH38E2435367,EH38E3681747,177131000,177132000,177312000,177313000,7,-1
12124,chr5,177132476,177132716,177312216,177312563,EH38E3681643,EH38E3681747,177132000,177133000,177312000,177313000,5,-1
12125,chr5,177132740,177132890,177312216,177312563,EH38E3681644,EH38E3681747,177132000,177133000,177312000,177313000,5,-1
12126,chr5,177300251,177300600,177312216,177312563,EH38E2435465,EH38E3681747,177300000,177301000,177312000,177313000,8,-1
12127,chr5,177336178,177336518,177312216,177312563,EH38E2435510,EH38E3681747,177336000,177337000,177312000,177313000,13,-1
12128,chr5,177351293,177351476,177312216,177312563,EH38E3681787,EH38E3681747,177351000,177352000,177312000,177313000,15,-1
12129,chr5,177351765,177352061,177312216,177312563,EH38E3681789,EH38E3681747,177351000,177352000,177312000,177313000,15,-1
12130,chr5,177366725,177367004,177312216,177312563,EH38E3681815,EH38E3681747,177366000,177367000,177312000,177313000,14,-1
12131,chr5,177367060,177367408,177312216,177312563,EH38E3681816,EH38E3681747,177367000,177368000,177312000,177313000,19,-1
12132,chr5,177370475,177370678,177312216,177312563,EH38E3681823,EH38E3681747,177370000,177371000,177312000,177313000,13,-1
12133,chr5,177370711,177371058,177312216,177312563,EH38E2435557,EH38E3681747,177370000,177371000,177312000,177313000,13,-1
12134,chr5,177425947,177426189,177312216,177312563,EH38E2435603,EH38E3681747,177425000,177426000,177312000,177313000,8,-1
12135,chr5,177426284,177426634,177312216,177312563,EH38E3681886,EH38E3681747,177426000,177427000,177312000,177313000,1,-1
12136,chr5,177428079,177428312,177312216,177312563,EH38E3681888,EH38E3681747,177428000,177429000,177312000,177313000,4,-1
12137,chr5,177446407,177446587,177312216,177312563,EH38E2435646,EH38E3681747,177446000,177447000,177312000,177313000,13,-1
12138,chr5,177447036,177447376,177312216,177312563,EH38E3681932,EH38E3681747,177447000,177448000,177312000,177313000,6,-1
12139,chr5,177447885,177448234,177312216,177312563,EH38E3681934,EH38E3681747,177447000,177448000,177312000,177313000,6,-1
12140,chr5,177454179,177454382,177312216,177312563,EH38E3681946,EH38E3681747,177454000,177455000,177312000,177313000,19,-1
12141,chr5,177454492,177454838,177312216,177312563,EH38E3681947,EH38E3681747,177454000,177455000,177312000,177313000,19,-1
12142,chr5,177455104,177455265,177312216,177312563,EH38E3681948,EH38E3681747,177455000,177456000,177312000,177313000,16,-1
12143,chr5,177455314,177455662,177312216,177312563,EH38E3681949,EH38E3681747,177455000,177456000,177312000,177313000,16,-1
12144,chr5,177455691,177455947,177312216,177312563,EH38E3681950,EH38E3681747,177455000,177456000,177312000,177313000,16,-1
12145,chr5,177456127,177456302,177312216,177312563,EH38E3681951,EH38E3681747,177456000,177457000,177312000,177313000,8,-1
12146,chr5,177456336,177456686,177312216,177312563,EH38E3681952,EH38E3681747,177456000,177457000,177312000,177313000,8,-1
12147,chr5,177456725,177456910,177312216,177312563,EH38E3681953,EH38E3681747,177456000,177457000,177312000,177313000,8,-1
12148,chr5,177457623,177457956,177312216,177312563,EH38E3681954,EH38E3681747,177457000,177458000,177312000,177313000,1,-1
12149,chr5,177458088,177458239,177312216,177312563,EH38E3681955,EH38E3681747,177458000,177459000,177312000,177313000,6,-1
12150,chr5,177468757,177469034,177312216,177312563,EH38E3681968,EH38E3681747,177468000,177469000,177312000,177313000,2,-1
12151,chr5,177469207,177469547,177312216,177312563,EH38E3681969,EH38E3681747,177469000,177470000,177312000,177313000,3,-1
12152,chr5,177472430,177472703,177312216,177312563,EH38E3681975,EH38E3681747,177472000,177473000,177312000,177313000,1,-1
12153,chr5,177472727,177473068,177312216,177312563,EH38E3681976,EH38E3681747,177472000,177473000,177312000,177313000,1,-1
12154,chr5,177485349,177485612,177312216,177312563,EH38E3681998,EH38E3681747,177485000,177486000,177312000,177313000,2,-1
12155,chr5,177494325,177494572,177312216,177312563,EH38E2435729,EH38E3681747,177494000,177495000,177312000,177313000,4,-1
12156,chr5,177495205,177495375,177312216,177312563,EH38E3682014,EH38E3681747,177495000,177496000,177312000,177313000,5,-1
12157,chr5,177495450,177495774,177312216,177312563,EH38E3682015,EH38E3681747,177495000,177496000,177312000,177313000,5,-1
12158,chr5,177495775,177495949,177312216,177312563,EH38E3682016,EH38E3681747,177495000,177496000,177312000,177313000,5,-1
12159,chr5,177496125,177496421,177312216,177312563,EH38E3682017,EH38E3681747,177496000,177497000,177312000,177313000,6,-1
12160,chr5,177496572,177496741,177312216,177312563,EH38E3682018,EH38E3681747,177496000,177497000,177312000,177313000,6,-1
12161,chr5,177496798,177497141,177312216,177312563,EH38E3682019,EH38E3681747,177496000,177497000,177312000,177313000,6,-1
12162,chr5,177517337,177517499,177312216,177312563,EH38E3682049,EH38E3681747,177517000,177518000,177312000,177313000,2,-1
12163,chr5,177599717,177599874,177312216,177312563,EH38E3682121,EH38E3681747,177599000,177600000,177312000,177313000,1,-1
12164,chr5,177607407,177607754,177312216,177312563,EH38E3682132,EH38E3681747,177607000,177608000,177312000,177313000,1,-1
12165,chr5,177607834,177608171,177312216,177312563,EH38E2435839,EH38E3681747,177607000,177608000,177312000,177313000,1,-1
12166,chr5,178115831,178116002,177312216,177312563,EH38E3682264,EH38E3681747,178116000,178117000,177312000,177313000,2,-1
12167,chr5,178116042,178116356,177312216,177312563,EH38E3682265,EH38E3681747,178116000,178117000,177312000,177313000,2,-1
12168,chr5,178116362,178116563,177312216,177312563,EH38E3682266,EH38E3681747,178116000,178117000,177312000,177313000,2,-1
12169,chr5,178116578,178116927,177312216,177312563,EH38E3682267,EH38E3681747,178116000,178117000,177312000,177313000,2,-1
12170,chr5,178120959,178121307,177312216,177312563,EH38E3682279,EH38E3681747,178121000,178122000,177312000,177313000,1,-1
12171,chr5,178126597,178126935,177312216,177312563,EH38E2435947,EH38E3681747,178126000,178127000,177312000,177313000,1,-1
12172,chr5,178180119,178180415,177312216,177312563,EH38E3682331,EH38E3681747,178180000,178181000,177312000,177313000,1,-1
12173,chr5,178180524,178180852,177312216,177312563,EH38E3682332,EH38E3681747,178180000,178181000,177312000,177313000,1,-1
12174,chr5,179678157,179678378,177312216,177312563,EH38E3683449,EH38E3681747,179678000,179679000,177312000,177313000,1,-1
12175,chr5,179818948,179819291,177312216,177312563,EH38E2437136,EH38E3681747,179819000,179820000,177312000,177313000,1,-1
12176,chr5,179819459,179819808,177312216,177312563,EH38E3683607,EH38E3681747,179819000,179820000,177312000,177313000,1,-1
12177,chr5,180090246,180090398,177312216,177312563,EH38E3683847,EH38E3681747,180090000,180091000,177312000,177313000,1,-1
12178,chr5,180090414,180090761,177312216,177312563,EH38E3683848,EH38E3681747,180090000,180091000,177312000,177313000,1,-1
12179,chr5,176535748,176535923,177351597,177351762,EH38E3681094,EH38E3681788,176535000,176536000,177351000,177352000,1,-1
12180,chr5,176542807,176543154,177351597,177351762,EH38E3681106,EH38E3681788,176542000,176543000,177351000,177352000,2,-1
12181,chr5,176543156,176543319,177351597,177351762,EH38E3681107,EH38E3681788,176543000,176544000,177351000,177352000,2,-1
12182,chr5,176543337,176543664,177351597,177351762,EH38E3681108,EH38E3681788,176543000,176544000,177351000,177352000,2,-1
12183,chr5,176543742,176543943,177351597,177351762,EH38E3681109,EH38E3681788,176543000,176544000,177351000,177352000,2,-1
12184,chr5,177005760,177006106,177351597,177351762,EH38E3681536,EH38E3681788,177005000,177006000,177351000,177352000,1,-1
12185,chr5,177006109,177006275,177351597,177351762,EH38E3681537,EH38E3681788,177006000,177007000,177351000,177352000,1,-1
12186,chr5,177022897,177023127,177351597,177351762,EH38E3681551,EH38E3681788,177023000,177024000,177351000,177352000,1,-1
12187,chr5,177087075,177087425,177351597,177351762,EH38E2435322,EH38E3681788,177087000,177088000,177351000,177352000,1,-1
12188,chr5,177131459,177131696,177351597,177351762,EH38E3681641,EH38E3681788,177131000,177132000,177351000,177352000,1,-1
12189,chr5,177131709,177131871,177351597,177351762,EH38E2435367,EH38E3681788,177131000,177132000,177351000,177352000,1,-1
12190,chr5,177132476,177132716,177351597,177351762,EH38E3681643,EH38E3681788,177132000,177133000,177351000,177352000,2,-1
12191,chr5,177132740,177132890,177351597,177351762,EH38E3681644,EH38E3681788,177132000,177133000,177351000,177352000,2,-1
12192,chr5,177300251,177300600,177351597,177351762,EH38E2435465,EH38E3681788,177300000,177301000,177351000,177352000,5,-1
12193,chr5,177336178,177336518,177351597,177351762,EH38E2435510,EH38E3681788,177336000,177337000,177351000,177352000,25,-1
12194,chr5,177351293,177351476,177351597,177351762,EH38E3681787,EH38E3681788,177351000,177352000,177351000,177352000,735,-1
12195,chr5,177351765,177352061,177351597,177351762,EH38E3681789,EH38E3681788,177351000,177352000,177351000,177352000,735,-1
12196,chr5,177366725,177367004,177351597,177351762,EH38E3681815,EH38E3681788,177366000,177367000,177351000,177352000,30,-1
12197,chr5,177367060,177367408,177351597,177351762,EH38E3681816,EH38E3681788,177367000,177368000,177351000,177352000,26,-1
12198,chr5,177370475,177370678,177351597,177351762,EH38E3681823,EH38E3681788,177370000,177371000,177351000,177352000,16,-1
12199,chr5,177370711,177371058,177351597,177351762,EH38E2435557,EH38E3681788,177370000,177371000,177351000,177352000,16,-1
12200,chr5,177425947,177426189,177351597,177351762,EH38E2435603,EH38E3681788,177425000,177426000,177351000,177352000,5,-1
12201,chr5,177426284,177426634,177351597,177351762,EH38E3681886,EH38E3681788,177426000,177427000,177351000,177352000,1,-1
12202,chr5,177428079,177428312,177351597,177351762,EH38E3681888,EH38E3681788,177428000,177429000,177351000,177352000,4,-1
12203,chr5,177446407,177446587,177351597,177351762,EH38E2435646,EH38E3681788,177446000,177447000,177351000,177352000,3,-1
12204,chr5,177447036,177447376,177351597,177351762,EH38E3681932,EH38E3681788,177447000,177448000,177351000,177352000,7,-1
12205,chr5,177447885,177448234,177351597,177351762,EH38E3681934,EH38E3681788,177447000,177448000,177351000,177352000,7,-1
12206,chr5,177454179,177454382,177351597,177351762,EH38E3681946,EH38E3681788,177454000,177455000,177351000,177352000,4,-1
12207,chr5,177454492,177454838,177351597,177351762,EH38E3681947,EH38E3681788,177454000,177455000,177351000,177352000,4,-1
12208,chr5,177455104,177455265,177351597,177351762,EH38E3681948,EH38E3681788,177455000,177456000,177351000,177352000,3,-1
12209,chr5,177455314,177455662,177351597,177351762,EH38E3681949,EH38E3681788,177455000,177456000,177351000,177352000,3,-1
12210,chr5,177455691,177455947,177351597,177351762,EH38E3681950,EH38E3681788,177455000,177456000,177351000,177352000,3,-1
12211,chr5,177456127,177456302,177351597,177351762,EH38E3681951,EH38E3681788,177456000,177457000,177351000,177352000,4,-1
12212,chr5,177456336,177456686,177351597,177351762,EH38E3681952,EH38E3681788,177456000,177457000,177351000,177352000,4,-1
12213,chr5,177456725,177456910,177351597,177351762,EH38E3681953,EH38E3681788,177456000,177457000,177351000,177352000,4,-1
12214,chr5,177457623,177457956,177351597,177351762,EH38E3681954,EH38E3681788,177457000,177458000,177351000,177352000,4,-1
12215,chr5,177458088,177458239,177351597,177351762,EH38E3681955,EH38E3681788,177458000,177459000,177351000,177352000,2,-1
12216,chr5,177468757,177469034,177351597,177351762,EH38E3681968,EH38E3681788,177468000,177469000,177351000,177352000,2,-1
12217,chr5,177469207,177469547,177351597,177351762,EH38E3681969,EH38E3681788,177469000,177470000,177351000,177352000,4,-1
12218,chr5,177472430,177472703,177351597,177351762,EH38E3681975,EH38E3681788,177472000,177473000,177351000,177352000,2,-1
12219,chr5,177472727,177473068,177351597,177351762,EH38E3681976,EH38E3681788,177472000,177473000,177351000,177352000,2,-1
12220,chr5,177494325,177494572,177351597,177351762,EH38E2435729,EH38E3681788,177494000,177495000,177351000,177352000,1,-1
12221,chr5,177495205,177495375,177351597,177351762,EH38E3682014,EH38E3681788,177495000,177496000,177351000,177352000,2,-1
12222,chr5,177495450,177495774,177351597,177351762,EH38E3682015,EH38E3681788,177495000,177496000,177351000,177352000,2,-1
12223,chr5,177495775,177495949,177351597,177351762,EH38E3682016,EH38E3681788,177495000,177496000,177351000,177352000,2,-1
12224,chr5,177496125,177496421,177351597,177351762,EH38E3682017,EH38E3681788,177496000,177497000,177351000,177352000,2,-1
12225,chr5,177496572,177496741,177351597,177351762,EH38E3682018,EH38E3681788,177496000,177497000,177351000,177352000,2,-1
12226,chr5,177496798,177497141,177351597,177351762,EH38E3682019,EH38E3681788,177496000,177497000,177351000,177352000,2,-1
12227,chr5,177517337,177517499,177351597,177351762,EH38E3682049,EH38E3681788,177517000,177518000,177351000,177352000,2,-1
12228,chr5,177607407,177607754,177351597,177351762,EH38E3682132,EH38E3681788,177607000,177608000,177351000,177352000,1,-1
12229,chr5,177607834,177608171,177351597,177351762,EH38E2435839,EH38E3681788,177607000,177608000,177351000,177352000,1,-1
12230,chr5,178120959,178121307,177351597,177351762,EH38E3682279,EH38E3681788,178120000,178121000,177351000,177352000,1,-1
12231,chr5,178177578,178177927,177351597,177351762,EH38E3682329,EH38E3681788,178177000,178178000,177351000,177352000,1,-1
12232,chr5,178180119,178180415,177351597,177351762,EH38E3682331,EH38E3681788,178180000,178181000,177351000,177352000,1,-1
12233,chr5,178180524,178180852,177351597,177351762,EH38E3682332,EH38E3681788,178180000,178181000,177351000,177352000,1,-1
12234,chr5,178223734,178224084,177351597,177351762,EH38E3682376,EH38E3681788,178223000,178224000,177351000,177352000,1,-1
12235,chr5,176447451,176447637,177446588,177446872,EH38E3681034,EH38E3681931,176447000,176448000,177446000,177447000,1,-1
12236,chr5,176447740,176447942,177446588,177446872,EH38E3681035,EH38E3681931,176447000,176448000,177446000,177447000,1,-1
12237,chr5,176536540,176536872,177446588,177446872,EH38E3681095,EH38E3681931,176536000,176537000,177446000,177447000,2,-1
12238,chr5,177022897,177023127,177446588,177446872,EH38E3681551,EH38E3681931,177023000,177024000,177446000,177447000,1,-1
12239,chr5,177131459,177131696,177446588,177446872,EH38E3681641,EH38E3681931,177131000,177132000,177446000,177447000,1,-1
12240,chr5,177131709,177131871,177446588,177446872,EH38E2435367,EH38E3681931,177131000,177132000,177446000,177447000,1,-1
12241,chr5,177336178,177336518,177446588,177446872,EH38E2435510,EH38E3681931,177336000,177337000,177446000,177447000,4,-1
12242,chr5,177351293,177351476,177446588,177446872,EH38E3681787,EH38E3681931,177351000,177352000,177446000,177447000,3,-1
12243,chr5,177351765,177352061,177446588,177446872,EH38E3681789,EH38E3681931,177351000,177352000,177446000,177447000,3,-1
12244,chr5,177366725,177367004,177446588,177446872,EH38E3681815,EH38E3681931,177366000,177367000,177446000,177447000,9,-1
12245,chr5,177367060,177367408,177446588,177446872,EH38E3681816,EH38E3681931,177367000,177368000,177446000,177447000,6,-1
12246,chr5,177370475,177370678,177446588,177446872,EH38E3681823,EH38E3681931,177370000,177371000,177446000,177447000,9,-1
12247,chr5,177370711,177371058,177446588,177446872,EH38E2435557,EH38E3681931,177370000,177371000,177446000,177447000,9,-1
12248,chr5,177425947,177426189,177446588,177446872,EH38E2435603,EH38E3681931,177425000,177426000,177446000,177447000,10,-1
12249,chr5,177426284,177426634,177446588,177446872,EH38E3681886,EH38E3681931,177426000,177427000,177446000,177447000,11,-1
12250,chr5,177428079,177428312,177446588,177446872,EH38E3681888,EH38E3681931,177428000,177429000,177446000,177447000,24,-1
12251,chr5,177446407,177446587,177446588,177446872,EH38E2435646,EH38E3681931,177446000,177447000,177446000,177447000,1035,-1
12252,chr5,177447036,177447376,177446588,177446872,EH38E3681932,EH38E3681931,177447000,177448000,177446000,177447000,333,-1
12253,chr5,177447885,177448234,177446588,177446872,EH38E3681934,EH38E3681931,177447000,177448000,177446000,177447000,333,-1
12254,chr5,177454179,177454382,177446588,177446872,EH38E3681946,EH38E3681931,177454000,177455000,177446000,177447000,53,-1
12255,chr5,177454492,177454838,177446588,177446872,EH38E3681947,EH38E3681931,177454000,177455000,177446000,177447000,53,-1
12256,chr5,177455104,177455265,177446588,177446872,EH38E3681948,EH38E3681931,177455000,177456000,177446000,177447000,37,-1
12257,chr5,177455314,177455662,177446588,177446872,EH38E3681949,EH38E3681931,177455000,177456000,177446000,177447000,37,-1
12258,chr5,177455691,177455947,177446588,177446872,EH38E3681950,EH38E3681931,177455000,177456000,177446000,177447000,37,-1
12259,chr5,177456127,177456302,177446588,177446872,EH38E3681951,EH38E3681931,177456000,177457000,177446000,177447000,20,-1
12260,chr5,177456336,177456686,177446588,177446872,EH38E3681952,EH38E3681931,177456000,177457000,177446000,177447000,20,-1
12261,chr5,177456725,177456910,177446588,177446872,EH38E3681953,EH38E3681931,177456000,177457000,177446000,177447000,20,-1
12262,chr5,177457623,177457956,177446588,177446872,EH38E3681954,EH38E3681931,177457000,177458000,177446000,177447000,15,-1
12263,chr5,177458088,177458239,177446588,177446872,EH38E3681955,EH38E3681931,177458000,177459000,177446000,177447000,22,-1
12264,chr5,177468757,177469034,177446588,177446872,EH38E3681968,EH38E3681931,177468000,177469000,177446000,177447000,3,-1
12265,chr5,177469207,177469547,177446588,177446872,EH38E3681969,EH38E3681931,177469000,177470000,177446000,177447000,8,-1
12266,chr5,177472430,177472703,177446588,177446872,EH38E3681975,EH38E3681931,177472000,177473000,177446000,177447000,9,-1
12267,chr5,177472727,177473068,177446588,177446872,EH38E3681976,EH38E3681931,177472000,177473000,177446000,177447000,9,-1
12268,chr5,177485349,177485612,177446588,177446872,EH38E3681998,EH38E3681931,177485000,177486000,177446000,177447000,9,-1
12269,chr5,177494325,177494572,177446588,177446872,EH38E2435729,EH38E3681931,177494000,177495000,177446000,177447000,5,-1
12270,chr5,177495205,177495375,177446588,177446872,EH38E3682014,EH38E3681931,177495000,177496000,177446000,177447000,8,-1
12271,chr5,177495450,177495774,177446588,177446872,EH38E3682015,EH38E3681931,177495000,177496000,177446000,177447000,8,-1
12272,chr5,177495775,177495949,177446588,177446872,EH38E3682016,EH38E3681931,177495000,177496000,177446000,177447000,8,-1
12273,chr5,177496125,177496421,177446588,177446872,EH38E3682017,EH38E3681931,177496000,177497000,177446000,177447000,7,-1
12274,chr5,177496572,177496741,177446588,177446872,EH38E3682018,EH38E3681931,177496000,177497000,177446000,177447000,7,-1
12275,chr5,177496798,177497141,177446588,177446872,EH38E3682019,EH38E3681931,177496000,177497000,177446000,177447000,7,-1
12276,chr5,177517337,177517499,177446588,177446872,EH38E3682049,EH38E3681931,177517000,177518000,177446000,177447000,3,-1
12277,chr5,177607834,177608171,177446588,177446872,EH38E2435839,EH38E3681931,177608000,177609000,177446000,177447000,2,-1
12278,chr5,178115212,178115557,177446588,177446872,EH38E3682263,EH38E3681931,178115000,178116000,177446000,177447000,1,-1
12279,chr5,178115566,178115780,177446588,177446872,EH38E2435929,EH38E3681931,178115000,178116000,177446000,177447000,1,-1
12280,chr5,178115831,178116002,177446588,177446872,EH38E3682264,EH38E3681931,178115000,178116000,177446000,177447000,1,-1
12281,chr5,178120959,178121307,177446588,177446872,EH38E3682279,EH38E3681931,178120000,178121000,177446000,177447000,1,-1
12282,chr5,178126597,178126935,177446588,177446872,EH38E2435947,EH38E3681931,178126000,178127000,177446000,177447000,1,-1
12283,chr5,178177578,178177927,177446588,177446872,EH38E3682329,EH38E3681931,178177000,178178000,177446000,177447000,1,-1
12284,chr5,180085891,180086239,177446588,177446872,EH38E3683843,EH38E3681931,180086000,180087000,177446000,177447000,1,-1
12285,chr5,176447451,176447637,177447574,177447764,EH38E3681034,EH38E3681933,176447000,176448000,177447000,177448000,1,-1
12286,chr5,176447740,176447942,177447574,177447764,EH38E3681035,EH38E3681933,176447000,176448000,177447000,177448000,1,-1
12287,chr5,176535748,176535923,177447574,177447764,EH38E3681094,EH38E3681933,176535000,176536000,177447000,177448000,1,-1
12288,chr5,176672225,176672528,177447574,177447764,EH38E3681256,EH38E3681933,176672000,176673000,177447000,177448000,1,-1
12289,chr5,177005760,177006106,177447574,177447764,EH38E3681536,EH38E3681933,177005000,177006000,177447000,177448000,1,-1
12290,chr5,177006109,177006275,177447574,177447764,EH38E3681537,EH38E3681933,177006000,177007000,177447000,177448000,1,-1
12291,chr5,177022897,177023127,177447574,177447764,EH38E3681551,EH38E3681933,177022000,177023000,177447000,177448000,1,-1
12292,chr5,177087075,177087425,177447574,177447764,EH38E2435322,EH38E3681933,177087000,177088000,177447000,177448000,3,-1
12293,chr5,177131459,177131696,177447574,177447764,EH38E3681641,EH38E3681933,177131000,177132000,177447000,177448000,3,-1
12294,chr5,177131709,177131871,177447574,177447764,EH38E2435367,EH38E3681933,177131000,177132000,177447000,177448000,3,-1
12295,chr5,177132476,177132716,177447574,177447764,EH38E3681643,EH38E3681933,177132000,177133000,177447000,177448000,1,-1
12296,chr5,177132740,177132890,177447574,177447764,EH38E3681644,EH38E3681933,177132000,177133000,177447000,177448000,1,-1
12297,chr5,177300251,177300600,177447574,177447764,EH38E2435465,EH38E3681933,177300000,177301000,177447000,177448000,1,-1
12298,chr5,177336178,177336518,177447574,177447764,EH38E2435510,EH38E3681933,177336000,177337000,177447000,177448000,7,-1
12299,chr5,177351293,177351476,177447574,177447764,EH38E3681787,EH38E3681933,177351000,177352000,177447000,177448000,7,-1
12300,chr5,177351765,177352061,177447574,177447764,EH38E3681789,EH38E3681933,177351000,177352000,177447000,177448000,7,-1
12301,chr5,177366725,177367004,177447574,177447764,EH38E3681815,EH38E3681933,177366000,177367000,177447000,177448000,5,-1
12302,chr5,177367060,177367408,177447574,177447764,EH38E3681816,EH38E3681933,177367000,177368000,177447000,177448000,7,-1
12303,chr5,177370475,177370678,177447574,177447764,EH38E3681823,EH38E3681933,177370000,177371000,177447000,177448000,11,-1
12304,chr5,177370711,177371058,177447574,177447764,EH38E2435557,EH38E3681933,177370000,177371000,177447000,177448000,11,-1
12305,chr5,177425947,177426189,177447574,177447764,EH38E2435603,EH38E3681933,177425000,177426000,177447000,177448000,15,-1
12306,chr5,177426284,177426634,177447574,177447764,EH38E3681886,EH38E3681933,177426000,177427000,177447000,177448000,9,-1
12307,chr5,177428079,177428312,177447574,177447764,EH38E3681888,EH38E3681933,177428000,177429000,177447000,177448000,15,-1
12308,chr5,177446407,177446587,177447574,177447764,EH38E2435646,EH38E3681933,177446000,177447000,177447000,177448000,333,-1
12309,chr5,177447036,177447376,177447574,177447764,EH38E3681932,EH38E3681933,177447000,177448000,177447000,177448000,971,-1
12310,chr5,177447885,177448234,177447574,177447764,EH38E3681934,EH38E3681933,177447000,177448000,177447000,177448000,971,-1
12311,chr5,177454179,177454382,177447574,177447764,EH38E3681946,EH38E3681933,177454000,177455000,177447000,177448000,82,-1
12312,chr5,177454492,177454838,177447574,177447764,EH38E3681947,EH38E3681933,177454000,177455000,177447000,177448000,82,-1
12313,chr5,177455104,177455265,177447574,177447764,EH38E3681948,EH38E3681933,177455000,177456000,177447000,177448000,34,-1
12314,chr5,177455314,177455662,177447574,177447764,EH38E3681949,EH38E3681933,177455000,177456000,177447000,177448000,34,-1
12315,chr5,177455691,177455947,177447574,177447764,EH38E3681950,EH38E3681933,177455000,177456000,177447000,177448000,34,-1
12316,chr5,177456127,177456302,177447574,177447764,EH38E3681951,EH38E3681933,177456000,177457000,177447000,177448000,35,-1
12317,chr5,177456336,177456686,177447574,177447764,EH38E3681952,EH38E3681933,177456000,177457000,177447000,177448000,35,-1
12318,chr5,177456725,177456910,177447574,177447764,EH38E3681953,EH38E3681933,177456000,177457000,177447000,177448000,35,-1
12319,chr5,177457623,177457956,177447574,177447764,EH38E3681954,EH38E3681933,177457000,177458000,177447000,177448000,17,-1
12320,chr5,177458088,177458239,177447574,177447764,EH38E3681955,EH38E3681933,177458000,177459000,177447000,177448000,20,-1
12321,chr5,177468757,177469034,177447574,177447764,EH38E3681968,EH38E3681933,177468000,177469000,177447000,177448000,7,-1
12322,chr5,177469207,177469547,177447574,177447764,EH38E3681969,EH38E3681933,177469000,177470000,177447000,177448000,15,-1
12323,chr5,177472430,177472703,177447574,177447764,EH38E3681975,EH38E3681933,177472000,177473000,177447000,177448000,8,-1
12324,chr5,177472727,177473068,177447574,177447764,EH38E3681976,EH38E3681933,177472000,177473000,177447000,177448000,8,-1
12325,chr5,177485349,177485612,177447574,177447764,EH38E3681998,EH38E3681933,177485000,177486000,177447000,177448000,3,-1
12326,chr5,177494325,177494572,177447574,177447764,EH38E2435729,EH38E3681933,177494000,177495000,177447000,177448000,3,-1
12327,chr5,177495205,177495375,177447574,177447764,EH38E3682014,EH38E3681933,177495000,177496000,177447000,177448000,9,-1
12328,chr5,177495450,177495774,177447574,177447764,EH38E3682015,EH38E3681933,177495000,177496000,177447000,177448000,9,-1
12329,chr5,177495775,177495949,177447574,177447764,EH38E3682016,EH38E3681933,177495000,177496000,177447000,177448000,9,-1
12330,chr5,177496125,177496421,177447574,177447764,EH38E3682017,EH38E3681933,177496000,177497000,177447000,177448000,10,-1
12331,chr5,177496572,177496741,177447574,177447764,EH38E3682018,EH38E3681933,177496000,177497000,177447000,177448000,10,-1
12332,chr5,177496798,177497141,177447574,177447764,EH38E3682019,EH38E3681933,177496000,177497000,177447000,177448000,10,-1
12333,chr5,177517337,177517499,177447574,177447764,EH38E3682049,EH38E3681933,177517000,177518000,177447000,177448000,3,-1
12334,chr5,177599717,177599874,177447574,177447764,EH38E3682121,EH38E3681933,177599000,177600000,177447000,177448000,2,-1
12335,chr5,178114056,178114221,177447574,177447764,EH38E3682259,EH38E3681933,178114000,178115000,177447000,177448000,1,-1
12336,chr5,178114221,178114571,177447574,177447764,EH38E3682260,EH38E3681933,178114000,178115000,177447000,177448000,1,-1
12337,chr5,178115831,178116002,177447574,177447764,EH38E3682264,EH38E3681933,178116000,178117000,177447000,177448000,1,-1
12338,chr5,178116042,178116356,177447574,177447764,EH38E3682265,EH38E3681933,178116000,178117000,177447000,177448000,1,-1
12339,chr5,178116362,178116563,177447574,177447764,EH38E3682266,EH38E3681933,178116000,178117000,177447000,177448000,1,-1
12340,chr5,178116578,178116927,177447574,177447764,EH38E3682267,EH38E3681933,178116000,178117000,177447000,177448000,1,-1
12341,chr5,178120959,178121307,177447574,177447764,EH38E3682279,EH38E3681933,178120000,178121000,177447000,177448000,1,-1
12342,chr5,178130568,178130786,177447574,177447764,EH38E3682298,EH38E3681933,178130000,178131000,177447000,177448000,1,-1
12343,chr5,179549803,179550104,177447574,177447764,EH38E3683374,EH38E3681933,179549000,179550000,177447000,177448000,1,-1
12344,chr5,179732911,179733186,177447574,177447764,EH38E3683487,EH38E3681933,179733000,179734000,177447000,177448000,2,-1
12345,chr5,179733545,179733698,177447574,177447764,EH38E3683489,EH38E3681933,179733000,179734000,177447000,177448000,2,-1
12346,chr5,176535748,176535923,177473574,177473856,EH38E3681094,EH38E3681978,176535000,176536000,177473000,177474000,1,-1
12347,chr5,176537073,176537230,177473574,177473856,EH38E3681096,EH38E3681978,176537000,176538000,177473000,177474000,2,-1
12348,chr5,176537797,176538147,177473574,177473856,EH38E3681098,EH38E3681978,176537000,176538000,177473000,177474000,2,-1
12349,chr5,177005760,177006106,177473574,177473856,EH38E3681536,EH38E3681978,177006000,177007000,177473000,177474000,1,-1
12350,chr5,177006109,177006275,177473574,177473856,EH38E3681537,EH38E3681978,177006000,177007000,177473000,177474000,1,-1
12351,chr5,177087075,177087425,177473574,177473856,EH38E2435322,EH38E3681978,177087000,177088000,177473000,177474000,1,-1
12352,chr5,177300251,177300600,177473574,177473856,EH38E2435465,EH38E3681978,177300000,177301000,177473000,177474000,1,-1
12353,chr5,177336178,177336518,177473574,177473856,EH38E2435510,EH38E3681978,177336000,177337000,177473000,177474000,1,-1
12354,chr5,177351293,177351476,177473574,177473856,EH38E3681787,EH38E3681978,177351000,177352000,177473000,177474000,1,-1
12355,chr5,177351765,177352061,177473574,177473856,EH38E3681789,EH38E3681978,177351000,177352000,177473000,177474000,1,-1
12356,chr5,177366725,177367004,177473574,177473856,EH38E3681815,EH38E3681978,177366000,177367000,177473000,177474000,3,-1
12357,chr5,177367060,177367408,177473574,177473856,EH38E3681816,EH38E3681978,177367000,177368000,177473000,177474000,3,-1
12358,chr5,177370475,177370678,177473574,177473856,EH38E3681823,EH38E3681978,177370000,177371000,177473000,177474000,3,-1
12359,chr5,177370711,177371058,177473574,177473856,EH38E2435557,EH38E3681978,177370000,177371000,177473000,177474000,3,-1
12360,chr5,177425947,177426189,177473574,177473856,EH38E2435603,EH38E3681978,177425000,177426000,177473000,177474000,1,-1
12361,chr5,177426284,177426634,177473574,177473856,EH38E3681886,EH38E3681978,177426000,177427000,177473000,177474000,3,-1
12362,chr5,177428079,177428312,177473574,177473856,EH38E3681888,EH38E3681978,177428000,177429000,177473000,177474000,3,-1
12363,chr5,177446407,177446587,177473574,177473856,EH38E2435646,EH38E3681978,177446000,177447000,177473000,177474000,1,-1
12364,chr5,177447036,177447376,177473574,177473856,EH38E3681932,EH38E3681978,177447000,177448000,177473000,177474000,6,-1
12365,chr5,177447885,177448234,177473574,177473856,EH38E3681934,EH38E3681978,177447000,177448000,177473000,177474000,6,-1
12366,chr5,177454179,177454382,177473574,177473856,EH38E3681946,EH38E3681978,177454000,177455000,177473000,177474000,10,-1
12367,chr5,177454492,177454838,177473574,177473856,EH38E3681947,EH38E3681978,177454000,177455000,177473000,177474000,10,-1
12368,chr5,177455104,177455265,177473574,177473856,EH38E3681948,EH38E3681978,177455000,177456000,177473000,177474000,14,-1
12369,chr5,177455314,177455662,177473574,177473856,EH38E3681949,EH38E3681978,177455000,177456000,177473000,177474000,14,-1
12370,chr5,177455691,177455947,177473574,177473856,EH38E3681950,EH38E3681978,177455000,177456000,177473000,177474000,14,-1
12371,chr5,177456127,177456302,177473574,177473856,EH38E3681951,EH38E3681978,177456000,177457000,177473000,177474000,11,-1
12372,chr5,177456336,177456686,177473574,177473856,EH38E3681952,EH38E3681978,177456000,177457000,177473000,177474000,11,-1
12373,chr5,177456725,177456910,177473574,177473856,EH38E3681953,EH38E3681978,177456000,177457000,177473000,177474000,11,-1
12374,chr5,177457623,177457956,177473574,177473856,EH38E3681954,EH38E3681978,177457000,177458000,177473000,177474000,11,-1
12375,chr5,177458088,177458239,177473574,177473856,EH38E3681955,EH38E3681978,177458000,177459000,177473000,177474000,15,-1
12376,chr5,177468757,177469034,177473574,177473856,EH38E3681968,EH38E3681978,177468000,177469000,177473000,177474000,24,-1
12377,chr5,177469207,177469547,177473574,177473856,EH38E3681969,EH38E3681978,177469000,177470000,177473000,177474000,48,-1
12378,chr5,177472430,177472703,177473574,177473856,EH38E3681975,EH38E3681978,177472000,177473000,177473000,177474000,303,-1
12379,chr5,177472727,177473068,177473574,177473856,EH38E3681976,EH38E3681978,177472000,177473000,177473000,177474000,303,-1
12380,chr5,177472727,177473068,177473574,177473856,EH38E3681976,EH38E3681978,177473000,177474000,177473000,177474000,161,-1
12381,chr5,177485349,177485612,177473574,177473856,EH38E3681998,EH38E3681978,177485000,177486000,177473000,177474000,10,-1
12382,chr5,177494325,177494572,177473574,177473856,EH38E2435729,EH38E3681978,177494000,177495000,177473000,177474000,13,-1
12383,chr5,177495205,177495375,177473574,177473856,EH38E3682014,EH38E3681978,177495000,177496000,177473000,177474000,16,-1
12384,chr5,177495450,177495774,177473574,177473856,EH38E3682015,EH38E3681978,177495000,177496000,177473000,177474000,16,-1
12385,chr5,177495775,177495949,177473574,177473856,EH38E3682016,EH38E3681978,177495000,177496000,177473000,177474000,16,-1
12386,chr5,177496125,177496421,177473574,177473856,EH38E3682017,EH38E3681978,177496000,177497000,177473000,177474000,16,-1
12387,chr5,177496572,177496741,177473574,177473856,EH38E3682018,EH38E3681978,177496000,177497000,177473000,177474000,16,-1
12388,chr5,177496798,177497141,177473574,177473856,EH38E3682019,EH38E3681978,177496000,177497000,177473000,177474000,16,-1
12389,chr5,177517337,177517499,177473574,177473856,EH38E3682049,EH38E3681978,177517000,177518000,177473000,177474000,3,-1
12390,chr5,177599717,177599874,177473574,177473856,EH38E3682121,EH38E3681978,177599000,177600000,177473000,177474000,1,-1
12391,chr5,177607407,177607754,177473574,177473856,EH38E3682132,EH38E3681978,177607000,177608000,177473000,177474000,1,-1
12392,chr5,177607834,177608171,177473574,177473856,EH38E2435839,EH38E3681978,177607000,177608000,177473000,177474000,1,-1
12393,chr5,178120959,178121307,177473574,177473856,EH38E3682279,EH38E3681978,178120000,178121000,177473000,177474000,1,-1
12394,chr5,179610375,179610584,177473574,177473856,EH38E3683409,EH38E3681978,179610000,179611000,177473000,177474000,1,-1
12395,chr5,179821082,179821309,177473574,177473856,EH38E3683612,EH38E3681978,179821000,179822000,177473000,177474000,1,-1
12396,chr5,179821336,179821615,177473574,177473856,EH38E3683613,EH38E3681978,179821000,179822000,177473000,177474000,1,-1
12397,chr5,179821617,179821966,177473574,177473856,EH38E3683614,EH38E3681978,179821000,179822000,177473000,177474000,1,-1
12398,chr5,176388039,176388275,177494716,177495064,EH38E3680966,EH38E3682013,176388000,176389000,177494000,177495000,1,-1
12399,chr5,176536540,176536872,177494716,177495064,EH38E3681095,EH38E3682013,176536000,176537000,177494000,177495000,1,-1
12400,chr5,176537073,176537230,177494716,177495064,EH38E3681096,EH38E3682013,176537000,176538000,177494000,177495000,1,-1
12401,chr5,176537797,176538147,177494716,177495064,EH38E3681098,EH38E3682013,176537000,176538000,177494000,177495000,1,-1
12402,chr5,176943864,176944186,177494716,177495064,EH38E3681512,EH38E3682013,176943000,176944000,177494000,177495000,1,-1
12403,chr5,177005760,177006106,177494716,177495064,EH38E3681536,EH38E3682013,177005000,177006000,177494000,177495000,1,-1
12404,chr5,177131459,177131696,177494716,177495064,EH38E3681641,EH38E3682013,177131000,177132000,177494000,177495000,3,-1
12405,chr5,177131709,177131871,177494716,177495064,EH38E2435367,EH38E3682013,177131000,177132000,177494000,177495000,3,-1
12406,chr5,177132476,177132716,177494716,177495064,EH38E3681643,EH38E3682013,177132000,177133000,177494000,177495000,1,-1
12407,chr5,177132740,177132890,177494716,177495064,EH38E3681644,EH38E3682013,177132000,177133000,177494000,177495000,1,-1
12408,chr5,177428079,177428312,177494716,177495064,EH38E3681888,EH38E3682013,177428000,177429000,177494000,177495000,4,-1
12409,chr5,177457623,177457956,177494716,177495064,EH38E3681954,EH38E3682013,177457000,177458000,177494000,177495000,13,-1
12410,chr5,177468757,177469034,177494716,177495064,EH38E3681968,EH38E3682013,177468000,177469000,177494000,177495000,11,-1
12411,chr5,177494325,177494572,177494716,177495064,EH38E2435729,EH38E3682013,177494000,177495000,177494000,177495000,1178,-1
12412,chr5,178115212,178115557,177494716,177495064,EH38E3682263,EH38E3682013,178115000,178116000,177494000,177495000,1,-1
12413,chr5,178115566,178115780,177494716,177495064,EH38E2435929,EH38E3682013,178115000,178116000,177494000,177495000,1,-1
12414,chr5,178115831,178116002,177494716,177495064,EH38E3682264,EH38E3682013,178115000,178116000,177494000,177495000,1,-1
12415,chr5,178116042,178116356,177494716,177495064,EH38E3682265,EH38E3682013,178116000,178117000,177494000,177495000,1,-1
12416,chr5,178116362,178116563,177494716,177495064,EH38E3682266,EH38E3682013,178116000,178117000,177494000,177495000,1,-1
12417,chr5,178116578,178116927,177494716,177495064,EH38E3682267,EH38E3682013,178116000,178117000,177494000,177495000,1,-1
12418,chr5,178120959,178121307,177494716,177495064,EH38E3682279,EH38E3682013,178121000,178122000,177494000,177495000,1,-1
12419,chr5,178126597,178126935,177494716,177495064,EH38E2435947,EH38E3682013,178126000,178127000,177494000,177495000,1,-1
12420,chr5,178127260,178127608,177494716,177495064,EH38E3682293,EH38E3682013,178127000,178128000,177494000,177495000,1,-1
12421,chr5,179558958,179559264,177494716,177495064,EH38E3683384,EH38E3682013,179559000,179560000,177494000,177495000,1,-1
12422,chr5,179559876,179560137,177494716,177495064,EH38E3683386,EH38E3682013,179559000,179560000,177494000,177495000,1,-1
12423,chr5,179818948,179819291,177494716,177495064,EH38E2437136,EH38E3682013,179818000,179819000,177494000,177495000,1,-1
12424,chr5,180083080,180083412,177494716,177495064,EH38E2437348,EH38E3682013,180083000,180084000,177494000,177495000,1,-1
12425,chr5,176542807,176543154,177494716,177495064,EH38E3681106,EH38E3682013,176543000,176544000,177495000,177496000,1,-1
12426,chr5,176543156,176543319,177494716,177495064,EH38E3681107,EH38E3682013,176543000,176544000,177495000,177496000,1,-1
12427,chr5,176543337,176543664,177494716,177495064,EH38E3681108,EH38E3682013,176543000,176544000,177495000,177496000,1,-1
12428,chr5,176543742,176543943,177494716,177495064,EH38E3681109,EH38E3682013,176543000,176544000,177495000,177496000,1,-1
12429,chr5,177022897,177023127,177494716,177495064,EH38E3681551,EH38E3682013,177022000,177023000,177495000,177496000,2,-1
12430,chr5,177300251,177300600,177494716,177495064,EH38E2435465,EH38E3682013,177300000,177301000,177495000,177496000,2,-1
12431,chr5,177336178,177336518,177494716,177495064,EH38E2435510,EH38E3682013,177336000,177337000,177495000,177496000,2,-1
12432,chr5,177351293,177351476,177494716,177495064,EH38E3681787,EH38E3682013,177351000,177352000,177495000,177496000,2,-1
12433,chr5,177351765,177352061,177494716,177495064,EH38E3681789,EH38E3682013,177351000,177352000,177495000,177496000,2,-1
12434,chr5,177366725,177367004,177494716,177495064,EH38E3681815,EH38E3682013,177366000,177367000,177495000,177496000,3,-1
12435,chr5,177367060,177367408,177494716,177495064,EH38E3681816,EH38E3682013,177367000,177368000,177495000,177496000,8,-1
12436,chr5,177370475,177370678,177494716,177495064,EH38E3681823,EH38E3682013,177370000,177371000,177495000,177496000,4,-1
12437,chr5,177370711,177371058,177494716,177495064,EH38E2435557,EH38E3682013,177370000,177371000,177495000,177496000,4,-1
12438,chr5,177425947,177426189,177494716,177495064,EH38E2435603,EH38E3682013,177425000,177426000,177495000,177496000,4,-1
12439,chr5,177426284,177426634,177494716,177495064,EH38E3681886,EH38E3682013,177426000,177427000,177495000,177496000,3,-1
12440,chr5,177446407,177446587,177494716,177495064,EH38E2435646,EH38E3682013,177446000,177447000,177495000,177496000,8,-1
12441,chr5,177447036,177447376,177494716,177495064,EH38E3681932,EH38E3682013,177447000,177448000,177495000,177496000,9,-1
12442,chr5,177447885,177448234,177494716,177495064,EH38E3681934,EH38E3682013,177447000,177448000,177495000,177496000,9,-1
12443,chr5,177454179,177454382,177494716,177495064,EH38E3681946,EH38E3682013,177454000,177455000,177495000,177496000,12,-1
12444,chr5,177454492,177454838,177494716,177495064,EH38E3681947,EH38E3682013,177454000,177455000,177495000,177496000,12,-1
12445,chr5,177455104,177455265,177494716,177495064,EH38E3681948,EH38E3682013,177455000,177456000,177495000,177496000,15,-1
12446,chr5,177455314,177455662,177494716,177495064,EH38E3681949,EH38E3682013,177455000,177456000,177495000,177496000,15,-1
12447,chr5,177455691,177455947,177494716,177495064,EH38E3681950,EH38E3682013,177455000,177456000,177495000,177496000,15,-1
12448,chr5,177456127,177456302,177494716,177495064,EH38E3681951,EH38E3682013,177456000,177457000,177495000,177496000,27,-1
12449,chr5,177456336,177456686,177494716,177495064,EH38E3681952,EH38E3682013,177456000,177457000,177495000,177496000,27,-1
12450,chr5,177456725,177456910,177494716,177495064,EH38E3681953,EH38E3682013,177456000,177457000,177495000,177496000,27,-1
12451,chr5,177458088,177458239,177494716,177495064,EH38E3681955,EH38E3682013,177458000,177459000,177495000,177496000,16,-1
12452,chr5,177469207,177469547,177494716,177495064,EH38E3681969,EH38E3682013,177469000,177470000,177495000,177496000,19,-1
12453,chr5,177472430,177472703,177494716,177495064,EH38E3681975,EH38E3682013,177472000,177473000,177495000,177496000,20,-1
12454,chr5,177472727,177473068,177494716,177495064,EH38E3681976,EH38E3682013,177472000,177473000,177495000,177496000,20,-1
12455,chr5,177485349,177485612,177494716,177495064,EH38E3681998,EH38E3682013,177485000,177486000,177495000,177496000,34,-1
12456,chr5,177495205,177495375,177494716,177495064,EH38E3682014,EH38E3682013,177495000,177496000,177495000,177496000,1300,-1
12457,chr5,177495450,177495774,177494716,177495064,EH38E3682015,EH38E3682013,177495000,177496000,177495000,177496000,1300,-1
12458,chr5,177495775,177495949,177494716,177495064,EH38E3682016,EH38E3682013,177495000,177496000,177495000,177496000,1300,-1
12459,chr5,177496125,177496421,177494716,177495064,EH38E3682017,EH38E3682013,177496000,177497000,177495000,177496000,762,-1
12460,chr5,177496572,177496741,177494716,177495064,EH38E3682018,EH38E3682013,177496000,177497000,177495000,177496000,762,-1
12461,chr5,177496798,177497141,177494716,177495064,EH38E3682019,EH38E3682013,177496000,177497000,177495000,177496000,762,-1
12462,chr5,177517337,177517499,177494716,177495064,EH38E3682049,EH38E3682013,177517000,177518000,177495000,177496000,8,-1
12463,chr5,177599717,177599874,177494716,177495064,EH38E3682121,EH38E3682013,177599000,177600000,177495000,177496000,2,-1
12464,chr5,177607407,177607754,177494716,177495064,EH38E3682132,EH38E3682013,177607000,177608000,177495000,177496000,6,-1
12465,chr5,177607834,177608171,177494716,177495064,EH38E2435839,EH38E3682013,177607000,177608000,177495000,177496000,6,-1
12466,chr5,177958812,177959162,177494716,177495064,EH38E3682190,EH38E3682013,177958000,177959000,177495000,177496000,2,-1
12467,chr5,178114056,178114221,177494716,177495064,EH38E3682259,EH38E3682013,178114000,178115000,177495000,177496000,2,-1
12468,chr5,178114221,178114571,177494716,177495064,EH38E3682260,EH38E3682013,178114000,178115000,177495000,177496000,2,-1
12469,chr5,176535748,176535923,177497306,177497479,EH38E3681094,EH38E3682020,176535000,176536000,177497000,177498000,2,-1
12470,chr5,176537073,176537230,177497306,177497479,EH38E3681096,EH38E3682020,176537000,176538000,177497000,177498000,2,-1
12471,chr5,176537797,176538147,177497306,177497479,EH38E3681098,EH38E3682020,176537000,176538000,177497000,177498000,2,-1
12472,chr5,176672225,176672528,177497306,177497479,EH38E3681256,EH38E3682020,176672000,176673000,177497000,177498000,1,-1
12473,chr5,177005760,177006106,177497306,177497479,EH38E3681536,EH38E3682020,177005000,177006000,177497000,177498000,2,-1
12474,chr5,177006109,177006275,177497306,177497479,EH38E3681537,EH38E3682020,177006000,177007000,177497000,177498000,2,-1
12475,chr5,177087075,177087425,177497306,177497479,EH38E2435322,EH38E3682020,177087000,177088000,177497000,177498000,1,-1
12476,chr5,177131459,177131696,177497306,177497479,EH38E3681641,EH38E3682020,177131000,177132000,177497000,177498000,1,-1
12477,chr5,177131709,177131871,177497306,177497479,EH38E2435367,EH38E3682020,177131000,177132000,177497000,177498000,1,-1
12478,chr5,177132476,177132716,177497306,177497479,EH38E3681643,EH38E3682020,177132000,177133000,177497000,177498000,1,-1
12479,chr5,177132740,177132890,177497306,177497479,EH38E3681644,EH38E3682020,177132000,177133000,177497000,177498000,1,-1
12480,chr5,177300251,177300600,177497306,177497479,EH38E2435465,EH38E3682020,177300000,177301000,177497000,177498000,2,-1
12481,chr5,177336178,177336518,177497306,177497479,EH38E2435510,EH38E3682020,177336000,177337000,177497000,177498000,1,-1
12482,chr5,177351293,177351476,177497306,177497479,EH38E3681787,EH38E3682020,177351000,177352000,177497000,177498000,4,-1
12483,chr5,177351765,177352061,177497306,177497479,EH38E3681789,EH38E3682020,177351000,177352000,177497000,177498000,4,-1
12484,chr5,177366725,177367004,177497306,177497479,EH38E3681815,EH38E3682020,177366000,177367000,177497000,177498000,5,-1
12485,chr5,177367060,177367408,177497306,177497479,EH38E3681816,EH38E3682020,177367000,177368000,177497000,177498000,5,-1
12486,chr5,177370475,177370678,177497306,177497479,EH38E3681823,EH38E3682020,177370000,177371000,177497000,177498000,8,-1
12487,chr5,177370711,177371058,177497306,177497479,EH38E2435557,EH38E3682020,177370000,177371000,177497000,177498000,8,-1
12488,chr5,177425947,177426189,177497306,177497479,EH38E2435603,EH38E3682020,177425000,177426000,177497000,177498000,4,-1
12489,chr5,177426284,177426634,177497306,177497479,EH38E3681886,EH38E3682020,177426000,177427000,177497000,177498000,2,-1
12490,chr5,177428079,177428312,177497306,177497479,EH38E3681888,EH38E3682020,177428000,177429000,177497000,177498000,5,-1
12491,chr5,177446407,177446587,177497306,177497479,EH38E2435646,EH38E3682020,177446000,177447000,177497000,177498000,7,-1
12492,chr5,177447036,177447376,177497306,177497479,EH38E3681932,EH38E3682020,177447000,177448000,177497000,177498000,4,-1
12493,chr5,177447885,177448234,177497306,177497479,EH38E3681934,EH38E3682020,177447000,177448000,177497000,177498000,4,-1
12494,chr5,177454179,177454382,177497306,177497479,EH38E3681946,EH38E3682020,177454000,177455000,177497000,177498000,17,-1
12495,chr5,177454492,177454838,177497306,177497479,EH38E3681947,EH38E3682020,177454000,177455000,177497000,177498000,17,-1
12496,chr5,177455104,177455265,177497306,177497479,EH38E3681948,EH38E3682020,177455000,177456000,177497000,177498000,16,-1
12497,chr5,177455314,177455662,177497306,177497479,EH38E3681949,EH38E3682020,177455000,177456000,177497000,177498000,16,-1
12498,chr5,177455691,177455947,177497306,177497479,EH38E3681950,EH38E3682020,177455000,177456000,177497000,177498000,16,-1
12499,chr5,177456127,177456302,177497306,177497479,EH38E3681951,EH38E3682020,177456000,177457000,177497000,177498000,9,-1
12500,chr5,177456336,177456686,177497306,177497479,EH38E3681952,EH38E3682020,177456000,177457000,177497000,177498000,9,-1
12501,chr5,177456725,177456910,177497306,177497479,EH38E3681953,EH38E3682020,177456000,177457000,177497000,177498000,9,-1
12502,chr5,177457623,177457956,177497306,177497479,EH38E3681954,EH38E3682020,177457000,177458000,177497000,177498000,11,-1
12503,chr5,177458088,177458239,177497306,177497479,EH38E3681955,EH38E3682020,177458000,177459000,177497000,177498000,12,-1
12504,chr5,177468757,177469034,177497306,177497479,EH38E3681968,EH38E3682020,177468000,177469000,177497000,177498000,9,-1
12505,chr5,177469207,177469547,177497306,177497479,EH38E3681969,EH38E3682020,177469000,177470000,177497000,177498000,11,-1
12506,chr5,177472430,177472703,177497306,177497479,EH38E3681975,EH38E3682020,177472000,177473000,177497000,177498000,20,-1
12507,chr5,177472727,177473068,177497306,177497479,EH38E3681976,EH38E3682020,177472000,177473000,177497000,177498000,20,-1
12508,chr5,177485349,177485612,177497306,177497479,EH38E3681998,EH38E3682020,177485000,177486000,177497000,177498000,11,-1
12509,chr5,177494325,177494572,177497306,177497479,EH38E2435729,EH38E3682020,177494000,177495000,177497000,177498000,57,-1
12510,chr5,177495205,177495375,177497306,177497479,EH38E3682014,EH38E3682020,177495000,177496000,177497000,177498000,132,-1
12511,chr5,177495450,177495774,177497306,177497479,EH38E3682015,EH38E3682020,177495000,177496000,177497000,177498000,132,-1
12512,chr5,177495775,177495949,177497306,177497479,EH38E3682016,EH38E3682020,177495000,177496000,177497000,177498000,132,-1
12513,chr5,177496125,177496421,177497306,177497479,EH38E3682017,EH38E3682020,177496000,177497000,177497000,177498000,289,-1
12514,chr5,177496572,177496741,177497306,177497479,EH38E3682018,EH38E3682020,177496000,177497000,177497000,177498000,289,-1
12515,chr5,177496798,177497141,177497306,177497479,EH38E3682019,EH38E3682020,177496000,177497000,177497000,177498000,289,-1
12516,chr5,177496798,177497141,177497306,177497479,EH38E3682019,EH38E3682020,177497000,177498000,177497000,177498000,451,-1
12517,chr5,177517337,177517499,177497306,177497479,EH38E3682049,EH38E3682020,177517000,177518000,177497000,177498000,6,-1
12518,chr5,177607407,177607754,177497306,177497479,EH38E3682132,EH38E3682020,177607000,177608000,177497000,177498000,2,-1
12519,chr5,177607834,177608171,177497306,177497479,EH38E2435839,EH38E3682020,177607000,177608000,177497000,177498000,2,-1
12520,chr5,177958812,177959162,177497306,177497479,EH38E3682190,EH38E3682020,177959000,177960000,177497000,177498000,1,-1
12521,chr5,178114056,178114221,177497306,177497479,EH38E3682259,EH38E3682020,178114000,178115000,177497000,177498000,1,-1
12522,chr5,178114221,178114571,177497306,177497479,EH38E3682260,EH38E3682020,178114000,178115000,177497000,177498000,1,-1
12523,chr5,178115831,178116002,177497306,177497479,EH38E3682264,EH38E3682020,178116000,178117000,177497000,177498000,1,-1
12524,chr5,178116042,178116356,177497306,177497479,EH38E3682265,EH38E3682020,178116000,178117000,177497000,177498000,1,-1
12525,chr5,178116362,178116563,177497306,177497479,EH38E3682266,EH38E3682020,178116000,178117000,177497000,177498000,1,-1
12526,chr5,178116578,178116927,177497306,177497479,EH38E3682267,EH38E3682020,178116000,178117000,177497000,177498000,1,-1
12527,chr5,178120959,178121307,177497306,177497479,EH38E3682279,EH38E3682020,178120000,178121000,177497000,177498000,1,-1
12528,chr5,178127260,178127608,177497306,177497479,EH38E3682293,EH38E3682020,178127000,178128000,177497000,177498000,1,-1
12529,chr5,178129439,178129636,177497306,177497479,EH38E3682295,EH38E3682020,178129000,178130000,177497000,177498000,1,-1
12530,chr5,178130568,178130786,177497306,177497479,EH38E3682298,EH38E3682020,178130000,178131000,177497000,177498000,1,-1
12531,chr5,178177578,178177927,177497306,177497479,EH38E3682329,EH38E3682020,178177000,178178000,177497000,177498000,1,-1
12532,chr5,178180119,178180415,177497306,177497479,EH38E3682331,EH38E3682020,178180000,178181000,177497000,177498000,1,-1
12533,chr5,178180524,178180852,177497306,177497479,EH38E3682332,EH38E3682020,178180000,178181000,177497000,177498000,1,-1
12534,chr5,178223734,178224084,177497306,177497479,EH38E3682376,EH38E3682020,178223000,178224000,177497000,177498000,1,-1
12535,chr5,178626351,178626700,177497306,177497479,EH38E2436401,EH38E3682020,178626000,178627000,177497000,177498000,1,-1
12536,chr5,179818948,179819291,177497306,177497479,EH38E2437136,EH38E3682020,179819000,179820000,177497000,177498000,1,-1
12537,chr5,179819459,179819808,177497306,177497479,EH38E3683607,EH38E3682020,179819000,179820000,177497000,177498000,1,-1
12538,chr5,179821082,179821309,177497306,177497479,EH38E3683612,EH38E3682020,179821000,179822000,177497000,177498000,1,-1
12539,chr5,179821336,179821615,177497306,177497479,EH38E3683613,EH38E3682020,179821000,179822000,177497000,177498000,1,-1
12540,chr5,179821617,179821966,177497306,177497479,EH38E3683614,EH38E3682020,179821000,179822000,177497000,177498000,1,-1
12541,chr5,180343062,180343340,177497306,177497479,EH38E2437523,EH38E3682020,180343000,180344000,177497000,177498000,1,-1
12542,chr5,180343390,180343591,177497306,177497479,EH38E2437524,EH38E3682020,180343000,180344000,177497000,177498000,1,-1
12543,chr5,180343744,180343902,177497306,177497479,EH38E2437525,EH38E3682020,180343000,180344000,177497000,177498000,1,-1
12544,chr5,176535748,176535923,177497535,177497884,EH38E3681094,EH38E2435738,176535000,176536000,177497000,177498000,2,-1
12545,chr5,176537073,176537230,177497535,177497884,EH38E3681096,EH38E2435738,176537000,176538000,177497000,177498000,2,-1
12546,chr5,176537797,176538147,177497535,177497884,EH38E3681098,EH38E2435738,176537000,176538000,177497000,177498000,2,-1
12547,chr5,176672225,176672528,177497535,177497884,EH38E3681256,EH38E2435738,176672000,176673000,177497000,177498000,1,-1
12548,chr5,177005760,177006106,177497535,177497884,EH38E3681536,EH38E2435738,177005000,177006000,177497000,177498000,2,-1
12549,chr5,177006109,177006275,177497535,177497884,EH38E3681537,EH38E2435738,177006000,177007000,177497000,177498000,2,-1
12550,chr5,177087075,177087425,177497535,177497884,EH38E2435322,EH38E2435738,177087000,177088000,177497000,177498000,1,-1
12551,chr5,177131459,177131696,177497535,177497884,EH38E3681641,EH38E2435738,177131000,177132000,177497000,177498000,1,-1
12552,chr5,177131709,177131871,177497535,177497884,EH38E2435367,EH38E2435738,177131000,177132000,177497000,177498000,1,-1
12553,chr5,177132476,177132716,177497535,177497884,EH38E3681643,EH38E2435738,177132000,177133000,177497000,177498000,1,-1
12554,chr5,177132740,177132890,177497535,177497884,EH38E3681644,EH38E2435738,177132000,177133000,177497000,177498000,1,-1
12555,chr5,177300251,177300600,177497535,177497884,EH38E2435465,EH38E2435738,177300000,177301000,177497000,177498000,2,-1
12556,chr5,177336178,177336518,177497535,177497884,EH38E2435510,EH38E2435738,177336000,177337000,177497000,177498000,1,-1
12557,chr5,177351293,177351476,177497535,177497884,EH38E3681787,EH38E2435738,177351000,177352000,177497000,177498000,4,-1
12558,chr5,177351765,177352061,177497535,177497884,EH38E3681789,EH38E2435738,177351000,177352000,177497000,177498000,4,-1
12559,chr5,177366725,177367004,177497535,177497884,EH38E3681815,EH38E2435738,177366000,177367000,177497000,177498000,5,-1
12560,chr5,177367060,177367408,177497535,177497884,EH38E3681816,EH38E2435738,177367000,177368000,177497000,177498000,5,-1
12561,chr5,177370475,177370678,177497535,177497884,EH38E3681823,EH38E2435738,177370000,177371000,177497000,177498000,8,-1
12562,chr5,177370711,177371058,177497535,177497884,EH38E2435557,EH38E2435738,177370000,177371000,177497000,177498000,8,-1
12563,chr5,177425947,177426189,177497535,177497884,EH38E2435603,EH38E2435738,177425000,177426000,177497000,177498000,4,-1
12564,chr5,177426284,177426634,177497535,177497884,EH38E3681886,EH38E2435738,177426000,177427000,177497000,177498000,2,-1
12565,chr5,177428079,177428312,177497535,177497884,EH38E3681888,EH38E2435738,177428000,177429000,177497000,177498000,5,-1
12566,chr5,177446407,177446587,177497535,177497884,EH38E2435646,EH38E2435738,177446000,177447000,177497000,177498000,7,-1
12567,chr5,177447036,177447376,177497535,177497884,EH38E3681932,EH38E2435738,177447000,177448000,177497000,177498000,4,-1
12568,chr5,177447885,177448234,177497535,177497884,EH38E3681934,EH38E2435738,177447000,177448000,177497000,177498000,4,-1
12569,chr5,177454179,177454382,177497535,177497884,EH38E3681946,EH38E2435738,177454000,177455000,177497000,177498000,17,-1
12570,chr5,177454492,177454838,177497535,177497884,EH38E3681947,EH38E2435738,177454000,177455000,177497000,177498000,17,-1
12571,chr5,177455104,177455265,177497535,177497884,EH38E3681948,EH38E2435738,177455000,177456000,177497000,177498000,16,-1
12572,chr5,177455314,177455662,177497535,177497884,EH38E3681949,EH38E2435738,177455000,177456000,177497000,177498000,16,-1
12573,chr5,177455691,177455947,177497535,177497884,EH38E3681950,EH38E2435738,177455000,177456000,177497000,177498000,16,-1
12574,chr5,177456127,177456302,177497535,177497884,EH38E3681951,EH38E2435738,177456000,177457000,177497000,177498000,9,-1
12575,chr5,177456336,177456686,177497535,177497884,EH38E3681952,EH38E2435738,177456000,177457000,177497000,177498000,9,-1
12576,chr5,177456725,177456910,177497535,177497884,EH38E3681953,EH38E2435738,177456000,177457000,177497000,177498000,9,-1
12577,chr5,177457623,177457956,177497535,177497884,EH38E3681954,EH38E2435738,177457000,177458000,177497000,177498000,11,-1
12578,chr5,177458088,177458239,177497535,177497884,EH38E3681955,EH38E2435738,177458000,177459000,177497000,177498000,12,-1
12579,chr5,177468757,177469034,177497535,177497884,EH38E3681968,EH38E2435738,177468000,177469000,177497000,177498000,9,-1
12580,chr5,177469207,177469547,177497535,177497884,EH38E3681969,EH38E2435738,177469000,177470000,177497000,177498000,11,-1
12581,chr5,177472430,177472703,177497535,177497884,EH38E3681975,EH38E2435738,177472000,177473000,177497000,177498000,20,-1
12582,chr5,177472727,177473068,177497535,177497884,EH38E3681976,EH38E2435738,177472000,177473000,177497000,177498000,20,-1
12583,chr5,177485349,177485612,177497535,177497884,EH38E3681998,EH38E2435738,177485000,177486000,177497000,177498000,11,-1
12584,chr5,177494325,177494572,177497535,177497884,EH38E2435729,EH38E2435738,177494000,177495000,177497000,177498000,57,-1
12585,chr5,177495205,177495375,177497535,177497884,EH38E3682014,EH38E2435738,177495000,177496000,177497000,177498000,132,-1
12586,chr5,177495450,177495774,177497535,177497884,EH38E3682015,EH38E2435738,177495000,177496000,177497000,177498000,132,-1
12587,chr5,177495775,177495949,177497535,177497884,EH38E3682016,EH38E2435738,177495000,177496000,177497000,177498000,132,-1
12588,chr5,177496125,177496421,177497535,177497884,EH38E3682017,EH38E2435738,177496000,177497000,177497000,177498000,289,-1
12589,chr5,177496572,177496741,177497535,177497884,EH38E3682018,EH38E2435738,177496000,177497000,177497000,177498000,289,-1
12590,chr5,177496798,177497141,177497535,177497884,EH38E3682019,EH38E2435738,177496000,177497000,177497000,177498000,289,-1
12591,chr5,177496798,177497141,177497535,177497884,EH38E3682019,EH38E2435738,177497000,177498000,177497000,177498000,451,-1
12592,chr5,177517337,177517499,177497535,177497884,EH38E3682049,EH38E2435738,177517000,177518000,177497000,177498000,6,-1
12593,chr5,177607407,177607754,177497535,177497884,EH38E3682132,EH38E2435738,177607000,177608000,177497000,177498000,2,-1
12594,chr5,177607834,177608171,177497535,177497884,EH38E2435839,EH38E2435738,177607000,177608000,177497000,177498000,2,-1
12595,chr5,177958812,177959162,177497535,177497884,EH38E3682190,EH38E2435738,177959000,177960000,177497000,177498000,1,-1
12596,chr5,178114056,178114221,177497535,177497884,EH38E3682259,EH38E2435738,178114000,178115000,177497000,177498000,1,-1
12597,chr5,178114221,178114571,177497535,177497884,EH38E3682260,EH38E2435738,178114000,178115000,177497000,177498000,1,-1
12598,chr5,178115831,178116002,177497535,177497884,EH38E3682264,EH38E2435738,178116000,178117000,177497000,177498000,1,-1
12599,chr5,178116042,178116356,177497535,177497884,EH38E3682265,EH38E2435738,178116000,178117000,177497000,177498000,1,-1
12600,chr5,178116362,178116563,177497535,177497884,EH38E3682266,EH38E2435738,178116000,178117000,177497000,177498000,1,-1
12601,chr5,178116578,178116927,177497535,177497884,EH38E3682267,EH38E2435738,178116000,178117000,177497000,177498000,1,-1
12602,chr5,178120959,178121307,177497535,177497884,EH38E3682279,EH38E2435738,178120000,178121000,177497000,177498000,1,-1
12603,chr5,178127260,178127608,177497535,177497884,EH38E3682293,EH38E2435738,178127000,178128000,177497000,177498000,1,-1
12604,chr5,178129439,178129636,177497535,177497884,EH38E3682295,EH38E2435738,178129000,178130000,177497000,177498000,1,-1
12605,chr5,178130568,178130786,177497535,177497884,EH38E3682298,EH38E2435738,178130000,178131000,177497000,177498000,1,-1
12606,chr5,178177578,178177927,177497535,177497884,EH38E3682329,EH38E2435738,178177000,178178000,177497000,177498000,1,-1
12607,chr5,178180119,178180415,177497535,177497884,EH38E3682331,EH38E2435738,178180000,178181000,177497000,177498000,1,-1
12608,chr5,178180524,178180852,177497535,177497884,EH38E3682332,EH38E2435738,178180000,178181000,177497000,177498000,1,-1
12609,chr5,178223734,178224084,177497535,177497884,EH38E3682376,EH38E2435738,178223000,178224000,177497000,177498000,1,-1
12610,chr5,178626351,178626700,177497535,177497884,EH38E2436401,EH38E2435738,178626000,178627000,177497000,177498000,1,-1
12611,chr5,179818948,179819291,177497535,177497884,EH38E2437136,EH38E2435738,179819000,179820000,177497000,177498000,1,-1
12612,chr5,179819459,179819808,177497535,177497884,EH38E3683607,EH38E2435738,179819000,179820000,177497000,177498000,1,-1
12613,chr5,179821082,179821309,177497535,177497884,EH38E3683612,EH38E2435738,179821000,179822000,177497000,177498000,1,-1
12614,chr5,179821336,179821615,177497535,177497884,EH38E3683613,EH38E2435738,179821000,179822000,177497000,177498000,1,-1
12615,chr5,179821617,179821966,177497535,177497884,EH38E3683614,EH38E2435738,179821000,179822000,177497000,177498000,1,-1
12616,chr5,180343062,180343340,177497535,177497884,EH38E2437523,EH38E2435738,180343000,180344000,177497000,177498000,1,-1
12617,chr5,180343390,180343591,177497535,177497884,EH38E2437524,EH38E2435738,180343000,180344000,177497000,177498000,1,-1
12618,chr5,180343744,180343902,177497535,177497884,EH38E2437525,EH38E2435738,180343000,180344000,177497000,177498000,1,-1
12619,chr5,176943864,176944186,177516949,177517298,EH38E3681512,EH38E3682048,176944000,176945000,177516000,177517000,1,-1
12620,chr5,177022897,177023127,177516949,177517298,EH38E3681551,EH38E3682048,177022000,177023000,177516000,177517000,1,-1
12621,chr5,177131459,177131696,177516949,177517298,EH38E3681641,EH38E3682048,177131000,177132000,177516000,177517000,1,-1
12622,chr5,177131709,177131871,177516949,177517298,EH38E2435367,EH38E3682048,177131000,177132000,177516000,177517000,1,-1
12623,chr5,177132476,177132716,177516949,177517298,EH38E3681643,EH38E3682048,177132000,177133000,177516000,177517000,1,-1
12624,chr5,177132740,177132890,177516949,177517298,EH38E3681644,EH38E3682048,177132000,177133000,177516000,177517000,1,-1
12625,chr5,177300251,177300600,177516949,177517298,EH38E2435465,EH38E3682048,177300000,177301000,177516000,177517000,3,-1
12626,chr5,177366725,177367004,177516949,177517298,EH38E3681815,EH38E3682048,177366000,177367000,177516000,177517000,4,-1
12627,chr5,177370475,177370678,177516949,177517298,EH38E3681823,EH38E3682048,177370000,177371000,177516000,177517000,6,-1
12628,chr5,177370711,177371058,177516949,177517298,EH38E2435557,EH38E3682048,177370000,177371000,177516000,177517000,6,-1
12629,chr5,177425947,177426189,177516949,177517298,EH38E2435603,EH38E3682048,177425000,177426000,177516000,177517000,6,-1
12630,chr5,177426284,177426634,177516949,177517298,EH38E3681886,EH38E3682048,177426000,177427000,177516000,177517000,3,-1
12631,chr5,177428079,177428312,177516949,177517298,EH38E3681888,EH38E3682048,177428000,177429000,177516000,177517000,2,-1
12632,chr5,177446407,177446587,177516949,177517298,EH38E2435646,EH38E3682048,177446000,177447000,177516000,177517000,6,-1
12633,chr5,177447036,177447376,177516949,177517298,EH38E3681932,EH38E3682048,177447000,177448000,177516000,177517000,5,-1
12634,chr5,177447885,177448234,177516949,177517298,EH38E3681934,EH38E3682048,177447000,177448000,177516000,177517000,5,-1
12635,chr5,177454179,177454382,177516949,177517298,EH38E3681946,EH38E3682048,177454000,177455000,177516000,177517000,8,-1
12636,chr5,177454492,177454838,177516949,177517298,EH38E3681947,EH38E3682048,177454000,177455000,177516000,177517000,8,-1
12637,chr5,177455104,177455265,177516949,177517298,EH38E3681948,EH38E3682048,177455000,177456000,177516000,177517000,7,-1
12638,chr5,177455314,177455662,177516949,177517298,EH38E3681949,EH38E3682048,177455000,177456000,177516000,177517000,7,-1
12639,chr5,177455691,177455947,177516949,177517298,EH38E3681950,EH38E3682048,177455000,177456000,177516000,177517000,7,-1
12640,chr5,177456127,177456302,177516949,177517298,EH38E3681951,EH38E3682048,177456000,177457000,177516000,177517000,7,-1
12641,chr5,177456336,177456686,177516949,177517298,EH38E3681952,EH38E3682048,177456000,177457000,177516000,177517000,7,-1
12642,chr5,177456725,177456910,177516949,177517298,EH38E3681953,EH38E3682048,177456000,177457000,177516000,177517000,7,-1
12643,chr5,177457623,177457956,177516949,177517298,EH38E3681954,EH38E3682048,177457000,177458000,177516000,177517000,7,-1
12644,chr5,177458088,177458239,177516949,177517298,EH38E3681955,EH38E3682048,177458000,177459000,177516000,177517000,10,-1
12645,chr5,177468757,177469034,177516949,177517298,EH38E3681968,EH38E3682048,177468000,177469000,177516000,177517000,8,-1
12646,chr5,177469207,177469547,177516949,177517298,EH38E3681969,EH38E3682048,177469000,177470000,177516000,177517000,10,-1
12647,chr5,177472430,177472703,177516949,177517298,EH38E3681975,EH38E3682048,177472000,177473000,177516000,177517000,10,-1
12648,chr5,177472727,177473068,177516949,177517298,EH38E3681976,EH38E3682048,177472000,177473000,177516000,177517000,10,-1
12649,chr5,177485349,177485612,177516949,177517298,EH38E3681998,EH38E3682048,177485000,177486000,177516000,177517000,13,-1
12650,chr5,177494325,177494572,177516949,177517298,EH38E2435729,EH38E3682048,177494000,177495000,177516000,177517000,13,-1
12651,chr5,177495205,177495375,177516949,177517298,EH38E3682014,EH38E3682048,177495000,177496000,177516000,177517000,24,-1
12652,chr5,177495450,177495774,177516949,177517298,EH38E3682015,EH38E3682048,177495000,177496000,177516000,177517000,24,-1
12653,chr5,177495775,177495949,177516949,177517298,EH38E3682016,EH38E3682048,177495000,177496000,177516000,177517000,24,-1
12654,chr5,177496125,177496421,177516949,177517298,EH38E3682017,EH38E3682048,177496000,177497000,177516000,177517000,17,-1
12655,chr5,177496572,177496741,177516949,177517298,EH38E3682018,EH38E3682048,177496000,177497000,177516000,177517000,17,-1
12656,chr5,177496798,177497141,177516949,177517298,EH38E3682019,EH38E3682048,177496000,177497000,177516000,177517000,17,-1
12657,chr5,177607407,177607754,177516949,177517298,EH38E3682132,EH38E3682048,177607000,177608000,177516000,177517000,9,-1
12658,chr5,177607834,177608171,177516949,177517298,EH38E2435839,EH38E3682048,177607000,177608000,177516000,177517000,9,-1
12659,chr5,178114056,178114221,177516949,177517298,EH38E3682259,EH38E3682048,178114000,178115000,177516000,177517000,2,-1
12660,chr5,178114221,178114571,177516949,177517298,EH38E3682260,EH38E3682048,178114000,178115000,177516000,177517000,2,-1
12661,chr5,178115831,178116002,177516949,177517298,EH38E3682264,EH38E3682048,178116000,178117000,177516000,177517000,1,-1
12662,chr5,178116042,178116356,177516949,177517298,EH38E3682265,EH38E3682048,178116000,178117000,177516000,177517000,1,-1
12663,chr5,178116362,178116563,177516949,177517298,EH38E3682266,EH38E3682048,178116000,178117000,177516000,177517000,1,-1
12664,chr5,178116578,178116927,177516949,177517298,EH38E3682267,EH38E3682048,178116000,178117000,177516000,177517000,1,-1
12665,chr5,178120959,178121307,177516949,177517298,EH38E3682279,EH38E3682048,178120000,178121000,177516000,177517000,1,-1
12666,chr5,178126597,178126935,177516949,177517298,EH38E2435947,EH38E3682048,178126000,178127000,177516000,177517000,1,-1
12667,chr5,178130568,178130786,177516949,177517298,EH38E3682298,EH38E3682048,178130000,178131000,177516000,177517000,1,-1
12668,chr5,178177578,178177927,177516949,177517298,EH38E3682329,EH38E3682048,178177000,178178000,177516000,177517000,1,-1
12669,chr5,178180119,178180415,177516949,177517298,EH38E3682331,EH38E3682048,178180000,178181000,177516000,177517000,1,-1
12670,chr5,178180524,178180852,177516949,177517298,EH38E3682332,EH38E3682048,178180000,178181000,177516000,177517000,1,-1
12671,chr5,178232101,178232313,177516949,177517298,EH38E2436048,EH38E3682048,178232000,178233000,177516000,177517000,1,-1
12672,chr5,178627351,178627515,177516949,177517298,EH38E3682818,EH38E3682048,178627000,178628000,177516000,177517000,1,-1
12673,chr5,179558958,179559264,177516949,177517298,EH38E3683384,EH38E3682048,179558000,179559000,177516000,177517000,1,-1
12674,chr5,176536540,176536872,177516949,177517298,EH38E3681095,EH38E3682048,176536000,176537000,177517000,177518000,2,-1
12675,chr5,177005760,177006106,177516949,177517298,EH38E3681536,EH38E3682048,177006000,177007000,177517000,177518000,1,-1
12676,chr5,177006109,177006275,177516949,177517298,EH38E3681537,EH38E3682048,177006000,177007000,177517000,177518000,1,-1
12677,chr5,177336178,177336518,177516949,177517298,EH38E2435510,EH38E3682048,177336000,177337000,177517000,177518000,2,-1
12678,chr5,177351293,177351476,177516949,177517298,EH38E3681787,EH38E3682048,177351000,177352000,177517000,177518000,2,-1
12679,chr5,177351765,177352061,177516949,177517298,EH38E3681789,EH38E3682048,177351000,177352000,177517000,177518000,2,-1
12680,chr5,177367060,177367408,177516949,177517298,EH38E3681816,EH38E3682048,177367000,177368000,177517000,177518000,2,-1
12681,chr5,177517337,177517499,177516949,177517298,EH38E3682049,EH38E3682048,177517000,177518000,177517000,177518000,324,-1
12682,chr5,177599717,177599874,177516949,177517298,EH38E3682121,EH38E3682048,177599000,177600000,177517000,177518000,6,-1
12683,chr5,178115212,178115557,177516949,177517298,EH38E3682263,EH38E3682048,178115000,178116000,177517000,177518000,1,-1
12684,chr5,178115566,178115780,177516949,177517298,EH38E2435929,EH38E3682048,178115000,178116000,177517000,177518000,1,-1
12685,chr5,179559876,179560137,177516949,177517298,EH38E3683386,EH38E3682048,179559000,179560000,177517000,177518000,2,-1
12686,chr5,179679100,179679438,177516949,177517298,EH38E3683451,EH38E3682048,179679000,179680000,177517000,177518000,1,-1
12687,chr5,179763240,179763580,177516949,177517298,EH38E2437060,EH38E3682048,179763000,179764000,177517000,177518000,1,-1
12688,chr5,177005760,177006106,177554450,177554800,EH38E3681536,EH38E3682090,177005000,177006000,177554000,177555000,3,-1
12689,chr5,177300251,177300600,177554450,177554800,EH38E2435465,EH38E3682090,177300000,177301000,177554000,177555000,2,-1
12690,chr5,177351293,177351476,177554450,177554800,EH38E3681787,EH38E3682090,177351000,177352000,177554000,177555000,1,-1
12691,chr5,177351765,177352061,177554450,177554800,EH38E3681789,EH38E3682090,177351000,177352000,177554000,177555000,1,-1
12692,chr5,177366725,177367004,177554450,177554800,EH38E3681815,EH38E3682090,177367000,177368000,177554000,177555000,1,-1
12693,chr5,177367060,177367408,177554450,177554800,EH38E3681816,EH38E3682090,177367000,177368000,177554000,177555000,1,-1
12694,chr5,177370475,177370678,177554450,177554800,EH38E3681823,EH38E3682090,177370000,177371000,177554000,177555000,1,-1
12695,chr5,177370711,177371058,177554450,177554800,EH38E2435557,EH38E3682090,177370000,177371000,177554000,177555000,1,-1
12696,chr5,177425947,177426189,177554450,177554800,EH38E2435603,EH38E3682090,177426000,177427000,177554000,177555000,2,-1
12697,chr5,177426284,177426634,177554450,177554800,EH38E3681886,EH38E3682090,177426000,177427000,177554000,177555000,2,-1
12698,chr5,177428079,177428312,177554450,177554800,EH38E3681888,EH38E3682090,177428000,177429000,177554000,177555000,1,-1
12699,chr5,177446407,177446587,177554450,177554800,EH38E2435646,EH38E3682090,177446000,177447000,177554000,177555000,1,-1
12700,chr5,177454179,177454382,177554450,177554800,EH38E3681946,EH38E3682090,177454000,177455000,177554000,177555000,2,-1
12701,chr5,177454492,177454838,177554450,177554800,EH38E3681947,EH38E3682090,177454000,177455000,177554000,177555000,2,-1
12702,chr5,177455104,177455265,177554450,177554800,EH38E3681948,EH38E3682090,177455000,177456000,177554000,177555000,2,-1
12703,chr5,177455314,177455662,177554450,177554800,EH38E3681949,EH38E3682090,177455000,177456000,177554000,177555000,2,-1
12704,chr5,177455691,177455947,177554450,177554800,EH38E3681950,EH38E3682090,177455000,177456000,177554000,177555000,2,-1
12705,chr5,177456127,177456302,177554450,177554800,EH38E3681951,EH38E3682090,177456000,177457000,177554000,177555000,1,-1
12706,chr5,177456336,177456686,177554450,177554800,EH38E3681952,EH38E3682090,177456000,177457000,177554000,177555000,1,-1
12707,chr5,177456725,177456910,177554450,177554800,EH38E3681953,EH38E3682090,177456000,177457000,177554000,177555000,1,-1
12708,chr5,177458088,177458239,177554450,177554800,EH38E3681955,EH38E3682090,177458000,177459000,177554000,177555000,1,-1
12709,chr5,177468757,177469034,177554450,177554800,EH38E3681968,EH38E3682090,177468000,177469000,177554000,177555000,1,-1
12710,chr5,177472430,177472703,177554450,177554800,EH38E3681975,EH38E3682090,177472000,177473000,177554000,177555000,5,-1
12711,chr5,177472727,177473068,177554450,177554800,EH38E3681976,EH38E3682090,177472000,177473000,177554000,177555000,5,-1
12712,chr5,177485349,177485612,177554450,177554800,EH38E3681998,EH38E3682090,177485000,177486000,177554000,177555000,1,-1
12713,chr5,177494325,177494572,177554450,177554800,EH38E2435729,EH38E3682090,177494000,177495000,177554000,177555000,2,-1
12714,chr5,177495205,177495375,177554450,177554800,EH38E3682014,EH38E3682090,177495000,177496000,177554000,177555000,3,-1
12715,chr5,177495450,177495774,177554450,177554800,EH38E3682015,EH38E3682090,177495000,177496000,177554000,177555000,3,-1
12716,chr5,177495775,177495949,177554450,177554800,EH38E3682016,EH38E3682090,177495000,177496000,177554000,177555000,3,-1
12717,chr5,177496125,177496421,177554450,177554800,EH38E3682017,EH38E3682090,177496000,177497000,177554000,177555000,2,-1
12718,chr5,177496572,177496741,177554450,177554800,EH38E3682018,EH38E3682090,177496000,177497000,177554000,177555000,2,-1
12719,chr5,177496798,177497141,177554450,177554800,EH38E3682019,EH38E3682090,177496000,177497000,177554000,177555000,2,-1
12720,chr5,177517337,177517499,177554450,177554800,EH38E3682049,EH38E3682090,177517000,177518000,177554000,177555000,6,-1
12721,chr5,177599717,177599874,177554450,177554800,EH38E3682121,EH38E3682090,177599000,177600000,177554000,177555000,2,-1
12722,chr5,177607407,177607754,177554450,177554800,EH38E3682132,EH38E3682090,177607000,177608000,177554000,177555000,6,-1
12723,chr5,177607834,177608171,177554450,177554800,EH38E2435839,EH38E3682090,177607000,177608000,177554000,177555000,6,-1
12724,chr5,178114056,178114221,177554450,177554800,EH38E3682259,EH38E3682090,178114000,178115000,177554000,177555000,1,-1
12725,chr5,178114221,178114571,177554450,177554800,EH38E3682260,EH38E3682090,178114000,178115000,177554000,177555000,1,-1
12726,chr5,178115831,178116002,177554450,177554800,EH38E3682264,EH38E3682090,178116000,178117000,177554000,177555000,1,-1
12727,chr5,178116042,178116356,177554450,177554800,EH38E3682265,EH38E3682090,178116000,178117000,177554000,177555000,1,-1
12728,chr5,178116362,178116563,177554450,177554800,EH38E3682266,EH38E3682090,178116000,178117000,177554000,177555000,1,-1
12729,chr5,178116578,178116927,177554450,177554800,EH38E3682267,EH38E3682090,178116000,178117000,177554000,177555000,1,-1
12730,chr5,178223734,178224084,177554450,177554800,EH38E3682376,EH38E3682090,178223000,178224000,177554000,177555000,1,-1
12731,chr5,179549803,179550104,177554450,177554800,EH38E3683374,EH38E3682090,179549000,179550000,177554000,177555000,1,-1
12732,chr5,179679100,179679438,177554450,177554800,EH38E3683451,EH38E3682090,179679000,179680000,177554000,177555000,1,-1
12733,chr5,179821082,179821309,177554450,177554800,EH38E3683612,EH38E3682090,179821000,179822000,177554000,177555000,1,-1
12734,chr5,179821336,179821615,177554450,177554800,EH38E3683613,EH38E3682090,179821000,179822000,177554000,177555000,1,-1
12735,chr5,179821617,179821966,177554450,177554800,EH38E3683614,EH38E3682090,179821000,179822000,177554000,177555000,1,-1
12736,chr5,177022897,177023127,177591981,177592329,EH38E3681551,EH38E3682107,177023000,177024000,177591000,177592000,1,-1
12737,chr5,177336178,177336518,177591981,177592329,EH38E2435510,EH38E3682107,177336000,177337000,177591000,177592000,2,-1
12738,chr5,177426284,177426634,177591981,177592329,EH38E3681886,EH38E3682107,177426000,177427000,177591000,177592000,1,-1
12739,chr5,177447036,177447376,177591981,177592329,EH38E3681932,EH38E3682107,177447000,177448000,177591000,177592000,1,-1
12740,chr5,177447885,177448234,177591981,177592329,EH38E3681934,EH38E3682107,177447000,177448000,177591000,177592000,1,-1
12741,chr5,177457623,177457956,177591981,177592329,EH38E3681954,EH38E3682107,177457000,177458000,177591000,177592000,1,-1
12742,chr5,177472727,177473068,177591981,177592329,EH38E3681976,EH38E3682107,177473000,177474000,177591000,177592000,1,-1
12743,chr5,178115212,178115557,177591981,177592329,EH38E3682263,EH38E3682107,178115000,178116000,177591000,177592000,1,-1
12744,chr5,178115566,178115780,177591981,177592329,EH38E2435929,EH38E3682107,178115000,178116000,177591000,177592000,1,-1
12745,chr5,178115831,178116002,177591981,177592329,EH38E3682264,EH38E3682107,178115000,178116000,177591000,177592000,1,-1
12746,chr5,178116042,178116356,177591981,177592329,EH38E3682265,EH38E3682107,178116000,178117000,177591000,177592000,1,-1
12747,chr5,178116362,178116563,177591981,177592329,EH38E3682266,EH38E3682107,178116000,178117000,177591000,177592000,1,-1
12748,chr5,178116578,178116927,177591981,177592329,EH38E3682267,EH38E3682107,178116000,178117000,177591000,177592000,1,-1
12749,chr5,177005760,177006106,177591981,177592329,EH38E3681536,EH38E3682107,177005000,177006000,177592000,177593000,1,-1
12750,chr5,177132476,177132716,177591981,177592329,EH38E3681643,EH38E3682107,177132000,177133000,177592000,177593000,1,-1
12751,chr5,177132740,177132890,177591981,177592329,EH38E3681644,EH38E3682107,177132000,177133000,177592000,177593000,1,-1
12752,chr5,177366725,177367004,177591981,177592329,EH38E3681815,EH38E3682107,177366000,177367000,177592000,177593000,1,-1
12753,chr5,177425947,177426189,177591981,177592329,EH38E2435603,EH38E3682107,177425000,177426000,177592000,177593000,3,-1
12754,chr5,177446407,177446587,177591981,177592329,EH38E2435646,EH38E3682107,177446000,177447000,177592000,177593000,2,-1
12755,chr5,177454179,177454382,177591981,177592329,EH38E3681946,EH38E3682107,177454000,177455000,177592000,177593000,2,-1
12756,chr5,177454492,177454838,177591981,177592329,EH38E3681947,EH38E3682107,177454000,177455000,177592000,177593000,2,-1
12757,chr5,177455104,177455265,177591981,177592329,EH38E3681948,EH38E3682107,177455000,177456000,177592000,177593000,2,-1
12758,chr5,177455314,177455662,177591981,177592329,EH38E3681949,EH38E3682107,177455000,177456000,177592000,177593000,2,-1
12759,chr5,177455691,177455947,177591981,177592329,EH38E3681950,EH38E3682107,177455000,177456000,177592000,177593000,2,-1
12760,chr5,177456127,177456302,177591981,177592329,EH38E3681951,EH38E3682107,177456000,177457000,177592000,177593000,2,-1
12761,chr5,177456336,177456686,177591981,177592329,EH38E3681952,EH38E3682107,177456000,177457000,177592000,177593000,2,-1
12762,chr5,177456725,177456910,177591981,177592329,EH38E3681953,EH38E3682107,177456000,177457000,177592000,177593000,2,-1
12763,chr5,177458088,177458239,177591981,177592329,EH38E3681955,EH38E3682107,177458000,177459000,177592000,177593000,2,-1
12764,chr5,177468757,177469034,177591981,177592329,EH38E3681968,EH38E3682107,177469000,177470000,177592000,177593000,2,-1
12765,chr5,177469207,177469547,177591981,177592329,EH38E3681969,EH38E3682107,177469000,177470000,177592000,177593000,2,-1
12766,chr5,177485349,177485612,177591981,177592329,EH38E3681998,EH38E3682107,177485000,177486000,177592000,177593000,1,-1
12767,chr5,177494325,177494572,177591981,177592329,EH38E2435729,EH38E3682107,177494000,177495000,177592000,177593000,6,-1
12768,chr5,177495205,177495375,177591981,177592329,EH38E3682014,EH38E3682107,177495000,177496000,177592000,177593000,3,-1
12769,chr5,177495450,177495774,177591981,177592329,EH38E3682015,EH38E3682107,177495000,177496000,177592000,177593000,3,-1
12770,chr5,177495775,177495949,177591981,177592329,EH38E3682016,EH38E3682107,177495000,177496000,177592000,177593000,3,-1
12771,chr5,177496125,177496421,177591981,177592329,EH38E3682017,EH38E3682107,177496000,177497000,177592000,177593000,3,-1
12772,chr5,177496572,177496741,177591981,177592329,EH38E3682018,EH38E3682107,177496000,177497000,177592000,177593000,3,-1
12773,chr5,177496798,177497141,177591981,177592329,EH38E3682019,EH38E3682107,177496000,177497000,177592000,177593000,3,-1
12774,chr5,177517337,177517499,177591981,177592329,EH38E3682049,EH38E3682107,177517000,177518000,177592000,177593000,3,-1
12775,chr5,177599717,177599874,177591981,177592329,EH38E3682121,EH38E3682107,177599000,177600000,177592000,177593000,41,-1
12776,chr5,177607407,177607754,177591981,177592329,EH38E3682132,EH38E3682107,177607000,177608000,177592000,177593000,22,-1
12777,chr5,177607834,177608171,177591981,177592329,EH38E2435839,EH38E3682107,177607000,177608000,177592000,177593000,22,-1
12778,chr5,177958812,177959162,177591981,177592329,EH38E3682190,EH38E3682107,177958000,177959000,177592000,177593000,1,-1
12779,chr5,178120959,178121307,177591981,177592329,EH38E3682279,EH38E3682107,178121000,178122000,177592000,177593000,1,-1
12780,chr5,178127260,178127608,177591981,177592329,EH38E3682293,EH38E3682107,178127000,178128000,177592000,177593000,1,-1
12781,chr5,178177578,178177927,177591981,177592329,EH38E3682329,EH38E3682107,178177000,178178000,177592000,177593000,1,-1
12782,chr5,178180119,178180415,177591981,177592329,EH38E3682331,EH38E3682107,178180000,178181000,177592000,177593000,3,-1
12783,chr5,178180524,178180852,177591981,177592329,EH38E3682332,EH38E3682107,178180000,178181000,177592000,177593000,3,-1
12784,chr5,178205250,178205512,177591981,177592329,EH38E3682350,EH38E3682107,178205000,178206000,177592000,177593000,2,-1
12785,chr5,179023966,179024167,177591981,177592329,EH38E3682985,EH38E3682107,179023000,179024000,177592000,177593000,1,-1
12786,chr5,179549803,179550104,177591981,177592329,EH38E3683374,EH38E3682107,179549000,179550000,177592000,177593000,1,-1
12787,chr5,179818948,179819291,177591981,177592329,EH38E2437136,EH38E3682107,179818000,179819000,177592000,177593000,1,-1
12788,chr5,176542807,176543154,177599924,177600269,EH38E3681106,EH38E3682122,176542000,176543000,177599000,177600000,1,-1
12789,chr5,176672225,176672528,177599924,177600269,EH38E3681256,EH38E3682122,176672000,176673000,177599000,177600000,1,-1
12790,chr5,177006109,177006275,177599924,177600269,EH38E3681537,EH38E3682122,177006000,177007000,177599000,177600000,1,-1
12791,chr5,177300251,177300600,177599924,177600269,EH38E2435465,EH38E3682122,177300000,177301000,177599000,177600000,1,-1
12792,chr5,177336178,177336518,177599924,177600269,EH38E2435510,EH38E3682122,177336000,177337000,177599000,177600000,1,-1
12793,chr5,177366725,177367004,177599924,177600269,EH38E3681815,EH38E3682122,177367000,177368000,177599000,177600000,3,-1
12794,chr5,177367060,177367408,177599924,177600269,EH38E3681816,EH38E3682122,177367000,177368000,177599000,177600000,3,-1
12795,chr5,177454179,177454382,177599924,177600269,EH38E3681946,EH38E3682122,177454000,177455000,177599000,177600000,3,-1
12796,chr5,177454492,177454838,177599924,177600269,EH38E3681947,EH38E3682122,177454000,177455000,177599000,177600000,3,-1
12797,chr5,177455104,177455265,177599924,177600269,EH38E3681948,EH38E3682122,177455000,177456000,177599000,177600000,1,-1
12798,chr5,177455314,177455662,177599924,177600269,EH38E3681949,EH38E3682122,177455000,177456000,177599000,177600000,1,-1
12799,chr5,177455691,177455947,177599924,177600269,EH38E3681950,EH38E3682122,177455000,177456000,177599000,177600000,1,-1
12800,chr5,177472430,177472703,177599924,177600269,EH38E3681975,EH38E3682122,177472000,177473000,177599000,177600000,1,-1
12801,chr5,177472727,177473068,177599924,177600269,EH38E3681976,EH38E3682122,177472000,177473000,177599000,177600000,1,-1
12802,chr5,177495205,177495375,177599924,177600269,EH38E3682014,EH38E3682122,177495000,177496000,177599000,177600000,2,-1
12803,chr5,177495450,177495774,177599924,177600269,EH38E3682015,EH38E3682122,177495000,177496000,177599000,177600000,2,-1
12804,chr5,177495775,177495949,177599924,177600269,EH38E3682016,EH38E3682122,177495000,177496000,177599000,177600000,2,-1
12805,chr5,177517337,177517499,177599924,177600269,EH38E3682049,EH38E3682122,177517000,177518000,177599000,177600000,6,-1
12806,chr5,177599717,177599874,177599924,177600269,EH38E3682121,EH38E3682122,177599000,177600000,177599000,177600000,321,-1
12807,chr5,177958812,177959162,177599924,177600269,EH38E3682190,EH38E3682122,177958000,177959000,177599000,177600000,2,-1
12808,chr5,178114056,178114221,177599924,177600269,EH38E3682259,EH38E3682122,178114000,178115000,177599000,177600000,1,-1
12809,chr5,178114221,178114571,177599924,177600269,EH38E3682260,EH38E3682122,178114000,178115000,177599000,177600000,1,-1
12810,chr5,178115212,178115557,177599924,177600269,EH38E3682263,EH38E3682122,178115000,178116000,177599000,177600000,1,-1
12811,chr5,178115566,178115780,177599924,177600269,EH38E2435929,EH38E3682122,178115000,178116000,177599000,177600000,1,-1
12812,chr5,178115831,178116002,177599924,177600269,EH38E3682264,EH38E3682122,178115000,178116000,177599000,177600000,1,-1
12813,chr5,178116042,178116356,177599924,177600269,EH38E3682265,EH38E3682122,178116000,178117000,177599000,177600000,2,-1
12814,chr5,178116362,178116563,177599924,177600269,EH38E3682266,EH38E3682122,178116000,178117000,177599000,177600000,2,-1
12815,chr5,178116578,178116927,177599924,177600269,EH38E3682267,EH38E3682122,178116000,178117000,177599000,177600000,2,-1
12816,chr5,178120959,178121307,177599924,177600269,EH38E3682279,EH38E3682122,178121000,178122000,177599000,177600000,1,-1
12817,chr5,178127260,178127608,177599924,177600269,EH38E3682293,EH38E3682122,178127000,178128000,177599000,177600000,1,-1
12818,chr5,178180119,178180415,177599924,177600269,EH38E3682331,EH38E3682122,178180000,178181000,177599000,177600000,1,-1
12819,chr5,178180524,178180852,177599924,177600269,EH38E3682332,EH38E3682122,178180000,178181000,177599000,177600000,1,-1
12820,chr5,178627351,178627515,177599924,177600269,EH38E3682818,EH38E3682122,178627000,178628000,177599000,177600000,1,-1
12821,chr5,179818948,179819291,177599924,177600269,EH38E2437136,EH38E3682122,179818000,179819000,177599000,177600000,1,-1
12822,chr5,177005760,177006106,177599924,177600269,EH38E3681536,EH38E3682122,177005000,177006000,177600000,177601000,1,-1
12823,chr5,177022897,177023127,177599924,177600269,EH38E3681551,EH38E3682122,177022000,177023000,177600000,177601000,1,-1
12824,chr5,177087075,177087425,177599924,177600269,EH38E2435322,EH38E3682122,177087000,177088000,177600000,177601000,1,-1
12825,chr5,177351293,177351476,177599924,177600269,EH38E3681787,EH38E3682122,177351000,177352000,177600000,177601000,2,-1
12826,chr5,177351765,177352061,177599924,177600269,EH38E3681789,EH38E3682122,177351000,177352000,177600000,177601000,2,-1
12827,chr5,177370475,177370678,177599924,177600269,EH38E3681823,EH38E3682122,177370000,177371000,177600000,177601000,2,-1
12828,chr5,177370711,177371058,177599924,177600269,EH38E2435557,EH38E3682122,177370000,177371000,177600000,177601000,2,-1
12829,chr5,177428079,177428312,177599924,177600269,EH38E3681888,EH38E3682122,177428000,177429000,177600000,177601000,1,-1
12830,chr5,177446407,177446587,177599924,177600269,EH38E2435646,EH38E3682122,177446000,177447000,177600000,177601000,1,-1
12831,chr5,177447036,177447376,177599924,177600269,EH38E3681932,EH38E3682122,177447000,177448000,177600000,177601000,3,-1
12832,chr5,177447885,177448234,177599924,177600269,EH38E3681934,EH38E3682122,177447000,177448000,177600000,177601000,3,-1
12833,chr5,177456127,177456302,177599924,177600269,EH38E3681951,EH38E3682122,177456000,177457000,177600000,177601000,4,-1
12834,chr5,177456336,177456686,177599924,177600269,EH38E3681952,EH38E3682122,177456000,177457000,177600000,177601000,4,-1
12835,chr5,177456725,177456910,177599924,177600269,EH38E3681953,EH38E3682122,177456000,177457000,177600000,177601000,4,-1
12836,chr5,177457623,177457956,177599924,177600269,EH38E3681954,EH38E3682122,177457000,177458000,177600000,177601000,2,-1
12837,chr5,177468757,177469034,177599924,177600269,EH38E3681968,EH38E3682122,177468000,177469000,177600000,177601000,1,-1
12838,chr5,177469207,177469547,177599924,177600269,EH38E3681969,EH38E3682122,177469000,177470000,177600000,177601000,2,-1
12839,chr5,177485349,177485612,177599924,177600269,EH38E3681998,EH38E3682122,177485000,177486000,177600000,177601000,2,-1
12840,chr5,177494325,177494572,177599924,177600269,EH38E2435729,EH38E3682122,177494000,177495000,177600000,177601000,3,-1
12841,chr5,177496125,177496421,177599924,177600269,EH38E3682017,EH38E3682122,177496000,177497000,177600000,177601000,3,-1
12842,chr5,177496572,177496741,177599924,177600269,EH38E3682018,EH38E3682122,177496000,177497000,177600000,177601000,3,-1
12843,chr5,177496798,177497141,177599924,177600269,EH38E3682019,EH38E3682122,177496000,177497000,177600000,177601000,3,-1
12844,chr5,177607407,177607754,177599924,177600269,EH38E3682132,EH38E3682122,177607000,177608000,177600000,177601000,55,-1
12845,chr5,177607834,177608171,177599924,177600269,EH38E2435839,EH38E3682122,177607000,177608000,177600000,177601000,55,-1
12846,chr5,178126597,178126935,177599924,177600269,EH38E2435947,EH38E3682122,178126000,178127000,177600000,177601000,1,-1
12847,chr5,178223734,178224084,177599924,177600269,EH38E3682376,EH38E3682122,178224000,178225000,177600000,177601000,1,-1
12848,chr5,179610375,179610584,177599924,177600269,EH38E3683409,EH38E3682122,179610000,179611000,177600000,177601000,1,-1
12849,chr5,179623326,179623549,177599924,177600269,EH38E3683429,EH38E3682122,179623000,179624000,177600000,177601000,1,-1
12850,chr5,180292555,180292904,177599924,177600269,EH38E3683997,EH38E3682122,180292000,180293000,177600000,177601000,1,-1
12851,chr5,180343062,180343340,177599924,177600269,EH38E2437523,EH38E3682122,180343000,180344000,177600000,177601000,1,-1
12852,chr5,180343390,180343591,177599924,177600269,EH38E2437524,EH38E3682122,180343000,180344000,177600000,177601000,1,-1
12853,chr5,180343744,180343902,177599924,177600269,EH38E2437525,EH38E3682122,180343000,180344000,177600000,177601000,1,-1
12854,chr5,177022897,177023127,178113326,178113673,EH38E3681551,EH38E3682257,177023000,177024000,178113000,178114000,1,-1
12855,chr5,177087075,177087425,178113326,178113673,EH38E2435322,EH38E3682257,177087000,177088000,178113000,178114000,1,-1
12856,chr5,177370475,177370678,178113326,178113673,EH38E3681823,EH38E3682257,177370000,177371000,178113000,178114000,2,-1
12857,chr5,177370711,177371058,178113326,178113673,EH38E2435557,EH38E3682257,177370000,177371000,178113000,178114000,2,-1
12858,chr5,177455104,177455265,178113326,178113673,EH38E3681948,EH38E3682257,177455000,177456000,178113000,178114000,2,-1
12859,chr5,177455314,177455662,178113326,178113673,EH38E3681949,EH38E3682257,177455000,177456000,178113000,178114000,2,-1
12860,chr5,177455691,177455947,178113326,178113673,EH38E3681950,EH38E3682257,177455000,177456000,178113000,178114000,2,-1
12861,chr5,177457623,177457956,178113326,178113673,EH38E3681954,EH38E3682257,177457000,177458000,178113000,178114000,1,-1
12862,chr5,177468757,177469034,178113326,178113673,EH38E3681968,EH38E3682257,177469000,177470000,178113000,178114000,2,-1
12863,chr5,177469207,177469547,178113326,178113673,EH38E3681969,EH38E3682257,177469000,177470000,178113000,178114000,2,-1
12864,chr5,177472727,177473068,178113326,178113673,EH38E3681976,EH38E3682257,177473000,177474000,178113000,178114000,1,-1
12865,chr5,177495205,177495375,178113326,178113673,EH38E3682014,EH38E3682257,177495000,177496000,178113000,178114000,1,-1
12866,chr5,177495450,177495774,178113326,178113673,EH38E3682015,EH38E3682257,177495000,177496000,178113000,178114000,1,-1
12867,chr5,177495775,177495949,178113326,178113673,EH38E3682016,EH38E3682257,177495000,177496000,178113000,178114000,1,-1
12868,chr5,177496125,177496421,178113326,178113673,EH38E3682017,EH38E3682257,177496000,177497000,178113000,178114000,1,-1
12869,chr5,177496572,177496741,178113326,178113673,EH38E3682018,EH38E3682257,177496000,177497000,178113000,178114000,1,-1
12870,chr5,177496798,177497141,178113326,178113673,EH38E3682019,EH38E3682257,177496000,177497000,178113000,178114000,1,-1
12871,chr5,177599717,177599874,178113326,178113673,EH38E3682121,EH38E3682257,177599000,177600000,178113000,178114000,1,-1
12872,chr5,177607407,177607754,178113326,178113673,EH38E3682132,EH38E3682257,177607000,177608000,178113000,178114000,1,-1
12873,chr5,177607834,177608171,178113326,178113673,EH38E2435839,EH38E3682257,177607000,177608000,178113000,178114000,1,-1
12874,chr5,177958812,177959162,178113326,178113673,EH38E3682190,EH38E3682257,177958000,177959000,178113000,178114000,2,-1
12875,chr5,178114056,178114221,178113326,178113673,EH38E3682259,EH38E3682257,178114000,178115000,178113000,178114000,552,-1
12876,chr5,178114221,178114571,178113326,178113673,EH38E3682260,EH38E3682257,178114000,178115000,178113000,178114000,552,-1
12877,chr5,178115212,178115557,178113326,178113673,EH38E3682263,EH38E3682257,178115000,178116000,178113000,178114000,151,-1
12878,chr5,178115566,178115780,178113326,178113673,EH38E2435929,EH38E3682257,178115000,178116000,178113000,178114000,151,-1
12879,chr5,178115831,178116002,178113326,178113673,EH38E3682264,EH38E3682257,178115000,178116000,178113000,178114000,151,-1
12880,chr5,178116042,178116356,178113326,178113673,EH38E3682265,EH38E3682257,178116000,178117000,178113000,178114000,61,-1
12881,chr5,178116362,178116563,178113326,178113673,EH38E3682266,EH38E3682257,178116000,178117000,178113000,178114000,61,-1
12882,chr5,178116578,178116927,178113326,178113673,EH38E3682267,EH38E3682257,178116000,178117000,178113000,178114000,61,-1
12883,chr5,178120959,178121307,178113326,178113673,EH38E3682279,EH38E3682257,178120000,178121000,178113000,178114000,38,-1
12884,chr5,178126597,178126935,178113326,178113673,EH38E2435947,EH38E3682257,178126000,178127000,178113000,178114000,10,-1
12885,chr5,178127260,178127608,178113326,178113673,EH38E3682293,EH38E3682257,178127000,178128000,178113000,178114000,15,-1
12886,chr5,178129439,178129636,178113326,178113673,EH38E3682295,EH38E3682257,178129000,178130000,178113000,178114000,24,-1
12887,chr5,178130568,178130786,178113326,178113673,EH38E3682298,EH38E3682257,178130000,178131000,178113000,178114000,18,-1
12888,chr5,178177578,178177927,178113326,178113673,EH38E3682329,EH38E3682257,178177000,178178000,178113000,178114000,4,-1
12889,chr5,178180119,178180415,178113326,178113673,EH38E3682331,EH38E3682257,178180000,178181000,178113000,178114000,1,-1
12890,chr5,178180524,178180852,178113326,178113673,EH38E3682332,EH38E3682257,178180000,178181000,178113000,178114000,1,-1
12891,chr5,178205250,178205512,178113326,178113673,EH38E3682350,EH38E3682257,178205000,178206000,178113000,178114000,3,-1
12892,chr5,178223734,178224084,178113326,178113673,EH38E3682376,EH38E3682257,178223000,178224000,178113000,178114000,3,-1
12893,chr5,178420446,178420785,178113326,178113673,EH38E3682622,EH38E3682257,178420000,178421000,178113000,178114000,1,-1
12894,chr5,178626351,178626700,178113326,178113673,EH38E2436401,EH38E3682257,178626000,178627000,178113000,178114000,1,-1
12895,chr5,179549803,179550104,178113326,178113673,EH38E3683374,EH38E3682257,179550000,179551000,178113000,178114000,1,-1
12896,chr5,179550674,179550989,178113326,178113673,EH38E3683377,EH38E3682257,179550000,179551000,178113000,178114000,1,-1
12897,chr5,179551000,179551207,178113326,178113673,EH38E3683378,EH38E3682257,179551000,179552000,178113000,178114000,1,-1
12898,chr5,179624025,179624275,178113326,178113673,EH38E3683431,EH38E3682257,179624000,179625000,178113000,178114000,1,-1
12899,chr5,179624870,179625191,178113326,178113673,EH38E3683433,EH38E3682257,179624000,179625000,178113000,178114000,1,-1
12900,chr5,176447451,176447637,178130795,178131138,EH38E3681034,EH38E3682299,176447000,176448000,178130000,178131000,1,-1
12901,chr5,176447740,176447942,178130795,178131138,EH38E3681035,EH38E3682299,176447000,176448000,178130000,178131000,1,-1
12902,chr5,177005760,177006106,178130795,178131138,EH38E3681536,EH38E3682299,177006000,177007000,178130000,178131000,1,-1
12903,chr5,177006109,177006275,178130795,178131138,EH38E3681537,EH38E3682299,177006000,177007000,178130000,178131000,1,-1
12904,chr5,177087075,177087425,178130795,178131138,EH38E2435322,EH38E3682299,177087000,177088000,178130000,178131000,1,-1
12905,chr5,177131459,177131696,178130795,178131138,EH38E3681641,EH38E3682299,177131000,177132000,178130000,178131000,1,-1
12906,chr5,177131709,177131871,178130795,178131138,EH38E2435367,EH38E3682299,177131000,177132000,178130000,178131000,1,-1
12907,chr5,177300251,177300600,178130795,178131138,EH38E2435465,EH38E3682299,177300000,177301000,178130000,178131000,1,-1
12908,chr5,177367060,177367408,178130795,178131138,EH38E3681816,EH38E3682299,177367000,177368000,178130000,178131000,1,-1
12909,chr5,177447036,177447376,178130795,178131138,EH38E3681932,EH38E3682299,177447000,177448000,178130000,178131000,1,-1
12910,chr5,177447885,177448234,178130795,178131138,EH38E3681934,EH38E3682299,177447000,177448000,178130000,178131000,1,-1
12911,chr5,177455104,177455265,178130795,178131138,EH38E3681948,EH38E3682299,177455000,177456000,178130000,178131000,2,-1
12912,chr5,177455314,177455662,178130795,178131138,EH38E3681949,EH38E3682299,177455000,177456000,178130000,178131000,2,-1
12913,chr5,177455691,177455947,178130795,178131138,EH38E3681950,EH38E3682299,177455000,177456000,178130000,178131000,2,-1
12914,chr5,177468757,177469034,178130795,178131138,EH38E3681968,EH38E3682299,177469000,177470000,178130000,178131000,1,-1
12915,chr5,177469207,177469547,178130795,178131138,EH38E3681969,EH38E3682299,177469000,177470000,178130000,178131000,1,-1
12916,chr5,177485349,177485612,178130795,178131138,EH38E3681998,EH38E3682299,177485000,177486000,178130000,178131000,1,-1
12917,chr5,177496798,177497141,178130795,178131138,EH38E3682019,EH38E3682299,177497000,177498000,178130000,178131000,1,-1
12918,chr5,177958812,177959162,178130795,178131138,EH38E3682190,EH38E3682299,177958000,177959000,178130000,178131000,1,-1
12919,chr5,178114056,178114221,178130795,178131138,EH38E3682259,EH38E3682299,178114000,178115000,178130000,178131000,35,-1
12920,chr5,178114221,178114571,178130795,178131138,EH38E3682260,EH38E3682299,178114000,178115000,178130000,178131000,35,-1
12921,chr5,178115212,178115557,178130795,178131138,EH38E3682263,EH38E3682299,178115000,178116000,178130000,178131000,29,-1
12922,chr5,178115566,178115780,178130795,178131138,EH38E2435929,EH38E3682299,178115000,178116000,178130000,178131000,29,-1
12923,chr5,178115831,178116002,178130795,178131138,EH38E3682264,EH38E3682299,178115000,178116000,178130000,178131000,29,-1
12924,chr5,178116042,178116356,178130795,178131138,EH38E3682265,EH38E3682299,178116000,178117000,178130000,178131000,21,-1
12925,chr5,178116362,178116563,178130795,178131138,EH38E3682266,EH38E3682299,178116000,178117000,178130000,178131000,21,-1
12926,chr5,178116578,178116927,178130795,178131138,EH38E3682267,EH38E3682299,178116000,178117000,178130000,178131000,21,-1
12927,chr5,178126597,178126935,178130795,178131138,EH38E2435947,EH38E3682299,178126000,178127000,178130000,178131000,27,-1
12928,chr5,178127260,178127608,178130795,178131138,EH38E3682293,EH38E3682299,178127000,178128000,178130000,178131000,70,-1
12929,chr5,178129439,178129636,178130795,178131138,EH38E3682295,EH38E3682299,178129000,178130000,178130000,178131000,249,-1
12930,chr5,178130568,178130786,178130795,178131138,EH38E3682298,EH38E3682299,178130000,178131000,178130000,178131000,382,-1
12931,chr5,178180119,178180415,178130795,178131138,EH38E3682331,EH38E3682299,178180000,178181000,178130000,178131000,2,-1
12932,chr5,178180524,178180852,178130795,178131138,EH38E3682332,EH38E3682299,178180000,178181000,178130000,178131000,2,-1
12933,chr5,178223734,178224084,178130795,178131138,EH38E3682376,EH38E3682299,178224000,178225000,178130000,178131000,1,-1
12934,chr5,178232101,178232313,178130795,178131138,EH38E2436048,EH38E3682299,178232000,178233000,178130000,178131000,1,-1
12935,chr5,178420446,178420785,178130795,178131138,EH38E3682622,EH38E3682299,178420000,178421000,178130000,178131000,1,-1
12936,chr5,178626351,178626700,178130795,178131138,EH38E2436401,EH38E3682299,178626000,178627000,178130000,178131000,1,-1
12937,chr5,178627351,178627515,178130795,178131138,EH38E3682818,EH38E3682299,178627000,178628000,178130000,178131000,1,-1
12938,chr5,179549803,179550104,178130795,178131138,EH38E3683374,EH38E3682299,179550000,179551000,178130000,178131000,1,-1
12939,chr5,179550674,179550989,178130795,178131138,EH38E3683377,EH38E3682299,179550000,179551000,178130000,178131000,1,-1
12940,chr5,179551000,179551207,178130795,178131138,EH38E3683378,EH38E3682299,179550000,179551000,178130000,178131000,1,-1
12941,chr5,180090246,180090398,178130795,178131138,EH38E3683847,EH38E3682299,180090000,180091000,178130000,178131000,1,-1
12942,chr5,180090414,180090761,178130795,178131138,EH38E3683848,EH38E3682299,180090000,180091000,178130000,178131000,1,-1
12943,chr5,177132476,177132716,178130795,178131138,EH38E3681643,EH38E3682299,177132000,177133000,178131000,178132000,1,-1
12944,chr5,177132740,177132890,178130795,178131138,EH38E3681644,EH38E3682299,177132000,177133000,178131000,178132000,1,-1
12945,chr5,177366725,177367004,178130795,178131138,EH38E3681815,EH38E3682299,177366000,177367000,178131000,178132000,1,-1
12946,chr5,177370475,177370678,178130795,178131138,EH38E3681823,EH38E3682299,177370000,177371000,178131000,178132000,1,-1
12947,chr5,177370711,177371058,178130795,178131138,EH38E2435557,EH38E3682299,177370000,177371000,178131000,178132000,1,-1
12948,chr5,177425947,177426189,178130795,178131138,EH38E2435603,EH38E3682299,177425000,177426000,178131000,178132000,1,-1
12949,chr5,177446407,177446587,178130795,178131138,EH38E2435646,EH38E3682299,177446000,177447000,178131000,178132000,2,-1
12950,chr5,177454179,177454382,178130795,178131138,EH38E3681946,EH38E3682299,177454000,177455000,178131000,178132000,2,-1
12951,chr5,177454492,177454838,178130795,178131138,EH38E3681947,EH38E3682299,177454000,177455000,178131000,178132000,2,-1
12952,chr5,177458088,177458239,178130795,178131138,EH38E3681955,EH38E3682299,177458000,177459000,178131000,178132000,1,-1
12953,chr5,177472430,177472703,178130795,178131138,EH38E3681975,EH38E3682299,177472000,177473000,178131000,178132000,1,-1
12954,chr5,177472727,177473068,178130795,178131138,EH38E3681976,EH38E3682299,177472000,177473000,178131000,178132000,1,-1
12955,chr5,177494325,177494572,178130795,178131138,EH38E2435729,EH38E3682299,177494000,177495000,178131000,178132000,2,-1
12956,chr5,177517337,177517499,178130795,178131138,EH38E3682049,EH38E3682299,177517000,177518000,178131000,178132000,1,-1
12957,chr5,177607407,177607754,178130795,178131138,EH38E3682132,EH38E3682299,177607000,177608000,178131000,178132000,2,-1
12958,chr5,177607834,177608171,178130795,178131138,EH38E2435839,EH38E3682299,177607000,177608000,178131000,178132000,2,-1
12959,chr5,178120959,178121307,178130795,178131138,EH38E3682279,EH38E3682299,178120000,178121000,178131000,178132000,28,-1
12960,chr5,178177578,178177927,178130795,178131138,EH38E3682329,EH38E3682299,178177000,178178000,178131000,178132000,2,-1
12961,chr5,179679100,179679438,178130795,178131138,EH38E3683451,EH38E3682299,179679000,179680000,178131000,178132000,1,-1
12962,chr5,180083080,180083412,178130795,178131138,EH38E2437348,EH38E3682299,180083000,180084000,178131000,178132000,1,-1
12963,chr5,177132476,177132716,178153863,178154212,EH38E3681643,EH38E3682318,177132000,177133000,178153000,178154000,3,-1
12964,chr5,177132740,177132890,178153863,178154212,EH38E3681644,EH38E3682318,177132000,177133000,178153000,178154000,3,-1
12965,chr5,177336178,177336518,178153863,178154212,EH38E2435510,EH38E3682318,177336000,177337000,178153000,178154000,1,-1
12966,chr5,177370475,177370678,178153863,178154212,EH38E3681823,EH38E3682318,177370000,177371000,178153000,178154000,1,-1
12967,chr5,177370711,177371058,178153863,178154212,EH38E2435557,EH38E3682318,177370000,177371000,178153000,178154000,1,-1
12968,chr5,177455104,177455265,178153863,178154212,EH38E3681948,EH38E3682318,177455000,177456000,178153000,178154000,1,-1
12969,chr5,177455314,177455662,178153863,178154212,EH38E3681949,EH38E3682318,177455000,177456000,178153000,178154000,1,-1
12970,chr5,177455691,177455947,178153863,178154212,EH38E3681950,EH38E3682318,177455000,177456000,178153000,178154000,1,-1
12971,chr5,177457623,177457956,178153863,178154212,EH38E3681954,EH38E3682318,177457000,177458000,178153000,178154000,2,-1
12972,chr5,177468757,177469034,178153863,178154212,EH38E3681968,EH38E3682318,177468000,177469000,178153000,178154000,1,-1
12973,chr5,177495205,177495375,178153863,178154212,EH38E3682014,EH38E3682318,177495000,177496000,178153000,178154000,2,-1
12974,chr5,177495450,177495774,178153863,178154212,EH38E3682015,EH38E3682318,177495000,177496000,178153000,178154000,2,-1
12975,chr5,177495775,177495949,178153863,178154212,EH38E3682016,EH38E3682318,177495000,177496000,178153000,178154000,2,-1
12976,chr5,177517337,177517499,178153863,178154212,EH38E3682049,EH38E3682318,177517000,177518000,178153000,178154000,1,-1
12977,chr5,177607407,177607754,178153863,178154212,EH38E3682132,EH38E3682318,177607000,177608000,178153000,178154000,1,-1
12978,chr5,177607834,177608171,178153863,178154212,EH38E2435839,EH38E3682318,177607000,177608000,178153000,178154000,1,-1
12979,chr5,177958812,177959162,178153863,178154212,EH38E3682190,EH38E3682318,177958000,177959000,178153000,178154000,2,-1
12980,chr5,178114056,178114221,178153863,178154212,EH38E3682259,EH38E3682318,178114000,178115000,178153000,178154000,13,-1
12981,chr5,178114221,178114571,178153863,178154212,EH38E3682260,EH38E3682318,178114000,178115000,178153000,178154000,13,-1
12982,chr5,178115212,178115557,178153863,178154212,EH38E3682263,EH38E3682318,178115000,178116000,178153000,178154000,9,-1
12983,chr5,178115566,178115780,178153863,178154212,EH38E2435929,EH38E3682318,178115000,178116000,178153000,178154000,9,-1
12984,chr5,178115831,178116002,178153863,178154212,EH38E3682264,EH38E3682318,178115000,178116000,178153000,178154000,9,-1
12985,chr5,178116042,178116356,178153863,178154212,EH38E3682265,EH38E3682318,178116000,178117000,178153000,178154000,9,-1
12986,chr5,178116362,178116563,178153863,178154212,EH38E3682266,EH38E3682318,178116000,178117000,178153000,178154000,9,-1
12987,chr5,178116578,178116927,178153863,178154212,EH38E3682267,EH38E3682318,178116000,178117000,178153000,178154000,9,-1
12988,chr5,178126597,178126935,178153863,178154212,EH38E2435947,EH38E3682318,178126000,178127000,178153000,178154000,6,-1
12989,chr5,178127260,178127608,178153863,178154212,EH38E3682293,EH38E3682318,178127000,178128000,178153000,178154000,6,-1
12990,chr5,178130568,178130786,178153863,178154212,EH38E3682298,EH38E3682318,178130000,178131000,178153000,178154000,11,-1
12991,chr5,179679100,179679438,178153863,178154212,EH38E3683451,EH38E3682318,179679000,179680000,178153000,178154000,1,-1
12992,chr5,180085175,180085504,178153863,178154212,EH38E2437353,EH38E3682318,180085000,180086000,178153000,178154000,1,-1
12993,chr5,180085891,180086239,178153863,178154212,EH38E3683843,EH38E3682318,180085000,180086000,178153000,178154000,1,-1
12994,chr5,176535748,176535923,178153863,178154212,EH38E3681094,EH38E3682318,176535000,176536000,178154000,178155000,1,-1
12995,chr5,177428079,177428312,178153863,178154212,EH38E3681888,EH38E3682318,177428000,177429000,178154000,178155000,1,-1
12996,chr5,177447885,177448234,178153863,178154212,EH38E3681934,EH38E3682318,177448000,177449000,178154000,178155000,1,-1
12997,chr5,177599717,177599874,178153863,178154212,EH38E3682121,EH38E3682318,177599000,177600000,178154000,178155000,3,-1
12998,chr5,178120959,178121307,178153863,178154212,EH38E3682279,EH38E3682318,178120000,178121000,178154000,178155000,10,-1
12999,chr5,178129439,178129636,178153863,178154212,EH38E3682295,EH38E3682318,178129000,178130000,178154000,178155000,8,-1
13000,chr5,178177578,178177927,178153863,178154212,EH38E3682329,EH38E3682318,178177000,178178000,178154000,178155000,9,-1
13001,chr5,178180119,178180415,178153863,178154212,EH38E3682331,EH38E3682318,178180000,178181000,178154000,178155000,2,-1
13002,chr5,178180524,178180852,178153863,178154212,EH38E3682332,EH38E3682318,178180000,178181000,178154000,178155000,2,-1
13003,chr5,178205250,178205512,178153863,178154212,EH38E3682350,EH38E3682318,178205000,178206000,178154000,178155000,3,-1
13004,chr5,178223734,178224084,178153863,178154212,EH38E3682376,EH38E3682318,178223000,178224000,178154000,178155000,3,-1
13005,chr5,178232101,178232313,178153863,178154212,EH38E2436048,EH38E3682318,178232000,178233000,178154000,178155000,6,-1
13006,chr5,179624025,179624275,178153863,178154212,EH38E3683431,EH38E3682318,179624000,179625000,178154000,178155000,2,-1
13007,chr5,179624870,179625191,178153863,178154212,EH38E3683433,EH38E3682318,179624000,179625000,178154000,178155000,2,-1
13008,chr5,177022897,177023127,178204284,178204634,EH38E3681551,EH38E3682347,177022000,177023000,178204000,178205000,1,-1
13009,chr5,177366725,177367004,178204284,178204634,EH38E3681815,EH38E3682347,177367000,177368000,178204000,178205000,1,-1
13010,chr5,177367060,177367408,178204284,178204634,EH38E3681816,EH38E3682347,177367000,177368000,178204000,178205000,1,-1
13011,chr5,177456127,177456302,178204284,178204634,EH38E3681951,EH38E3682347,177456000,177457000,178204000,178205000,2,-1
13012,chr5,177456336,177456686,178204284,178204634,EH38E3681952,EH38E3682347,177456000,177457000,178204000,178205000,2,-1
13013,chr5,177456725,177456910,178204284,178204634,EH38E3681953,EH38E3682347,177456000,177457000,178204000,178205000,2,-1
13014,chr5,177472430,177472703,178204284,178204634,EH38E3681975,EH38E3682347,177472000,177473000,178204000,178205000,1,-1
13015,chr5,177472727,177473068,178204284,178204634,EH38E3681976,EH38E3682347,177472000,177473000,178204000,178205000,1,-1
13016,chr5,177496798,177497141,178204284,178204634,EH38E3682019,EH38E3682347,177497000,177498000,178204000,178205000,2,-1
13017,chr5,177607407,177607754,178204284,178204634,EH38E3682132,EH38E3682347,177607000,177608000,178204000,178205000,1,-1
13018,chr5,177607834,177608171,178204284,178204634,EH38E2435839,EH38E3682347,177607000,177608000,178204000,178205000,1,-1
13019,chr5,178114056,178114221,178204284,178204634,EH38E3682259,EH38E3682347,178114000,178115000,178204000,178205000,4,-1
13020,chr5,178114221,178114571,178204284,178204634,EH38E3682260,EH38E3682347,178114000,178115000,178204000,178205000,4,-1
13021,chr5,178115212,178115557,178204284,178204634,EH38E3682263,EH38E3682347,178115000,178116000,178204000,178205000,1,-1
13022,chr5,178115566,178115780,178204284,178204634,EH38E2435929,EH38E3682347,178115000,178116000,178204000,178205000,1,-1
13023,chr5,178115831,178116002,178204284,178204634,EH38E3682264,EH38E3682347,178115000,178116000,178204000,178205000,1,-1
13024,chr5,178116042,178116356,178204284,178204634,EH38E3682265,EH38E3682347,178116000,178117000,178204000,178205000,4,-1
13025,chr5,178116362,178116563,178204284,178204634,EH38E3682266,EH38E3682347,178116000,178117000,178204000,178205000,4,-1
13026,chr5,178116578,178116927,178204284,178204634,EH38E3682267,EH38E3682347,178116000,178117000,178204000,178205000,4,-1
13027,chr5,178120959,178121307,178204284,178204634,EH38E3682279,EH38E3682347,178120000,178121000,178204000,178205000,3,-1
13028,chr5,178126597,178126935,178204284,178204634,EH38E2435947,EH38E3682347,178126000,178127000,178204000,178205000,2,-1
13029,chr5,178127260,178127608,178204284,178204634,EH38E3682293,EH38E3682347,178127000,178128000,178204000,178205000,4,-1
13030,chr5,178129439,178129636,178204284,178204634,EH38E3682295,EH38E3682347,178129000,178130000,178204000,178205000,1,-1
13031,chr5,178130568,178130786,178204284,178204634,EH38E3682298,EH38E3682347,178130000,178131000,178204000,178205000,3,-1
13032,chr5,178177578,178177927,178204284,178204634,EH38E3682329,EH38E3682347,178177000,178178000,178204000,178205000,15,-1
13033,chr5,178180119,178180415,178204284,178204634,EH38E3682331,EH38E3682347,178180000,178181000,178204000,178205000,7,-1
13034,chr5,178180524,178180852,178204284,178204634,EH38E3682332,EH38E3682347,178180000,178181000,178204000,178205000,7,-1
13035,chr5,178205250,178205512,178204284,178204634,EH38E3682350,EH38E3682347,178205000,178206000,178204000,178205000,75,-1
13036,chr5,178223734,178224084,178204284,178204634,EH38E3682376,EH38E3682347,178223000,178224000,178204000,178205000,11,-1
13037,chr5,178232101,178232313,178204284,178204634,EH38E2436048,EH38E3682347,178232000,178233000,178204000,178205000,6,-1
13038,chr5,178420446,178420785,178204284,178204634,EH38E3682622,EH38E3682347,178420000,178421000,178204000,178205000,1,-1
13039,chr5,178626351,178626700,178204284,178204634,EH38E2436401,EH38E3682347,178626000,178627000,178204000,178205000,1,-1
13040,chr5,178627351,178627515,178204284,178204634,EH38E3682818,EH38E3682347,178627000,178628000,178204000,178205000,1,-1
13041,chr5,179023966,179024167,178204284,178204634,EH38E3682985,EH38E3682347,179023000,179024000,178204000,178205000,1,-1
13042,chr5,179549803,179550104,178204284,178204634,EH38E3683374,EH38E3682347,179549000,179550000,178204000,178205000,1,-1
13043,chr5,179558958,179559264,178204284,178204634,EH38E3683384,EH38E3682347,179559000,179560000,178204000,178205000,1,-1
13044,chr5,179559876,179560137,178204284,178204634,EH38E3683386,EH38E3682347,179559000,179560000,178204000,178205000,1,-1
13045,chr5,179624025,179624275,178204284,178204634,EH38E3683431,EH38E3682347,179624000,179625000,178204000,178205000,1,-1
13046,chr5,179624870,179625191,178204284,178204634,EH38E3683433,EH38E3682347,179624000,179625000,178204000,178205000,1,-1
13047,chr5,180331585,180331926,178204284,178204634,EH38E2437511,EH38E3682347,180331000,180332000,178204000,178205000,1,-1
13048,chr5,175479184,175479532,178232348,178232554,EH38E3680534,EH38E3682391,175479000,175480000,178232000,178233000,1,-1
13049,chr5,177425947,177426189,178232348,178232554,EH38E2435603,EH38E3682391,177426000,177427000,178232000,178233000,1,-1
13050,chr5,177426284,177426634,178232348,178232554,EH38E3681886,EH38E3682391,177426000,177427000,178232000,178233000,1,-1
13051,chr5,177455104,177455265,178232348,178232554,EH38E3681948,EH38E3682391,177455000,177456000,178232000,178233000,1,-1
13052,chr5,177455314,177455662,178232348,178232554,EH38E3681949,EH38E3682391,177455000,177456000,178232000,178233000,1,-1
13053,chr5,177455691,177455947,178232348,178232554,EH38E3681950,EH38E3682391,177455000,177456000,178232000,178233000,1,-1
13054,chr5,177458088,177458239,178232348,178232554,EH38E3681955,EH38E3682391,177458000,177459000,178232000,178233000,1,-1
13055,chr5,177468757,177469034,178232348,178232554,EH38E3681968,EH38E3682391,177468000,177469000,178232000,178233000,1,-1
13056,chr5,177496125,177496421,178232348,178232554,EH38E3682017,EH38E3682391,177496000,177497000,178232000,178233000,1,-1
13057,chr5,177496572,177496741,178232348,178232554,EH38E3682018,EH38E3682391,177496000,177497000,178232000,178233000,1,-1
13058,chr5,177496798,177497141,178232348,178232554,EH38E3682019,EH38E3682391,177496000,177497000,178232000,178233000,1,-1
13059,chr5,177958812,177959162,178232348,178232554,EH38E3682190,EH38E3682391,177959000,177960000,178232000,178233000,1,-1
13060,chr5,178114056,178114221,178232348,178232554,EH38E3682259,EH38E3682391,178114000,178115000,178232000,178233000,2,-1
13061,chr5,178114221,178114571,178232348,178232554,EH38E3682260,EH38E3682391,178114000,178115000,178232000,178233000,2,-1
13062,chr5,178115212,178115557,178232348,178232554,EH38E3682263,EH38E3682391,178115000,178116000,178232000,178233000,1,-1
13063,chr5,178115566,178115780,178232348,178232554,EH38E2435929,EH38E3682391,178115000,178116000,178232000,178233000,1,-1
13064,chr5,178115831,178116002,178232348,178232554,EH38E3682264,EH38E3682391,178115000,178116000,178232000,178233000,1,-1
13065,chr5,178116042,178116356,178232348,178232554,EH38E3682265,EH38E3682391,178116000,178117000,178232000,178233000,1,-1
13066,chr5,178116362,178116563,178232348,178232554,EH38E3682266,EH38E3682391,178116000,178117000,178232000,178233000,1,-1
13067,chr5,178116578,178116927,178232348,178232554,EH38E3682267,EH38E3682391,178116000,178117000,178232000,178233000,1,-1
13068,chr5,178120959,178121307,178232348,178232554,EH38E3682279,EH38E3682391,178120000,178121000,178232000,178233000,2,-1
13069,chr5,178127260,178127608,178232348,178232554,EH38E3682293,EH38E3682391,178127000,178128000,178232000,178233000,2,-1
13070,chr5,178129439,178129636,178232348,178232554,EH38E3682295,EH38E3682391,178129000,178130000,178232000,178233000,1,-1
13071,chr5,178130568,178130786,178232348,178232554,EH38E3682298,EH38E3682391,178130000,178131000,178232000,178233000,1,-1
13072,chr5,178177578,178177927,178232348,178232554,EH38E3682329,EH38E3682391,178177000,178178000,178232000,178233000,5,-1
13073,chr5,178180119,178180415,178232348,178232554,EH38E3682331,EH38E3682391,178180000,178181000,178232000,178233000,2,-1
13074,chr5,178180524,178180852,178232348,178232554,EH38E3682332,EH38E3682391,178180000,178181000,178232000,178233000,2,-1
13075,chr5,178205250,178205512,178232348,178232554,EH38E3682350,EH38E3682391,178205000,178206000,178232000,178233000,8,-1
13076,chr5,178223734,178224084,178232348,178232554,EH38E3682376,EH38E3682391,178223000,178224000,178232000,178233000,30,-1
13077,chr5,178232101,178232313,178232348,178232554,EH38E2436048,EH38E3682391,178232000,178233000,178232000,178233000,448,-1
13078,chr5,178626351,178626700,178232348,178232554,EH38E2436401,EH38E3682391,178626000,178627000,178232000,178233000,4,-1
13079,chr5,178627351,178627515,178232348,178232554,EH38E3682818,EH38E3682391,178627000,178628000,178232000,178233000,1,-1
13080,chr5,179549803,179550104,178232348,178232554,EH38E3683374,EH38E3682391,179550000,179551000,178232000,178233000,1,-1
13081,chr5,179550674,179550989,178232348,178232554,EH38E3683377,EH38E3682391,179550000,179551000,178232000,178233000,1,-1
13082,chr5,179551000,179551207,178232348,178232554,EH38E3683378,EH38E3682391,179551000,179552000,178232000,178233000,1,-1
13083,chr5,179610375,179610584,178232348,178232554,EH38E3683409,EH38E3682391,179610000,179611000,178232000,178233000,1,-1
13084,chr5,179623326,179623549,178232348,178232554,EH38E3683429,EH38E3682391,179623000,179624000,178232000,178233000,1,-1
13085,chr5,179624025,179624275,178232348,178232554,EH38E3683431,EH38E3682391,179624000,179625000,178232000,178233000,1,-1
13086,chr5,179624870,179625191,178232348,178232554,EH38E3683433,EH38E3682391,179624000,179625000,178232000,178233000,1,-1
13087,chr5,179679100,179679438,178232348,178232554,EH38E3683451,EH38E3682391,179679000,179680000,178232000,178233000,1,-1
13088,chr5,179821082,179821309,178232348,178232554,EH38E3683612,EH38E3682391,179821000,179822000,178232000,178233000,1,-1
13089,chr5,179821336,179821615,178232348,178232554,EH38E3683613,EH38E3682391,179821000,179822000,178232000,178233000,1,-1
13090,chr5,179821617,179821966,178232348,178232554,EH38E3683614,EH38E3682391,179821000,179822000,178232000,178233000,1,-1
13091,chr5,180085175,180085504,178232348,178232554,EH38E2437353,EH38E3682391,180085000,180086000,178232000,178233000,1,-1
13092,chr5,180085891,180086239,178232348,178232554,EH38E3683843,EH38E3682391,180085000,180086000,178232000,178233000,1,-1
13093,chr5,181221911,181222209,178232348,178232554,EH38E3684633,EH38E3682391,181221000,181222000,178232000,178233000,1,-1
13094,chr5,175479184,175479532,178232556,178232823,EH38E3680534,EH38E3682392,175479000,175480000,178232000,178233000,1,-1
13095,chr5,177425947,177426189,178232556,178232823,EH38E2435603,EH38E3682392,177426000,177427000,178232000,178233000,1,-1
13096,chr5,177426284,177426634,178232556,178232823,EH38E3681886,EH38E3682392,177426000,177427000,178232000,178233000,1,-1
13097,chr5,177455104,177455265,178232556,178232823,EH38E3681948,EH38E3682392,177455000,177456000,178232000,178233000,1,-1
13098,chr5,177455314,177455662,178232556,178232823,EH38E3681949,EH38E3682392,177455000,177456000,178232000,178233000,1,-1
13099,chr5,177455691,177455947,178232556,178232823,EH38E3681950,EH38E3682392,177455000,177456000,178232000,178233000,1,-1
13100,chr5,177458088,177458239,178232556,178232823,EH38E3681955,EH38E3682392,177458000,177459000,178232000,178233000,1,-1
13101,chr5,177468757,177469034,178232556,178232823,EH38E3681968,EH38E3682392,177468000,177469000,178232000,178233000,1,-1
13102,chr5,177496125,177496421,178232556,178232823,EH38E3682017,EH38E3682392,177496000,177497000,178232000,178233000,1,-1
13103,chr5,177496572,177496741,178232556,178232823,EH38E3682018,EH38E3682392,177496000,177497000,178232000,178233000,1,-1
13104,chr5,177496798,177497141,178232556,178232823,EH38E3682019,EH38E3682392,177496000,177497000,178232000,178233000,1,-1
13105,chr5,177958812,177959162,178232556,178232823,EH38E3682190,EH38E3682392,177959000,177960000,178232000,178233000,1,-1
13106,chr5,178114056,178114221,178232556,178232823,EH38E3682259,EH38E3682392,178114000,178115000,178232000,178233000,2,-1
13107,chr5,178114221,178114571,178232556,178232823,EH38E3682260,EH38E3682392,178114000,178115000,178232000,178233000,2,-1
13108,chr5,178115212,178115557,178232556,178232823,EH38E3682263,EH38E3682392,178115000,178116000,178232000,178233000,1,-1
13109,chr5,178115566,178115780,178232556,178232823,EH38E2435929,EH38E3682392,178115000,178116000,178232000,178233000,1,-1
13110,chr5,178115831,178116002,178232556,178232823,EH38E3682264,EH38E3682392,178115000,178116000,178232000,178233000,1,-1
13111,chr5,178116042,178116356,178232556,178232823,EH38E3682265,EH38E3682392,178116000,178117000,178232000,178233000,1,-1
13112,chr5,178116362,178116563,178232556,178232823,EH38E3682266,EH38E3682392,178116000,178117000,178232000,178233000,1,-1
13113,chr5,178116578,178116927,178232556,178232823,EH38E3682267,EH38E3682392,178116000,178117000,178232000,178233000,1,-1
13114,chr5,178120959,178121307,178232556,178232823,EH38E3682279,EH38E3682392,178120000,178121000,178232000,178233000,2,-1
13115,chr5,178127260,178127608,178232556,178232823,EH38E3682293,EH38E3682392,178127000,178128000,178232000,178233000,2,-1
13116,chr5,178129439,178129636,178232556,178232823,EH38E3682295,EH38E3682392,178129000,178130000,178232000,178233000,1,-1
13117,chr5,178130568,178130786,178232556,178232823,EH38E3682298,EH38E3682392,178130000,178131000,178232000,178233000,1,-1
13118,chr5,178177578,178177927,178232556,178232823,EH38E3682329,EH38E3682392,178177000,178178000,178232000,178233000,5,-1
13119,chr5,178180119,178180415,178232556,178232823,EH38E3682331,EH38E3682392,178180000,178181000,178232000,178233000,2,-1
13120,chr5,178180524,178180852,178232556,178232823,EH38E3682332,EH38E3682392,178180000,178181000,178232000,178233000,2,-1
13121,chr5,178205250,178205512,178232556,178232823,EH38E3682350,EH38E3682392,178205000,178206000,178232000,178233000,8,-1
13122,chr5,178223734,178224084,178232556,178232823,EH38E3682376,EH38E3682392,178223000,178224000,178232000,178233000,30,-1
13123,chr5,178232101,178232313,178232556,178232823,EH38E2436048,EH38E3682392,178232000,178233000,178232000,178233000,448,-1
13124,chr5,178626351,178626700,178232556,178232823,EH38E2436401,EH38E3682392,178626000,178627000,178232000,178233000,4,-1
13125,chr5,178627351,178627515,178232556,178232823,EH38E3682818,EH38E3682392,178627000,178628000,178232000,178233000,1,-1
13126,chr5,179549803,179550104,178232556,178232823,EH38E3683374,EH38E3682392,179550000,179551000,178232000,178233000,1,-1
13127,chr5,179550674,179550989,178232556,178232823,EH38E3683377,EH38E3682392,179550000,179551000,178232000,178233000,1,-1
13128,chr5,179551000,179551207,178232556,178232823,EH38E3683378,EH38E3682392,179551000,179552000,178232000,178233000,1,-1
13129,chr5,179610375,179610584,178232556,178232823,EH38E3683409,EH38E3682392,179610000,179611000,178232000,178233000,1,-1
13130,chr5,179623326,179623549,178232556,178232823,EH38E3683429,EH38E3682392,179623000,179624000,178232000,178233000,1,-1
13131,chr5,179624025,179624275,178232556,178232823,EH38E3683431,EH38E3682392,179624000,179625000,178232000,178233000,1,-1
13132,chr5,179624870,179625191,178232556,178232823,EH38E3683433,EH38E3682392,179624000,179625000,178232000,178233000,1,-1
13133,chr5,179679100,179679438,178232556,178232823,EH38E3683451,EH38E3682392,179679000,179680000,178232000,178233000,1,-1
13134,chr5,179821082,179821309,178232556,178232823,EH38E3683612,EH38E3682392,179821000,179822000,178232000,178233000,1,-1
13135,chr5,179821336,179821615,178232556,178232823,EH38E3683613,EH38E3682392,179821000,179822000,178232000,178233000,1,-1
13136,chr5,179821617,179821966,178232556,178232823,EH38E3683614,EH38E3682392,179821000,179822000,178232000,178233000,1,-1
13137,chr5,180085175,180085504,178232556,178232823,EH38E2437353,EH38E3682392,180085000,180086000,178232000,178233000,1,-1
13138,chr5,180085891,180086239,178232556,178232823,EH38E3683843,EH38E3682392,180085000,180086000,178232000,178233000,1,-1
13139,chr5,181221911,181222209,178232556,178232823,EH38E3684633,EH38E3682392,181221000,181222000,178232000,178233000,1,-1
13140,chr5,175479184,175479532,178232847,178233048,EH38E3680534,EH38E3682393,175479000,175480000,178232000,178233000,1,-1
13141,chr5,177425947,177426189,178232847,178233048,EH38E2435603,EH38E3682393,177426000,177427000,178232000,178233000,1,-1
13142,chr5,177426284,177426634,178232847,178233048,EH38E3681886,EH38E3682393,177426000,177427000,178232000,178233000,1,-1
13143,chr5,177455104,177455265,178232847,178233048,EH38E3681948,EH38E3682393,177455000,177456000,178232000,178233000,1,-1
13144,chr5,177455314,177455662,178232847,178233048,EH38E3681949,EH38E3682393,177455000,177456000,178232000,178233000,1,-1
13145,chr5,177455691,177455947,178232847,178233048,EH38E3681950,EH38E3682393,177455000,177456000,178232000,178233000,1,-1
13146,chr5,177458088,177458239,178232847,178233048,EH38E3681955,EH38E3682393,177458000,177459000,178232000,178233000,1,-1
13147,chr5,177468757,177469034,178232847,178233048,EH38E3681968,EH38E3682393,177468000,177469000,178232000,178233000,1,-1
13148,chr5,177496125,177496421,178232847,178233048,EH38E3682017,EH38E3682393,177496000,177497000,178232000,178233000,1,-1
13149,chr5,177496572,177496741,178232847,178233048,EH38E3682018,EH38E3682393,177496000,177497000,178232000,178233000,1,-1
13150,chr5,177496798,177497141,178232847,178233048,EH38E3682019,EH38E3682393,177496000,177497000,178232000,178233000,1,-1
13151,chr5,178114056,178114221,178232847,178233048,EH38E3682259,EH38E3682393,178114000,178115000,178232000,178233000,2,-1
13152,chr5,178114221,178114571,178232847,178233048,EH38E3682260,EH38E3682393,178114000,178115000,178232000,178233000,2,-1
13153,chr5,178129439,178129636,178232847,178233048,EH38E3682295,EH38E3682393,178129000,178130000,178232000,178233000,1,-1
13154,chr5,178130568,178130786,178232847,178233048,EH38E3682298,EH38E3682393,178130000,178131000,178232000,178233000,1,-1
13155,chr5,178177578,178177927,178232847,178233048,EH38E3682329,EH38E3682393,178177000,178178000,178232000,178233000,5,-1
13156,chr5,178180119,178180415,178232847,178233048,EH38E3682331,EH38E3682393,178180000,178181000,178232000,178233000,2,-1
13157,chr5,178180524,178180852,178232847,178233048,EH38E3682332,EH38E3682393,178180000,178181000,178232000,178233000,2,-1
13158,chr5,178205250,178205512,178232847,178233048,EH38E3682350,EH38E3682393,178205000,178206000,178232000,178233000,8,-1
13159,chr5,178223734,178224084,178232847,178233048,EH38E3682376,EH38E3682393,178223000,178224000,178232000,178233000,30,-1
13160,chr5,178232101,178232313,178232847,178233048,EH38E2436048,EH38E3682393,178232000,178233000,178232000,178233000,448,-1
13161,chr5,178626351,178626700,178232847,178233048,EH38E2436401,EH38E3682393,178626000,178627000,178232000,178233000,4,-1
13162,chr5,179549803,179550104,178232847,178233048,EH38E3683374,EH38E3682393,179550000,179551000,178232000,178233000,1,-1
13163,chr5,179550674,179550989,178232847,178233048,EH38E3683377,EH38E3682393,179550000,179551000,178232000,178233000,1,-1
13164,chr5,179551000,179551207,178232847,178233048,EH38E3683378,EH38E3682393,179550000,179551000,178232000,178233000,1,-1
13165,chr5,179610375,179610584,178232847,178233048,EH38E3683409,EH38E3682393,179610000,179611000,178232000,178233000,1,-1
13166,chr5,179623326,179623549,178232847,178233048,EH38E3683429,EH38E3682393,179623000,179624000,178232000,178233000,1,-1
13167,chr5,179624025,179624275,178232847,178233048,EH38E3683431,EH38E3682393,179624000,179625000,178232000,178233000,1,-1
13168,chr5,179624870,179625191,178232847,178233048,EH38E3683433,EH38E3682393,179624000,179625000,178232000,178233000,1,-1
13169,chr5,179679100,179679438,178232847,178233048,EH38E3683451,EH38E3682393,179679000,179680000,178232000,178233000,1,-1
13170,chr5,179821082,179821309,178232847,178233048,EH38E3683612,EH38E3682393,179821000,179822000,178232000,178233000,1,-1
13171,chr5,179821336,179821615,178232847,178233048,EH38E3683613,EH38E3682393,179821000,179822000,178232000,178233000,1,-1
13172,chr5,179821617,179821966,178232847,178233048,EH38E3683614,EH38E3682393,179821000,179822000,178232000,178233000,1,-1
13173,chr5,180085175,180085504,178232847,178233048,EH38E2437353,EH38E3682393,180085000,180086000,178232000,178233000,1,-1
13174,chr5,180085891,180086239,178232847,178233048,EH38E3683843,EH38E3682393,180085000,180086000,178232000,178233000,1,-1
13175,chr5,181221911,181222209,178232847,178233048,EH38E3684633,EH38E3682393,181221000,181222000,178232000,178233000,1,-1
13176,chr5,177131459,177131696,178232847,178233048,EH38E3681641,EH38E3682393,177131000,177132000,178233000,178234000,1,-1
13177,chr5,177131709,177131871,178232847,178233048,EH38E2435367,EH38E3682393,177131000,177132000,178233000,178234000,1,-1
13178,chr5,177351765,177352061,178232847,178233048,EH38E3681789,EH38E3682393,177352000,177353000,178233000,178234000,1,-1
13179,chr5,177428079,177428312,178232847,178233048,EH38E3681888,EH38E3682393,177428000,177429000,178233000,178234000,1,-1
13180,chr5,177447885,177448234,178232847,178233048,EH38E3681934,EH38E3682393,177448000,177449000,178233000,178234000,1,-1
13181,chr5,177599717,177599874,178232847,178233048,EH38E3682121,EH38E3682393,177599000,177600000,178233000,178234000,1,-1
13182,chr5,177958812,177959162,178232847,178233048,EH38E3682190,EH38E3682393,177958000,177959000,178233000,178234000,1,-1
13183,chr5,178115212,178115557,178232847,178233048,EH38E3682263,EH38E3682393,178115000,178116000,178233000,178234000,3,-1
13184,chr5,178115566,178115780,178232847,178233048,EH38E2435929,EH38E3682393,178115000,178116000,178233000,178234000,3,-1
13185,chr5,178115831,178116002,178232847,178233048,EH38E3682264,EH38E3682393,178115000,178116000,178233000,178234000,3,-1
13186,chr5,178116042,178116356,178232847,178233048,EH38E3682265,EH38E3682393,178116000,178117000,178233000,178234000,2,-1
13187,chr5,178116362,178116563,178232847,178233048,EH38E3682266,EH38E3682393,178116000,178117000,178233000,178234000,2,-1
13188,chr5,178116578,178116927,178232847,178233048,EH38E3682267,EH38E3682393,178116000,178117000,178233000,178234000,2,-1
13189,chr5,178120959,178121307,178232847,178233048,EH38E3682279,EH38E3682393,178120000,178121000,178233000,178234000,3,-1
13190,chr5,178126597,178126935,178232847,178233048,EH38E2435947,EH38E3682393,178126000,178127000,178233000,178234000,4,-1
13191,chr5,178127260,178127608,178232847,178233048,EH38E3682293,EH38E3682393,178127000,178128000,178233000,178234000,3,-1
13192,chr5,178420446,178420785,178232847,178233048,EH38E3682622,EH38E3682393,178420000,178421000,178233000,178234000,2,-1
13193,chr5,178627351,178627515,178232847,178233048,EH38E3682818,EH38E3682393,178627000,178628000,178233000,178234000,3,-1
13194,chr5,179023966,179024167,178232847,178233048,EH38E3682985,EH38E3682393,179023000,179024000,178233000,178234000,2,-1
13195,chr5,177366725,177367004,178577427,178577733,EH38E3681815,EH38E3682789,177367000,177368000,178577000,178578000,1,-1
13196,chr5,177367060,177367408,178577427,178577733,EH38E3681816,EH38E3682789,177367000,177368000,178577000,178578000,1,-1
13197,chr5,177454179,177454382,178577427,178577733,EH38E3681946,EH38E3682789,177454000,177455000,178577000,178578000,1,-1
13198,chr5,177454492,177454838,178577427,178577733,EH38E3681947,EH38E3682789,177454000,177455000,178577000,178578000,1,-1
13199,chr5,177456127,177456302,178577427,178577733,EH38E3681951,EH38E3682789,177456000,177457000,178577000,178578000,1,-1
13200,chr5,177456336,177456686,178577427,178577733,EH38E3681952,EH38E3682789,177456000,177457000,178577000,178578000,1,-1
13201,chr5,177456725,177456910,178577427,178577733,EH38E3681953,EH38E3682789,177456000,177457000,178577000,178578000,1,-1
13202,chr5,177495205,177495375,178577427,178577733,EH38E3682014,EH38E3682789,177495000,177496000,178577000,178578000,2,-1
13203,chr5,177495450,177495774,178577427,178577733,EH38E3682015,EH38E3682789,177495000,177496000,178577000,178578000,2,-1
13204,chr5,177495775,177495949,178577427,178577733,EH38E3682016,EH38E3682789,177495000,177496000,178577000,178578000,2,-1
13205,chr5,177496125,177496421,178577427,178577733,EH38E3682017,EH38E3682789,177496000,177497000,178577000,178578000,1,-1
13206,chr5,177496572,177496741,178577427,178577733,EH38E3682018,EH38E3682789,177496000,177497000,178577000,178578000,1,-1
13207,chr5,177496798,177497141,178577427,178577733,EH38E3682019,EH38E3682789,177496000,177497000,178577000,178578000,1,-1
13208,chr5,177599717,177599874,178577427,178577733,EH38E3682121,EH38E3682789,177599000,177600000,178577000,178578000,1,-1
13209,chr5,178115212,178115557,178577427,178577733,EH38E3682263,EH38E3682789,178115000,178116000,178577000,178578000,1,-1
13210,chr5,178115566,178115780,178577427,178577733,EH38E2435929,EH38E3682789,178115000,178116000,178577000,178578000,1,-1
13211,chr5,178115831,178116002,178577427,178577733,EH38E3682264,EH38E3682789,178115000,178116000,178577000,178578000,1,-1
13212,chr5,178120959,178121307,178577427,178577733,EH38E3682279,EH38E3682789,178121000,178122000,178577000,178578000,2,-1
13213,chr5,178130568,178130786,178577427,178577733,EH38E3682298,EH38E3682789,178130000,178131000,178577000,178578000,1,-1
13214,chr5,178205250,178205512,178577427,178577733,EH38E3682350,EH38E3682789,178205000,178206000,178577000,178578000,1,-1
13215,chr5,178223734,178224084,178577427,178577733,EH38E3682376,EH38E3682789,178223000,178224000,178577000,178578000,5,-1
13216,chr5,178232101,178232313,178577427,178577733,EH38E2436048,EH38E3682789,178232000,178233000,178577000,178578000,7,-1
13217,chr5,178420446,178420785,178577427,178577733,EH38E3682622,EH38E3682789,178420000,178421000,178577000,178578000,9,-1
13218,chr5,178626351,178626700,178577427,178577733,EH38E2436401,EH38E3682789,178626000,178627000,178577000,178578000,7,-1
13219,chr5,178627351,178627515,178577427,178577733,EH38E3682818,EH38E3682789,178627000,178628000,178577000,178578000,2,-1
13220,chr5,179558958,179559264,178577427,178577733,EH38E3683384,EH38E3682789,179558000,179559000,178577000,178578000,1,-1
13221,chr5,179624025,179624275,178577427,178577733,EH38E3683431,EH38E3682789,179624000,179625000,178577000,178578000,1,-1
13222,chr5,179624870,179625191,178577427,178577733,EH38E3683433,EH38E3682789,179624000,179625000,178577000,178578000,1,-1
13223,chr5,179678157,179678378,178577427,178577733,EH38E3683449,EH38E3682789,179678000,179679000,178577000,178578000,2,-1
13224,chr5,180090246,180090398,178577427,178577733,EH38E3683847,EH38E3682789,180090000,180091000,178577000,178578000,1,-1
13225,chr5,180090414,180090761,178577427,178577733,EH38E3683848,EH38E3682789,180090000,180091000,178577000,178578000,1,-1
13226,chr5,180810772,180810977,178577427,178577733,EH38E3684365,EH38E3682789,180810000,180811000,178577000,178578000,1,-1
13227,chr5,176447451,176447637,178590230,178590569,EH38E3681034,EH38E3682804,176447000,176448000,178590000,178591000,1,-1
13228,chr5,176447740,176447942,178590230,178590569,EH38E3681035,EH38E3682804,176447000,176448000,178590000,178591000,1,-1
13229,chr5,177428079,177428312,178590230,178590569,EH38E3681888,EH38E3682804,177428000,177429000,178590000,178591000,1,-1
13230,chr5,177472727,177473068,178590230,178590569,EH38E3681976,EH38E3682804,177473000,177474000,178590000,178591000,1,-1
13231,chr5,177958812,177959162,178590230,178590569,EH38E3682190,EH38E3682804,177958000,177959000,178590000,178591000,1,-1
13232,chr5,178115831,178116002,178590230,178590569,EH38E3682264,EH38E3682804,178116000,178117000,178590000,178591000,1,-1
13233,chr5,178116042,178116356,178590230,178590569,EH38E3682265,EH38E3682804,178116000,178117000,178590000,178591000,1,-1
13234,chr5,178116362,178116563,178590230,178590569,EH38E3682266,EH38E3682804,178116000,178117000,178590000,178591000,1,-1
13235,chr5,178116578,178116927,178590230,178590569,EH38E3682267,EH38E3682804,178116000,178117000,178590000,178591000,1,-1
13236,chr5,178120959,178121307,178590230,178590569,EH38E3682279,EH38E3682804,178120000,178121000,178590000,178591000,1,-1
13237,chr5,178130568,178130786,178590230,178590569,EH38E3682298,EH38E3682804,178130000,178131000,178590000,178591000,2,-1
13238,chr5,178205250,178205512,178590230,178590569,EH38E3682350,EH38E3682804,178205000,178206000,178590000,178591000,1,-1
13239,chr5,178223734,178224084,178590230,178590569,EH38E3682376,EH38E3682804,178223000,178224000,178590000,178591000,2,-1
13240,chr5,178232101,178232313,178590230,178590569,EH38E2436048,EH38E3682804,178232000,178233000,178590000,178591000,12,-1
13241,chr5,178420446,178420785,178590230,178590569,EH38E3682622,EH38E3682804,178420000,178421000,178590000,178591000,7,-1
13242,chr5,178626351,178626700,178590230,178590569,EH38E2436401,EH38E3682804,178626000,178627000,178590000,178591000,5,-1
13243,chr5,178627351,178627515,178590230,178590569,EH38E3682818,EH38E3682804,178627000,178628000,178590000,178591000,8,-1
13244,chr5,179023966,179024167,178590230,178590569,EH38E3682985,EH38E3682804,179024000,179025000,178590000,178591000,1,-1
13245,chr5,179549803,179550104,178590230,178590569,EH38E3683374,EH38E3682804,179549000,179550000,178590000,178591000,1,-1
13246,chr5,179550674,179550989,178590230,178590569,EH38E3683377,EH38E3682804,179550000,179551000,178590000,178591000,1,-1
13247,chr5,179551000,179551207,178590230,178590569,EH38E3683378,EH38E3682804,179551000,179552000,178590000,178591000,1,-1
13248,chr5,179624025,179624275,178590230,178590569,EH38E3683431,EH38E3682804,179624000,179625000,178590000,178591000,1,-1
13249,chr5,179624870,179625191,178590230,178590569,EH38E3683433,EH38E3682804,179624000,179625000,178590000,178591000,1,-1
13250,chr5,179732911,179733186,178590230,178590569,EH38E3683487,EH38E3682804,179733000,179734000,178590000,178591000,1,-1
13251,chr5,179733545,179733698,178590230,178590569,EH38E3683489,EH38E3682804,179733000,179734000,178590000,178591000,1,-1
13252,chr5,176536540,176536872,178626952,178627301,EH38E3681095,EH38E3682817,176536000,176537000,178626000,178627000,2,-1
13253,chr5,177366725,177367004,178626952,178627301,EH38E3681815,EH38E3682817,177367000,177368000,178626000,178627000,1,-1
13254,chr5,177367060,177367408,178626952,178627301,EH38E3681816,EH38E3682817,177367000,177368000,178626000,178627000,1,-1
13255,chr5,177425947,177426189,178626952,178627301,EH38E2435603,EH38E3682817,177426000,177427000,178626000,178627000,1,-1
13256,chr5,177426284,177426634,178626952,178627301,EH38E3681886,EH38E3682817,177426000,177427000,178626000,178627000,1,-1
13257,chr5,177496798,177497141,178626952,178627301,EH38E3682019,EH38E3682817,177497000,177498000,178626000,178627000,1,-1
13258,chr5,178114056,178114221,178626952,178627301,EH38E3682259,EH38E3682817,178114000,178115000,178626000,178627000,1,-1
13259,chr5,178114221,178114571,178626952,178627301,EH38E3682260,EH38E3682817,178114000,178115000,178626000,178627000,1,-1
13260,chr5,178115212,178115557,178626952,178627301,EH38E3682263,EH38E3682817,178115000,178116000,178626000,178627000,1,-1
13261,chr5,178115566,178115780,178626952,178627301,EH38E2435929,EH38E3682817,178115000,178116000,178626000,178627000,1,-1
13262,chr5,178115831,178116002,178626952,178627301,EH38E3682264,EH38E3682817,178115000,178116000,178626000,178627000,1,-1
13263,chr5,178116042,178116356,178626952,178627301,EH38E3682265,EH38E3682817,178116000,178117000,178626000,178627000,2,-1
13264,chr5,178116362,178116563,178626952,178627301,EH38E3682266,EH38E3682817,178116000,178117000,178626000,178627000,2,-1
13265,chr5,178116578,178116927,178626952,178627301,EH38E3682267,EH38E3682817,178116000,178117000,178626000,178627000,2,-1
13266,chr5,178130568,178130786,178626952,178627301,EH38E3682298,EH38E3682817,178130000,178131000,178626000,178627000,1,-1
13267,chr5,178180119,178180415,178626952,178627301,EH38E3682331,EH38E3682817,178180000,178181000,178626000,178627000,1,-1
13268,chr5,178180524,178180852,178626952,178627301,EH38E3682332,EH38E3682817,178180000,178181000,178626000,178627000,1,-1
13269,chr5,178223734,178224084,178626952,178627301,EH38E3682376,EH38E3682817,178223000,178224000,178626000,178627000,4,-1
13270,chr5,178232101,178232313,178626952,178627301,EH38E2436048,EH38E3682817,178232000,178233000,178626000,178627000,4,-1
13271,chr5,178420446,178420785,178626952,178627301,EH38E3682622,EH38E3682817,178420000,178421000,178626000,178627000,1,-1
13272,chr5,178626351,178626700,178626952,178627301,EH38E2436401,EH38E3682817,178626000,178627000,178626000,178627000,537,-1
13273,chr5,179023966,179024167,178626952,178627301,EH38E3682985,EH38E3682817,179023000,179024000,178626000,178627000,1,-1
13274,chr5,179551000,179551207,178626952,178627301,EH38E3683378,EH38E3682817,179551000,179552000,178626000,178627000,1,-1
13275,chr5,179558958,179559264,178626952,178627301,EH38E3683384,EH38E3682817,179559000,179560000,178626000,178627000,1,-1
13276,chr5,179559876,179560137,178626952,178627301,EH38E3683386,EH38E3682817,179559000,179560000,178626000,178627000,1,-1
13277,chr5,179623326,179623549,178626952,178627301,EH38E3683429,EH38E3682817,179623000,179624000,178626000,178627000,1,-1
13278,chr5,179624025,179624275,178626952,178627301,EH38E3683431,EH38E3682817,179624000,179625000,178626000,178627000,1,-1
13279,chr5,179624870,179625191,178626952,178627301,EH38E3683433,EH38E3682817,179624000,179625000,178626000,178627000,1,-1
13280,chr5,179678157,179678378,178626952,178627301,EH38E3683449,EH38E3682817,179678000,179679000,178626000,178627000,2,-1
13281,chr5,179818948,179819291,178626952,178627301,EH38E2437136,EH38E3682817,179818000,179819000,178626000,178627000,1,-1
13282,chr5,179819459,179819808,178626952,178627301,EH38E3683607,EH38E3682817,179819000,179820000,178626000,178627000,1,-1
13283,chr5,176542807,176543154,178626952,178627301,EH38E3681106,EH38E3682817,176542000,176543000,178627000,178628000,1,-1
13284,chr5,177485349,177485612,178626952,178627301,EH38E3681998,EH38E3682817,177485000,177486000,178627000,178628000,1,-1
13285,chr5,177599717,177599874,178626952,178627301,EH38E3682121,EH38E3682817,177599000,177600000,178627000,178628000,1,-1
13286,chr5,178120959,178121307,178626952,178627301,EH38E3682279,EH38E3682817,178120000,178121000,178627000,178628000,1,-1
13287,chr5,178205250,178205512,178626952,178627301,EH38E3682350,EH38E3682817,178205000,178206000,178627000,178628000,1,-1
13288,chr5,178627351,178627515,178626952,178627301,EH38E3682818,EH38E3682817,178627000,178628000,178627000,178628000,444,-1
13289,chr5,179549803,179550104,178626952,178627301,EH38E3683374,EH38E3682817,179549000,179550000,178627000,178628000,1,-1
13290,chr5,179679100,179679438,178626952,178627301,EH38E3683451,EH38E3682817,179679000,179680000,178627000,178628000,1,-1
13291,chr5,179763240,179763580,178626952,178627301,EH38E2437060,EH38E3682817,179763000,179764000,178627000,178628000,1,-1
13292,chr5,180332060,180332359,178626952,178627301,EH38E2437512,EH38E3682817,180332000,180333000,178627000,178628000,1,-1
13293,chr5,180860885,180861097,178626952,178627301,EH38E3684403,EH38E3682817,180861000,180862000,178627000,178628000,1,-1
13294,chr5,180861599,180861801,178626952,178627301,EH38E3684404,EH38E3682817,180861000,180862000,178627000,178628000,1,-1
13295,chr5,181160463,181160792,178626952,178627301,EH38E3684534,EH38E3682817,181160000,181161000,178627000,178628000,1,-1
13296,chr5,181261829,181262168,178626952,178627301,EH38E3684703,EH38E3682817,181262000,181263000,178627000,178628000,1,-1
13297,chr5,177425947,177426189,178730586,178730936,EH38E2435603,EH38E3682861,177425000,177426000,178730000,178731000,1,-1
13298,chr5,178129439,178129636,178730586,178730936,EH38E3682295,EH38E3682861,178129000,178130000,178730000,178731000,1,-1
13299,chr5,178223734,178224084,178730586,178730936,EH38E3682376,EH38E3682861,178223000,178224000,178730000,178731000,1,-1
13300,chr5,178232101,178232313,178730586,178730936,EH38E2436048,EH38E3682861,178232000,178233000,178730000,178731000,3,-1
13301,chr5,178626351,178626700,178730586,178730936,EH38E2436401,EH38E3682861,178626000,178627000,178730000,178731000,12,-1
13302,chr5,178627351,178627515,178730586,178730936,EH38E3682818,EH38E3682861,178627000,178628000,178730000,178731000,8,-1
13303,chr5,179023966,179024167,178730586,178730936,EH38E3682985,EH38E3682861,179024000,179025000,178730000,178731000,2,-1
13304,chr5,179551000,179551207,178730586,178730936,EH38E3683378,EH38E3682861,179551000,179552000,178730000,178731000,1,-1
13305,chr5,179623326,179623549,178730586,178730936,EH38E3683429,EH38E3682861,179623000,179624000,178730000,178731000,1,-1
13306,chr5,179624025,179624275,178730586,178730936,EH38E3683431,EH38E3682861,179624000,179625000,178730000,178731000,2,-1
13307,chr5,179624870,179625191,178730586,178730936,EH38E3683433,EH38E3682861,179624000,179625000,178730000,178731000,2,-1
13308,chr5,179679100,179679438,178730586,178730936,EH38E3683451,EH38E3682861,179679000,179680000,178730000,178731000,2,-1
13309,chr5,177496125,177496421,178859839,178860186,EH38E3682017,EH38E2436528,177496000,177497000,178859000,178860000,1,-1
13310,chr5,177496572,177496741,178859839,178860186,EH38E3682018,EH38E2436528,177496000,177497000,178859000,178860000,1,-1
13311,chr5,177496798,177497141,178859839,178860186,EH38E3682019,EH38E2436528,177496000,177497000,178859000,178860000,1,-1
13312,chr5,177607834,177608171,178859839,178860186,EH38E2435839,EH38E2436528,177608000,177609000,178859000,178860000,1,-1
13313,chr5,178129439,178129636,178859839,178860186,EH38E3682295,EH38E2436528,178129000,178130000,178859000,178860000,1,-1
13314,chr5,178223734,178224084,178859839,178860186,EH38E3682376,EH38E2436528,178224000,178225000,178859000,178860000,1,-1
13315,chr5,178232101,178232313,178859839,178860186,EH38E2436048,EH38E2436528,178232000,178233000,178859000,178860000,2,-1
13316,chr5,178626351,178626700,178859839,178860186,EH38E2436401,EH38E2436528,178626000,178627000,178859000,178860000,3,-1
13317,chr5,179023966,179024167,178859839,178860186,EH38E3682985,EH38E2436528,179023000,179024000,178859000,178860000,3,-1
13318,chr5,181223875,181224082,178859839,178860186,EH38E3684637,EH38E2436528,181224000,181225000,178859000,178860000,1,-1
13319,chr5,177458088,177458239,178859839,178860186,EH38E3681955,EH38E2436528,177458000,177459000,178860000,178861000,1,-1
13320,chr5,177485349,177485612,178859839,178860186,EH38E3681998,EH38E2436528,177485000,177486000,178860000,178861000,1,-1
13321,chr5,178115212,178115557,178859839,178860186,EH38E3682263,EH38E2436528,178115000,178116000,178860000,178861000,1,-1
13322,chr5,178115566,178115780,178859839,178860186,EH38E2435929,EH38E2436528,178115000,178116000,178860000,178861000,1,-1
13323,chr5,178115831,178116002,178859839,178860186,EH38E3682264,EH38E2436528,178115000,178116000,178860000,178861000,1,-1
13324,chr5,178627351,178627515,178859839,178860186,EH38E3682818,EH38E2436528,178627000,178628000,178860000,178861000,3,-1
13325,chr5,179549803,179550104,178859839,178860186,EH38E3683374,EH38E2436528,179550000,179551000,178860000,178861000,1,-1
13326,chr5,179550674,179550989,178859839,178860186,EH38E3683377,EH38E2436528,179550000,179551000,178860000,178861000,1,-1
13327,chr5,179551000,179551207,178859839,178860186,EH38E3683378,EH38E2436528,179550000,179551000,178860000,178861000,1,-1
13328,chr5,179732911,179733186,178859839,178860186,EH38E3683487,EH38E2436528,179732000,179733000,178860000,178861000,1,-1
13329,chr5,180090246,180090398,178859839,178860186,EH38E3683847,EH38E2436528,180090000,180091000,178860000,178861000,1,-1
13330,chr5,180090414,180090761,178859839,178860186,EH38E3683848,EH38E2436528,180090000,180091000,178860000,178861000,1,-1
13331,chr5,176943864,176944186,178895786,178896136,EH38E3681512,EH38E2436547,176944000,176945000,178895000,178896000,1,-1
13332,chr5,177336178,177336518,178895786,178896136,EH38E2435510,EH38E2436547,177336000,177337000,178895000,178896000,1,-1
13333,chr5,177495205,177495375,178895786,178896136,EH38E3682014,EH38E2436547,177495000,177496000,178895000,178896000,1,-1
13334,chr5,177495450,177495774,178895786,178896136,EH38E3682015,EH38E2436547,177495000,177496000,178895000,178896000,1,-1
13335,chr5,177495775,177495949,178895786,178896136,EH38E3682016,EH38E2436547,177495000,177496000,178895000,178896000,1,-1
13336,chr5,178205250,178205512,178895786,178896136,EH38E3682350,EH38E2436547,178205000,178206000,178895000,178896000,1,-1
13337,chr5,178223734,178224084,178895786,178896136,EH38E3682376,EH38E2436547,178224000,178225000,178895000,178896000,1,-1
13338,chr5,178232101,178232313,178895786,178896136,EH38E2436048,EH38E2436547,178232000,178233000,178895000,178896000,1,-1
13339,chr5,179549803,179550104,178895786,178896136,EH38E3683374,EH38E2436547,179550000,179551000,178895000,178896000,1,-1
13340,chr5,179550674,179550989,178895786,178896136,EH38E3683377,EH38E2436547,179550000,179551000,178895000,178896000,1,-1
13341,chr5,179551000,179551207,178895786,178896136,EH38E3683378,EH38E2436547,179550000,179551000,178895000,178896000,1,-1
13342,chr5,179558958,179559264,178895786,178896136,EH38E3683384,EH38E2436547,179558000,179559000,178895000,178896000,2,-1
13343,chr5,179818948,179819291,178895786,178896136,EH38E2437136,EH38E2436547,179819000,179820000,178895000,178896000,1,-1
13344,chr5,179819459,179819808,178895786,178896136,EH38E3683607,EH38E2436547,179819000,179820000,178895000,178896000,1,-1
13345,chr5,180831787,180831937,178895786,178896136,EH38E3684394,EH38E2436547,180831000,180832000,178895000,178896000,1,-1
13346,chr5,181221911,181222209,178895786,178896136,EH38E3684633,EH38E2436547,181222000,181223000,178895000,178896000,1,-1
13347,chr5,181260754,181260919,178895786,178896136,EH38E3684700,EH38E2436547,181260000,181261000,178895000,178896000,1,-1
13348,chr5,177456127,177456302,178895786,178896136,EH38E3681951,EH38E2436547,177456000,177457000,178896000,178897000,1,-1
13349,chr5,177456336,177456686,178895786,178896136,EH38E3681952,EH38E2436547,177456000,177457000,178896000,178897000,1,-1
13350,chr5,177456725,177456910,178895786,178896136,EH38E3681953,EH38E2436547,177456000,177457000,178896000,178897000,1,-1
13351,chr5,177458088,177458239,178895786,178896136,EH38E3681955,EH38E2436547,177458000,177459000,178896000,178897000,1,-1
13352,chr5,177958812,177959162,178895786,178896136,EH38E3682190,EH38E2436547,177958000,177959000,178896000,178897000,1,-1
13353,chr5,178115831,178116002,178895786,178896136,EH38E3682264,EH38E2436547,178116000,178117000,178896000,178897000,1,-1
13354,chr5,178116042,178116356,178895786,178896136,EH38E3682265,EH38E2436547,178116000,178117000,178896000,178897000,1,-1
13355,chr5,178116362,178116563,178895786,178896136,EH38E3682266,EH38E2436547,178116000,178117000,178896000,178897000,1,-1
13356,chr5,178116578,178116927,178895786,178896136,EH38E3682267,EH38E2436547,178116000,178117000,178896000,178897000,1,-1
13357,chr5,178626351,178626700,178895786,178896136,EH38E2436401,EH38E2436547,178626000,178627000,178896000,178897000,2,-1
13358,chr5,178627351,178627515,178895786,178896136,EH38E3682818,EH38E2436547,178627000,178628000,178896000,178897000,1,-1
13359,chr5,179023966,179024167,178895786,178896136,EH38E3682985,EH38E2436547,179023000,179024000,178896000,178897000,4,-1
13360,chr5,179559876,179560137,178895786,178896136,EH38E3683386,EH38E2436547,179560000,179561000,178896000,178897000,1,-1
13361,chr5,179624025,179624275,178895786,178896136,EH38E3683431,EH38E2436547,179624000,179625000,178896000,178897000,2,-1
13362,chr5,179624870,179625191,178895786,178896136,EH38E3683433,EH38E2436547,179624000,179625000,178896000,178897000,2,-1
13363,chr5,179763240,179763580,178895786,178896136,EH38E2437060,EH38E2436547,179763000,179764000,178896000,178897000,1,-1
13364,chr5,178232101,178232313,178940957,178941305,EH38E2436048,EH38E2436560,178232000,178233000,178940000,178941000,1,-1
13365,chr5,179610375,179610584,178940957,178941305,EH38E3683409,EH38E2436560,179610000,179611000,178940000,178941000,1,-1
13366,chr5,179623326,179623549,178940957,178941305,EH38E3683429,EH38E2436560,179623000,179624000,178940000,178941000,1,-1
13367,chr5,177958812,177959162,178940957,178941305,EH38E3682190,EH38E2436560,177958000,177959000,178941000,178942000,1,-1
13368,chr5,178180119,178180415,178940957,178941305,EH38E3682331,EH38E2436560,178180000,178181000,178941000,178942000,1,-1
13369,chr5,178180524,178180852,178940957,178941305,EH38E3682332,EH38E2436560,178180000,178181000,178941000,178942000,1,-1
13370,chr5,179023966,179024167,178940957,178941305,EH38E3682985,EH38E2436560,179024000,179025000,178941000,178942000,2,-1
13371,chr5,179551000,179551207,178940957,178941305,EH38E3683378,EH38E2436560,179551000,179552000,178941000,178942000,1,-1
13372,chr5,179678157,179678378,178940957,178941305,EH38E3683449,EH38E2436560,179678000,179679000,178941000,178942000,2,-1
13373,chr5,181160463,181160792,178940957,178941305,EH38E3684534,EH38E2436560,181160000,181161000,178941000,178942000,1,-1
13374,chr5,181260754,181260919,178940957,178941305,EH38E3684700,EH38E2436560,181260000,181261000,178941000,178942000,1,-1
13375,chr5,177958812,177959162,179023593,179023943,EH38E3682190,EH38E3682984,177959000,177960000,179023000,179024000,1,-1
13376,chr5,178114056,178114221,179023593,179023943,EH38E3682259,EH38E3682984,178114000,178115000,179023000,179024000,1,-1
13377,chr5,178114221,178114571,179023593,179023943,EH38E3682260,EH38E3682984,178114000,178115000,179023000,179024000,1,-1
13378,chr5,178115212,178115557,179023593,179023943,EH38E3682263,EH38E3682984,178115000,178116000,179023000,179024000,1,-1
13379,chr5,178115566,178115780,179023593,179023943,EH38E2435929,EH38E3682984,178115000,178116000,179023000,179024000,1,-1
13380,chr5,178115831,178116002,179023593,179023943,EH38E3682264,EH38E3682984,178115000,178116000,179023000,179024000,1,-1
13381,chr5,178116042,178116356,179023593,179023943,EH38E3682265,EH38E3682984,178116000,178117000,179023000,179024000,1,-1
13382,chr5,178116362,178116563,179023593,179023943,EH38E3682266,EH38E3682984,178116000,178117000,179023000,179024000,1,-1
13383,chr5,178116578,178116927,179023593,179023943,EH38E3682267,EH38E3682984,178116000,178117000,179023000,179024000,1,-1
13384,chr5,178129439,178129636,179023593,179023943,EH38E3682295,EH38E3682984,178129000,178130000,179023000,179024000,1,-1
13385,chr5,178223734,178224084,179023593,179023943,EH38E3682376,EH38E3682984,178224000,178225000,179023000,179024000,1,-1
13386,chr5,178420446,178420785,179023593,179023943,EH38E3682622,EH38E3682984,178420000,178421000,179023000,179024000,1,-1
13387,chr5,178626351,178626700,179023593,179023943,EH38E2436401,EH38E3682984,178626000,178627000,179023000,179024000,1,-1
13388,chr5,179023966,179024167,179023593,179023943,EH38E3682985,EH38E3682984,179023000,179024000,179023000,179024000,115,-1
13389,chr5,179549803,179550104,179023593,179023943,EH38E3683374,EH38E3682984,179550000,179551000,179023000,179024000,1,-1
13390,chr5,179550674,179550989,179023593,179023943,EH38E3683377,EH38E3682984,179550000,179551000,179023000,179024000,1,-1
13391,chr5,179551000,179551207,179023593,179023943,EH38E3683378,EH38E3682984,179551000,179552000,179023000,179024000,1,-1
13392,chr5,179678157,179678378,179023593,179023943,EH38E3683449,EH38E3682984,179678000,179679000,179023000,179024000,1,-1
13393,chr5,181223444,181223761,179023593,179023943,EH38E3684636,EH38E3682984,181223000,181224000,179023000,179024000,1,-1
13394,chr5,181223875,181224082,179023593,179023943,EH38E3684637,EH38E3682984,181223000,181224000,179023000,179024000,1,-1
13395,chr5,177351765,177352061,179060147,179060497,EH38E3681789,EH38E2436591,177352000,177353000,179060000,179061000,1,-1
13396,chr5,177366725,177367004,179060147,179060497,EH38E3681815,EH38E2436591,177366000,177367000,179060000,179061000,2,-1
13397,chr5,177607407,177607754,179060147,179060497,EH38E3682132,EH38E2436591,177607000,177608000,179060000,179061000,1,-1
13398,chr5,177607834,177608171,179060147,179060497,EH38E2435839,EH38E2436591,177607000,177608000,179060000,179061000,1,-1
13399,chr5,178127260,178127608,179060147,179060497,EH38E3682293,EH38E2436591,178127000,178128000,179060000,179061000,1,-1
13400,chr5,178626351,178626700,179060147,179060497,EH38E2436401,EH38E2436591,178626000,178627000,179060000,179061000,2,-1
13401,chr5,179023966,179024167,179060147,179060497,EH38E3682985,EH38E2436591,179023000,179024000,179060000,179061000,3,-1
13402,chr5,179551000,179551207,179060147,179060497,EH38E3683378,EH38E2436591,179551000,179552000,179060000,179061000,1,-1
13403,chr5,179559876,179560137,179060147,179060497,EH38E3683386,EH38E2436591,179560000,179561000,179060000,179061000,3,-1
13404,chr5,179624025,179624275,179060147,179060497,EH38E3683431,EH38E2436591,179624000,179625000,179060000,179061000,1,-1
13405,chr5,179624870,179625191,179060147,179060497,EH38E3683433,EH38E2436591,179624000,179625000,179060000,179061000,1,-1
13406,chr5,179679100,179679438,179060147,179060497,EH38E3683451,EH38E2436591,179679000,179680000,179060000,179061000,1,-1
13407,chr5,176389313,176389470,179345350,179345700,EH38E3680969,EH38E3683272,176389000,176390000,179345000,179346000,1,-1
13408,chr5,177456127,177456302,179345350,179345700,EH38E3681951,EH38E3683272,177456000,177457000,179345000,179346000,1,-1
13409,chr5,177456336,177456686,179345350,179345700,EH38E3681952,EH38E3683272,177456000,177457000,179345000,179346000,1,-1
13410,chr5,177456725,177456910,179345350,179345700,EH38E3681953,EH38E3683272,177456000,177457000,179345000,179346000,1,-1
13411,chr5,177458088,177458239,179345350,179345700,EH38E3681955,EH38E3683272,177458000,177459000,179345000,179346000,1,-1
13412,chr5,177599717,177599874,179345350,179345700,EH38E3682121,EH38E3683272,177599000,177600000,179345000,179346000,1,-1
13413,chr5,177607407,177607754,179345350,179345700,EH38E3682132,EH38E3683272,177607000,177608000,179345000,179346000,1,-1
13414,chr5,177607834,177608171,179345350,179345700,EH38E2435839,EH38E3683272,177607000,177608000,179345000,179346000,1,-1
13415,chr5,177958812,177959162,179345350,179345700,EH38E3682190,EH38E3683272,177958000,177959000,179345000,179346000,1,-1
13416,chr5,178626351,178626700,179345350,179345700,EH38E2436401,EH38E3683272,178626000,178627000,179345000,179346000,1,-1
13417,chr5,178627351,178627515,179345350,179345700,EH38E3682818,EH38E3683272,178627000,178628000,179345000,179346000,1,-1
13418,chr5,179549803,179550104,179345350,179345700,EH38E3683374,EH38E3683272,179549000,179550000,179345000,179346000,2,-1
13419,chr5,179550674,179550989,179345350,179345700,EH38E3683377,EH38E3683272,179550000,179551000,179345000,179346000,2,-1
13420,chr5,179551000,179551207,179345350,179345700,EH38E3683378,EH38E3683272,179551000,179552000,179345000,179346000,2,-1
13421,chr5,179558958,179559264,179345350,179345700,EH38E3683384,EH38E3683272,179558000,179559000,179345000,179346000,1,-1
13422,chr5,179559876,179560137,179345350,179345700,EH38E3683386,EH38E3683272,179560000,179561000,179345000,179346000,1,-1
13423,chr5,179610375,179610584,179345350,179345700,EH38E3683409,EH38E3683272,179610000,179611000,179345000,179346000,2,-1
13424,chr5,179623326,179623549,179345350,179345700,EH38E3683429,EH38E3683272,179623000,179624000,179345000,179346000,1,-1
13425,chr5,179624025,179624275,179345350,179345700,EH38E3683431,EH38E3683272,179624000,179625000,179345000,179346000,1,-1
13426,chr5,179624870,179625191,179345350,179345700,EH38E3683433,EH38E3683272,179624000,179625000,179345000,179346000,1,-1
13427,chr5,179679100,179679438,179345350,179345700,EH38E3683451,EH38E3683272,179679000,179680000,179345000,179346000,2,-1
13428,chr5,179732911,179733186,179345350,179345700,EH38E3683487,EH38E3683272,179732000,179733000,179345000,179346000,1,-1
13429,chr5,181281565,181281905,179345350,179345700,EH38E2438146,EH38E3683272,181281000,181282000,179345000,179346000,1,-1
13430,chr5,177336178,177336518,179550283,179550464,EH38E2435510,EH38E3683375,177336000,177337000,179550000,179551000,1,-1
13431,chr5,177458088,177458239,179550283,179550464,EH38E3681955,EH38E3683375,177458000,177459000,179550000,179551000,1,-1
13432,chr5,178115212,178115557,179550283,179550464,EH38E3682263,EH38E3683375,178115000,178116000,179550000,179551000,1,-1
13433,chr5,178115566,178115780,179550283,179550464,EH38E2435929,EH38E3683375,178115000,178116000,179550000,179551000,1,-1
13434,chr5,178115831,178116002,179550283,179550464,EH38E3682264,EH38E3683375,178115000,178116000,179550000,179551000,1,-1
13435,chr5,178130568,178130786,179550283,179550464,EH38E3682298,EH38E3683375,178130000,178131000,179550000,179551000,1,-1
13436,chr5,178232101,178232313,179550283,179550464,EH38E2436048,EH38E3683375,178232000,178233000,179550000,179551000,1,-1
13437,chr5,179023966,179024167,179550283,179550464,EH38E3682985,EH38E3683375,179023000,179024000,179550000,179551000,1,-1
13438,chr5,179549803,179550104,179550283,179550464,EH38E3683374,EH38E3683375,179549000,179550000,179550000,179551000,203,-1
13439,chr5,179549803,179550104,179550283,179550464,EH38E3683374,EH38E3683375,179550000,179551000,179550000,179551000,95,-1
13440,chr5,179550674,179550989,179550283,179550464,EH38E3683377,EH38E3683375,179550000,179551000,179550000,179551000,95,-1
13441,chr5,179551000,179551207,179550283,179550464,EH38E3683378,EH38E3683375,179551000,179552000,179550000,179551000,95,-1
13442,chr5,179558958,179559264,179550283,179550464,EH38E3683384,EH38E3683375,179558000,179559000,179550000,179551000,12,-1
13443,chr5,179559876,179560137,179550283,179550464,EH38E3683386,EH38E3683375,179559000,179560000,179550000,179551000,16,-1
13444,chr5,179610375,179610584,179550283,179550464,EH38E3683409,EH38E3683375,179610000,179611000,179550000,179551000,1,-1
13445,chr5,179623326,179623549,179550283,179550464,EH38E3683429,EH38E3683375,179623000,179624000,179550000,179551000,2,-1
13446,chr5,179624025,179624275,179550283,179550464,EH38E3683431,EH38E3683375,179624000,179625000,179550000,179551000,2,-1
13447,chr5,179624870,179625191,179550283,179550464,EH38E3683433,EH38E3683375,179624000,179625000,179550000,179551000,2,-1
13448,chr5,179678157,179678378,179550283,179550464,EH38E3683449,EH38E3683375,179678000,179679000,179550000,179551000,5,-1
13449,chr5,179763240,179763580,179550283,179550464,EH38E2437060,EH38E3683375,179763000,179764000,179550000,179551000,3,-1
13450,chr5,179818948,179819291,179550283,179550464,EH38E2437136,EH38E3683375,179819000,179820000,179550000,179551000,1,-1
13451,chr5,179819459,179819808,179550283,179550464,EH38E3683607,EH38E3683375,179819000,179820000,179550000,179551000,1,-1
13452,chr5,180083080,180083412,179550283,179550464,EH38E2437348,EH38E3683375,180083000,180084000,179550000,179551000,2,-1
13453,chr5,180292555,180292904,179550283,179550464,EH38E3683997,EH38E3683375,180292000,180293000,179550000,179551000,1,-1
13454,chr5,181244108,181244294,179550283,179550464,EH38E3684673,EH38E3683375,181244000,181245000,179550000,179551000,1,-1
13455,chr5,181244368,181244615,179550283,179550464,EH38E3684674,EH38E3683375,181244000,181245000,179550000,179551000,1,-1
13456,chr5,181260754,181260919,179550283,179550464,EH38E3684700,EH38E3683375,181260000,181261000,179550000,179551000,1,-1
13457,chr5,177336178,177336518,179550521,179550672,EH38E2435510,EH38E3683376,177336000,177337000,179550000,179551000,1,-1
13458,chr5,177458088,177458239,179550521,179550672,EH38E3681955,EH38E3683376,177458000,177459000,179550000,179551000,1,-1
13459,chr5,178115212,178115557,179550521,179550672,EH38E3682263,EH38E3683376,178115000,178116000,179550000,179551000,1,-1
13460,chr5,178115566,178115780,179550521,179550672,EH38E2435929,EH38E3683376,178115000,178116000,179550000,179551000,1,-1
13461,chr5,178115831,178116002,179550521,179550672,EH38E3682264,EH38E3683376,178115000,178116000,179550000,179551000,1,-1
13462,chr5,178130568,178130786,179550521,179550672,EH38E3682298,EH38E3683376,178130000,178131000,179550000,179551000,1,-1
13463,chr5,178232101,178232313,179550521,179550672,EH38E2436048,EH38E3683376,178232000,178233000,179550000,179551000,1,-1
13464,chr5,179023966,179024167,179550521,179550672,EH38E3682985,EH38E3683376,179023000,179024000,179550000,179551000,1,-1
13465,chr5,179549803,179550104,179550521,179550672,EH38E3683374,EH38E3683376,179549000,179550000,179550000,179551000,203,-1
13466,chr5,179549803,179550104,179550521,179550672,EH38E3683374,EH38E3683376,179550000,179551000,179550000,179551000,95,-1
13467,chr5,179550674,179550989,179550521,179550672,EH38E3683377,EH38E3683376,179550000,179551000,179550000,179551000,95,-1
13468,chr5,179551000,179551207,179550521,179550672,EH38E3683378,EH38E3683376,179551000,179552000,179550000,179551000,95,-1
13469,chr5,179558958,179559264,179550521,179550672,EH38E3683384,EH38E3683376,179558000,179559000,179550000,179551000,12,-1
13470,chr5,179559876,179560137,179550521,179550672,EH38E3683386,EH38E3683376,179559000,179560000,179550000,179551000,16,-1
13471,chr5,179610375,179610584,179550521,179550672,EH38E3683409,EH38E3683376,179610000,179611000,179550000,179551000,1,-1
13472,chr5,179623326,179623549,179550521,179550672,EH38E3683429,EH38E3683376,179623000,179624000,179550000,179551000,2,-1
13473,chr5,179624025,179624275,179550521,179550672,EH38E3683431,EH38E3683376,179624000,179625000,179550000,179551000,2,-1
13474,chr5,179624870,179625191,179550521,179550672,EH38E3683433,EH38E3683376,179624000,179625000,179550000,179551000,2,-1
13475,chr5,179678157,179678378,179550521,179550672,EH38E3683449,EH38E3683376,179678000,179679000,179550000,179551000,5,-1
13476,chr5,179763240,179763580,179550521,179550672,EH38E2437060,EH38E3683376,179763000,179764000,179550000,179551000,3,-1
13477,chr5,179818948,179819291,179550521,179550672,EH38E2437136,EH38E3683376,179819000,179820000,179550000,179551000,1,-1
13478,chr5,179819459,179819808,179550521,179550672,EH38E3683607,EH38E3683376,179819000,179820000,179550000,179551000,1,-1
13479,chr5,180083080,180083412,179550521,179550672,EH38E2437348,EH38E3683376,180083000,180084000,179550000,179551000,2,-1
13480,chr5,180292555,180292904,179550521,179550672,EH38E3683997,EH38E3683376,180292000,180293000,179550000,179551000,1,-1
13481,chr5,181244108,181244294,179550521,179550672,EH38E3684673,EH38E3683376,181244000,181245000,179550000,179551000,1,-1
13482,chr5,181244368,181244615,179550521,179550672,EH38E3684674,EH38E3683376,181244000,181245000,179550000,179551000,1,-1
13483,chr5,181260754,181260919,179550521,179550672,EH38E3684700,EH38E3683376,181260000,181261000,179550000,179551000,1,-1
13484,chr5,177366725,177367004,179559484,179559832,EH38E3681815,EH38E3683385,177366000,177367000,179559000,179560000,1,-1
13485,chr5,177425947,177426189,179559484,179559832,EH38E2435603,EH38E3683385,177426000,177427000,179559000,179560000,1,-1
13486,chr5,177426284,177426634,179559484,179559832,EH38E3681886,EH38E3683385,177426000,177427000,179559000,179560000,1,-1
13487,chr5,177458088,177458239,179559484,179559832,EH38E3681955,EH38E3683385,177458000,177459000,179559000,179560000,2,-1
13488,chr5,177494325,177494572,179559484,179559832,EH38E2435729,EH38E3683385,177494000,177495000,179559000,179560000,1,-1
13489,chr5,177517337,177517499,179559484,179559832,EH38E3682049,EH38E3683385,177517000,177518000,179559000,179560000,2,-1
13490,chr5,178177578,178177927,179559484,179559832,EH38E3682329,EH38E3683385,178177000,178178000,179559000,179560000,2,-1
13491,chr5,178626351,178626700,179559484,179559832,EH38E2436401,EH38E3683385,178626000,178627000,179559000,179560000,1,-1
13492,chr5,179549803,179550104,179559484,179559832,EH38E3683374,EH38E3683385,179549000,179550000,179559000,179560000,12,-1
13493,chr5,179550674,179550989,179559484,179559832,EH38E3683377,EH38E3683385,179550000,179551000,179559000,179560000,16,-1
13494,chr5,179551000,179551207,179559484,179559832,EH38E3683378,EH38E3683385,179551000,179552000,179559000,179560000,16,-1
13495,chr5,179558958,179559264,179559484,179559832,EH38E3683384,EH38E3683385,179558000,179559000,179559000,179560000,85,-1
13496,chr5,179558958,179559264,179559484,179559832,EH38E3683384,EH38E3683385,179559000,179560000,179559000,179560000,240,-1
13497,chr5,179559876,179560137,179559484,179559832,EH38E3683386,EH38E3683385,179559000,179560000,179559000,179560000,240,-1
13498,chr5,179610375,179610584,179559484,179559832,EH38E3683409,EH38E3683385,179610000,179611000,179559000,179560000,6,-1
13499,chr5,179623326,179623549,179559484,179559832,EH38E3683429,EH38E3683385,179623000,179624000,179559000,179560000,4,-1
13500,chr5,179624025,179624275,179559484,179559832,EH38E3683431,EH38E3683385,179624000,179625000,179559000,179560000,6,-1
13501,chr5,179624870,179625191,179559484,179559832,EH38E3683433,EH38E3683385,179624000,179625000,179559000,179560000,6,-1
13502,chr5,179678157,179678378,179559484,179559832,EH38E3683449,EH38E3683385,179678000,179679000,179559000,179560000,8,-1
13503,chr5,179679100,179679438,179559484,179559832,EH38E3683451,EH38E3683385,179679000,179680000,179559000,179560000,6,-1
13504,chr5,179732911,179733186,179559484,179559832,EH38E3683487,EH38E3683385,179732000,179733000,179559000,179560000,2,-1
13505,chr5,179733545,179733698,179559484,179559832,EH38E3683489,EH38E3683385,179733000,179734000,179559000,179560000,1,-1
13506,chr5,179763240,179763580,179559484,179559832,EH38E2437060,EH38E3683385,179763000,179764000,179559000,179560000,2,-1
13507,chr5,179818948,179819291,179559484,179559832,EH38E2437136,EH38E3683385,179818000,179819000,179559000,179560000,1,-1
13508,chr5,179819459,179819808,179559484,179559832,EH38E3683607,EH38E3683385,179819000,179820000,179559000,179560000,1,-1
13509,chr5,179821082,179821309,179559484,179559832,EH38E3683612,EH38E3683385,179821000,179822000,179559000,179560000,2,-1
13510,chr5,179821336,179821615,179559484,179559832,EH38E3683613,EH38E3683385,179821000,179822000,179559000,179560000,2,-1
13511,chr5,179821617,179821966,179559484,179559832,EH38E3683614,EH38E3683385,179821000,179822000,179559000,179560000,2,-1
13512,chr5,180090246,180090398,179559484,179559832,EH38E3683847,EH38E3683385,180090000,180091000,179559000,179560000,1,-1
13513,chr5,180090414,180090761,179559484,179559832,EH38E3683848,EH38E3683385,180090000,180091000,179559000,179560000,1,-1
13514,chr5,180292555,180292904,179559484,179559832,EH38E3683997,EH38E3683385,180292000,180293000,179559000,179560000,1,-1
13515,chr5,180785574,180785744,179559484,179559832,EH38E3684325,EH38E3683385,180785000,180786000,179559000,179560000,1,-1
13516,chr5,180785783,180786119,179559484,179559832,EH38E3684326,EH38E3683385,180785000,180786000,179559000,179560000,1,-1
13517,chr5,180802251,180802597,179559484,179559832,EH38E3684350,EH38E3683385,180802000,180803000,179559000,179560000,1,-1
13518,chr5,177300251,177300600,179623637,179623987,EH38E2435465,EH38E3683430,177300000,177301000,179623000,179624000,1,-1
13519,chr5,178115212,178115557,179623637,179623987,EH38E3682263,EH38E3683430,178115000,178116000,179623000,179624000,1,-1
13520,chr5,178115566,178115780,179623637,179623987,EH38E2435929,EH38E3683430,178115000,178116000,179623000,179624000,1,-1
13521,chr5,178115831,178116002,179623637,179623987,EH38E3682264,EH38E3683430,178115000,178116000,179623000,179624000,1,-1
13522,chr5,178116042,178116356,179623637,179623987,EH38E3682265,EH38E3683430,178116000,178117000,179623000,179624000,1,-1
13523,chr5,178116362,178116563,179623637,179623987,EH38E3682266,EH38E3683430,178116000,178117000,179623000,179624000,1,-1
13524,chr5,178116578,178116927,179623637,179623987,EH38E3682267,EH38E3683430,178116000,178117000,179623000,179624000,1,-1
13525,chr5,178180119,178180415,179623637,179623987,EH38E3682331,EH38E3683430,178180000,178181000,179623000,179624000,1,-1
13526,chr5,178180524,178180852,179623637,179623987,EH38E3682332,EH38E3683430,178180000,178181000,179623000,179624000,1,-1
13527,chr5,178223734,178224084,179623637,179623987,EH38E3682376,EH38E3683430,178224000,178225000,179623000,179624000,1,-1
13528,chr5,178232101,178232313,179623637,179623987,EH38E2436048,EH38E3683430,178232000,178233000,179623000,179624000,1,-1
13529,chr5,178626351,178626700,179623637,179623987,EH38E2436401,EH38E3683430,178626000,178627000,179623000,179624000,1,-1
13530,chr5,179023966,179024167,179623637,179623987,EH38E3682985,EH38E3683430,179024000,179025000,179623000,179624000,1,-1
13531,chr5,179549803,179550104,179623637,179623987,EH38E3683374,EH38E3683430,179549000,179550000,179623000,179624000,4,-1
13532,chr5,179550674,179550989,179623637,179623987,EH38E3683377,EH38E3683430,179550000,179551000,179623000,179624000,2,-1
13533,chr5,179551000,179551207,179623637,179623987,EH38E3683378,EH38E3683430,179551000,179552000,179623000,179624000,2,-1
13534,chr5,179558958,179559264,179623637,179623987,EH38E3683384,EH38E3683430,179558000,179559000,179623000,179624000,2,-1
13535,chr5,179559876,179560137,179623637,179623987,EH38E3683386,EH38E3683430,179559000,179560000,179623000,179624000,4,-1
13536,chr5,179610375,179610584,179623637,179623987,EH38E3683409,EH38E3683430,179610000,179611000,179623000,179624000,14,-1
13537,chr5,179623326,179623549,179623637,179623987,EH38E3683429,EH38E3683430,179623000,179624000,179623000,179624000,690,-1
13538,chr5,179624025,179624275,179623637,179623987,EH38E3683431,EH38E3683430,179624000,179625000,179623000,179624000,364,-1
13539,chr5,179624870,179625191,179623637,179623987,EH38E3683433,EH38E3683430,179624000,179625000,179623000,179624000,364,-1
13540,chr5,179678157,179678378,179623637,179623987,EH38E3683449,EH38E3683430,179678000,179679000,179623000,179624000,11,-1
13541,chr5,179679100,179679438,179623637,179623987,EH38E3683451,EH38E3683430,179679000,179680000,179623000,179624000,12,-1
13542,chr5,179732911,179733186,179623637,179623987,EH38E3683487,EH38E3683430,179732000,179733000,179623000,179624000,2,-1
13543,chr5,179733545,179733698,179623637,179623987,EH38E3683489,EH38E3683430,179733000,179734000,179623000,179624000,4,-1
13544,chr5,179763240,179763580,179623637,179623987,EH38E2437060,EH38E3683430,179763000,179764000,179623000,179624000,3,-1
13545,chr5,179818948,179819291,179623637,179623987,EH38E2437136,EH38E3683430,179819000,179820000,179623000,179624000,2,-1
13546,chr5,179819459,179819808,179623637,179623987,EH38E3683607,EH38E3683430,179819000,179820000,179623000,179624000,2,-1
13547,chr5,179821082,179821309,179623637,179623987,EH38E3683612,EH38E3683430,179821000,179822000,179623000,179624000,2,-1
13548,chr5,179821336,179821615,179623637,179623987,EH38E3683613,EH38E3683430,179821000,179822000,179623000,179624000,2,-1
13549,chr5,179821617,179821966,179623637,179623987,EH38E3683614,EH38E3683430,179821000,179822000,179623000,179624000,2,-1
13550,chr5,180343062,180343340,179623637,179623987,EH38E2437523,EH38E3683430,180343000,180344000,179623000,179624000,1,-1
13551,chr5,180343390,180343591,179623637,179623987,EH38E2437524,EH38E3683430,180343000,180344000,179623000,179624000,1,-1
13552,chr5,180343744,180343902,179623637,179623987,EH38E2437525,EH38E3683430,180343000,180344000,179623000,179624000,1,-1
13553,chr5,180785783,180786119,179623637,179623987,EH38E3684326,EH38E3683430,180786000,180787000,179623000,179624000,1,-1
13554,chr5,176943864,176944186,179678441,179678789,EH38E3681512,EH38E3683450,176944000,176945000,179678000,179679000,1,-1
13555,chr5,177022897,177023127,179678441,179678789,EH38E3681551,EH38E3683450,177022000,177023000,179678000,179679000,1,-1
13556,chr5,177428079,177428312,179678441,179678789,EH38E3681888,EH38E3683450,177428000,177429000,179678000,179679000,1,-1
13557,chr5,177454179,177454382,179678441,179678789,EH38E3681946,EH38E3683450,177454000,177455000,179678000,179679000,1,-1
13558,chr5,177454492,177454838,179678441,179678789,EH38E3681947,EH38E3683450,177454000,177455000,179678000,179679000,1,-1
13559,chr5,178223734,178224084,179678441,179678789,EH38E3682376,EH38E3683450,178223000,178224000,179678000,179679000,1,-1
13560,chr5,178626351,178626700,179678441,179678789,EH38E2436401,EH38E3683450,178626000,178627000,179678000,179679000,2,-1
13561,chr5,179023966,179024167,179678441,179678789,EH38E3682985,EH38E3683450,179023000,179024000,179678000,179679000,1,-1
13562,chr5,179549803,179550104,179678441,179678789,EH38E3683374,EH38E3683450,179549000,179550000,179678000,179679000,4,-1
13563,chr5,179550674,179550989,179678441,179678789,EH38E3683377,EH38E3683450,179550000,179551000,179678000,179679000,5,-1
13564,chr5,179551000,179551207,179678441,179678789,EH38E3683378,EH38E3683450,179551000,179552000,179678000,179679000,5,-1
13565,chr5,179558958,179559264,179678441,179678789,EH38E3683384,EH38E3683450,179558000,179559000,179678000,179679000,1,-1
13566,chr5,179559876,179560137,179678441,179678789,EH38E3683386,EH38E3683450,179559000,179560000,179678000,179679000,8,-1
13567,chr5,179610375,179610584,179678441,179678789,EH38E3683409,EH38E3683450,179610000,179611000,179678000,179679000,4,-1
13568,chr5,179623326,179623549,179678441,179678789,EH38E3683429,EH38E3683450,179623000,179624000,179678000,179679000,11,-1
13569,chr5,179624025,179624275,179678441,179678789,EH38E3683431,EH38E3683450,179624000,179625000,179678000,179679000,17,-1
13570,chr5,179624870,179625191,179678441,179678789,EH38E3683433,EH38E3683450,179624000,179625000,179678000,179679000,17,-1
13571,chr5,179678157,179678378,179678441,179678789,EH38E3683449,EH38E3683450,179678000,179679000,179678000,179679000,700,-1
13572,chr5,179679100,179679438,179678441,179678789,EH38E3683451,EH38E3683450,179679000,179680000,179678000,179679000,689,-1
13573,chr5,179732911,179733186,179678441,179678789,EH38E3683487,EH38E3683450,179732000,179733000,179678000,179679000,5,-1
13574,chr5,179733545,179733698,179678441,179678789,EH38E3683489,EH38E3683450,179733000,179734000,179678000,179679000,6,-1
13575,chr5,179763240,179763580,179678441,179678789,EH38E2437060,EH38E3683450,179763000,179764000,179678000,179679000,1,-1
13576,chr5,179818948,179819291,179678441,179678789,EH38E2437136,EH38E3683450,179818000,179819000,179678000,179679000,2,-1
13577,chr5,179819459,179819808,179678441,179678789,EH38E3683607,EH38E3683450,179819000,179820000,179678000,179679000,6,-1
13578,chr5,179821082,179821309,179678441,179678789,EH38E3683612,EH38E3683450,179821000,179822000,179678000,179679000,3,-1
13579,chr5,179821336,179821615,179678441,179678789,EH38E3683613,EH38E3683450,179821000,179822000,179678000,179679000,3,-1
13580,chr5,179821617,179821966,179678441,179678789,EH38E3683614,EH38E3683450,179821000,179822000,179678000,179679000,3,-1
13581,chr5,180085175,180085504,179678441,179678789,EH38E2437353,EH38E3683450,180085000,180086000,179678000,179679000,1,-1
13582,chr5,180085891,180086239,179678441,179678789,EH38E3683843,EH38E3683450,180085000,180086000,179678000,179679000,1,-1
13583,chr5,180332060,180332359,179678441,179678789,EH38E2437512,EH38E3683450,180332000,180333000,179678000,179679000,1,-1
13584,chr5,180831787,180831937,179678441,179678789,EH38E3684394,EH38E3683450,180831000,180832000,179678000,179679000,1,-1
13585,chr5,181221911,181222209,179678441,179678789,EH38E3684633,EH38E3683450,181222000,181223000,179678000,179679000,1,-1
13586,chr5,176943864,176944186,179678891,179679048,EH38E3681512,EH38E2436988,176944000,176945000,179678000,179679000,1,-1
13587,chr5,177022897,177023127,179678891,179679048,EH38E3681551,EH38E2436988,177022000,177023000,179678000,179679000,1,-1
13588,chr5,177428079,177428312,179678891,179679048,EH38E3681888,EH38E2436988,177428000,177429000,179678000,179679000,1,-1
13589,chr5,177454179,177454382,179678891,179679048,EH38E3681946,EH38E2436988,177454000,177455000,179678000,179679000,1,-1
13590,chr5,177454492,177454838,179678891,179679048,EH38E3681947,EH38E2436988,177454000,177455000,179678000,179679000,1,-1
13591,chr5,178223734,178224084,179678891,179679048,EH38E3682376,EH38E2436988,178223000,178224000,179678000,179679000,1,-1
13592,chr5,178626351,178626700,179678891,179679048,EH38E2436401,EH38E2436988,178626000,178627000,179678000,179679000,2,-1
13593,chr5,179023966,179024167,179678891,179679048,EH38E3682985,EH38E2436988,179023000,179024000,179678000,179679000,1,-1
13594,chr5,179549803,179550104,179678891,179679048,EH38E3683374,EH38E2436988,179549000,179550000,179678000,179679000,4,-1
13595,chr5,179550674,179550989,179678891,179679048,EH38E3683377,EH38E2436988,179550000,179551000,179678000,179679000,5,-1
13596,chr5,179551000,179551207,179678891,179679048,EH38E3683378,EH38E2436988,179550000,179551000,179678000,179679000,5,-1
13597,chr5,179558958,179559264,179678891,179679048,EH38E3683384,EH38E2436988,179558000,179559000,179678000,179679000,1,-1
13598,chr5,179559876,179560137,179678891,179679048,EH38E3683386,EH38E2436988,179559000,179560000,179678000,179679000,8,-1
13599,chr5,179610375,179610584,179678891,179679048,EH38E3683409,EH38E2436988,179610000,179611000,179678000,179679000,4,-1
13600,chr5,179624025,179624275,179678891,179679048,EH38E3683431,EH38E2436988,179624000,179625000,179678000,179679000,17,-1
13601,chr5,179624870,179625191,179678891,179679048,EH38E3683433,EH38E2436988,179624000,179625000,179678000,179679000,17,-1
13602,chr5,179678157,179678378,179678891,179679048,EH38E3683449,EH38E2436988,179678000,179679000,179678000,179679000,700,-1
13603,chr5,179732911,179733186,179678891,179679048,EH38E3683487,EH38E2436988,179732000,179733000,179678000,179679000,5,-1
13604,chr5,179733545,179733698,179678891,179679048,EH38E3683489,EH38E2436988,179733000,179734000,179678000,179679000,6,-1
13605,chr5,179818948,179819291,179678891,179679048,EH38E2437136,EH38E2436988,179818000,179819000,179678000,179679000,2,-1
13606,chr5,179819459,179819808,179678891,179679048,EH38E3683607,EH38E2436988,179819000,179820000,179678000,179679000,6,-1
13607,chr5,179821082,179821309,179678891,179679048,EH38E3683612,EH38E2436988,179821000,179822000,179678000,179679000,3,-1
13608,chr5,179821336,179821615,179678891,179679048,EH38E3683613,EH38E2436988,179821000,179822000,179678000,179679000,3,-1
13609,chr5,179821617,179821966,179678891,179679048,EH38E3683614,EH38E2436988,179821000,179822000,179678000,179679000,3,-1
13610,chr5,180085175,180085504,179678891,179679048,EH38E2437353,EH38E2436988,180085000,180086000,179678000,179679000,1,-1
13611,chr5,180085891,180086239,179678891,179679048,EH38E3683843,EH38E2436988,180085000,180086000,179678000,179679000,1,-1
13612,chr5,180332060,180332359,179678891,179679048,EH38E2437512,EH38E2436988,180332000,180333000,179678000,179679000,1,-1
13613,chr5,180831787,180831937,179678891,179679048,EH38E3684394,EH38E2436988,180831000,180832000,179678000,179679000,1,-1
13614,chr5,181221911,181222209,179678891,179679048,EH38E3684633,EH38E2436988,181222000,181223000,179678000,179679000,1,-1
13615,chr5,177517337,177517499,179678891,179679048,EH38E3682049,EH38E2436988,177517000,177518000,179679000,179680000,1,-1
13616,chr5,177607407,177607754,179678891,179679048,EH38E3682132,EH38E2436988,177607000,177608000,179679000,179680000,1,-1
13617,chr5,177607834,177608171,179678891,179679048,EH38E2435839,EH38E2436988,177607000,177608000,179679000,179680000,1,-1
13618,chr5,178120959,178121307,179678891,179679048,EH38E3682279,EH38E2436988,178121000,178122000,179679000,179680000,1,-1
13619,chr5,178127260,178127608,179678891,179679048,EH38E3682293,EH38E2436988,178127000,178128000,179679000,179680000,1,-1
13620,chr5,178180119,178180415,179678891,179679048,EH38E3682331,EH38E2436988,178180000,178181000,179679000,179680000,1,-1
13621,chr5,178180524,178180852,179678891,179679048,EH38E3682332,EH38E2436988,178180000,178181000,179679000,179680000,1,-1
13622,chr5,178232101,178232313,179678891,179679048,EH38E2436048,EH38E2436988,178232000,178233000,179679000,179680000,1,-1
13623,chr5,178627351,178627515,179678891,179679048,EH38E3682818,EH38E2436988,178627000,178628000,179679000,179680000,1,-1
13624,chr5,179623326,179623549,179678891,179679048,EH38E3683429,EH38E2436988,179623000,179624000,179679000,179680000,12,-1
13625,chr5,179679100,179679438,179678891,179679048,EH38E3683451,EH38E2436988,179679000,179680000,179679000,179680000,690,-1
13626,chr5,179763240,179763580,179678891,179679048,EH38E2437060,EH38E2436988,179763000,179764000,179679000,179680000,2,-1
13627,chr5,180083080,180083412,179678891,179679048,EH38E2437348,EH38E2436988,180083000,180084000,179679000,179680000,1,-1
13628,chr5,180343062,180343340,179678891,179679048,EH38E2437523,EH38E2436988,180343000,180344000,179679000,179680000,1,-1
13629,chr5,180343390,180343591,179678891,179679048,EH38E2437524,EH38E2436988,180343000,180344000,179679000,179680000,1,-1
13630,chr5,180343744,180343902,179678891,179679048,EH38E2437525,EH38E2436988,180343000,180344000,179679000,179680000,1,-1
13631,chr5,180785783,180786119,179678891,179679048,EH38E3684326,EH38E2436988,180786000,180787000,179679000,179680000,1,-1
13632,chr5,180802251,180802597,179678891,179679048,EH38E3684350,EH38E2436988,180802000,180803000,179679000,179680000,1,-1
13633,chr5,177022897,177023127,179698358,179698525,EH38E3681551,EH38E3683462,177022000,177023000,179698000,179699000,1,-1
13634,chr5,177447036,177447376,179698358,179698525,EH38E3681932,EH38E3683462,177447000,177448000,179698000,179699000,1,-1
13635,chr5,177447885,177448234,179698358,179698525,EH38E3681934,EH38E3683462,177447000,177448000,179698000,179699000,1,-1
13636,chr5,177496798,177497141,179698358,179698525,EH38E3682019,EH38E3683462,177497000,177498000,179698000,179699000,1,-1
13637,chr5,178223734,178224084,179698358,179698525,EH38E3682376,EH38E3683462,178224000,178225000,179698000,179699000,1,-1
13638,chr5,179549803,179550104,179698358,179698525,EH38E3683374,EH38E3683462,179549000,179550000,179698000,179699000,2,-1
13639,chr5,179550674,179550989,179698358,179698525,EH38E3683377,EH38E3683462,179550000,179551000,179698000,179699000,1,-1
13640,chr5,179551000,179551207,179698358,179698525,EH38E3683378,EH38E3683462,179551000,179552000,179698000,179699000,1,-1
13641,chr5,179558958,179559264,179698358,179698525,EH38E3683384,EH38E3683462,179559000,179560000,179698000,179699000,1,-1
13642,chr5,179559876,179560137,179698358,179698525,EH38E3683386,EH38E3683462,179559000,179560000,179698000,179699000,1,-1
13643,chr5,179610375,179610584,179698358,179698525,EH38E3683409,EH38E3683462,179610000,179611000,179698000,179699000,5,-1
13644,chr5,179623326,179623549,179698358,179698525,EH38E3683429,EH38E3683462,179623000,179624000,179698000,179699000,6,-1
13645,chr5,179624025,179624275,179698358,179698525,EH38E3683431,EH38E3683462,179624000,179625000,179698000,179699000,6,-1
13646,chr5,179624870,179625191,179698358,179698525,EH38E3683433,EH38E3683462,179624000,179625000,179698000,179699000,6,-1
13647,chr5,179678157,179678378,179698358,179698525,EH38E3683449,EH38E3683462,179678000,179679000,179698000,179699000,25,-1
13648,chr5,179679100,179679438,179698358,179698525,EH38E3683451,EH38E3683462,179679000,179680000,179698000,179699000,25,-1
13649,chr5,179732911,179733186,179698358,179698525,EH38E3683487,EH38E3683462,179732000,179733000,179698000,179699000,4,-1
13650,chr5,179733545,179733698,179698358,179698525,EH38E3683489,EH38E3683462,179733000,179734000,179698000,179699000,5,-1
13651,chr5,179763240,179763580,179698358,179698525,EH38E2437060,EH38E3683462,179763000,179764000,179698000,179699000,3,-1
13652,chr5,179818948,179819291,179698358,179698525,EH38E2437136,EH38E3683462,179818000,179819000,179698000,179699000,4,-1
13653,chr5,179819459,179819808,179698358,179698525,EH38E3683607,EH38E3683462,179819000,179820000,179698000,179699000,4,-1
13654,chr5,179821082,179821309,179698358,179698525,EH38E3683612,EH38E3683462,179821000,179822000,179698000,179699000,2,-1
13655,chr5,179821336,179821615,179698358,179698525,EH38E3683613,EH38E3683462,179821000,179822000,179698000,179699000,2,-1
13656,chr5,179821617,179821966,179698358,179698525,EH38E3683614,EH38E3683462,179821000,179822000,179698000,179699000,2,-1
13657,chr5,180085175,180085504,179698358,179698525,EH38E2437353,EH38E3683462,180085000,180086000,179698000,179699000,1,-1
13658,chr5,180085891,180086239,179698358,179698525,EH38E3683843,EH38E3683462,180085000,180086000,179698000,179699000,1,-1
13659,chr5,180785783,180786119,179698358,179698525,EH38E3684326,EH38E3683462,180786000,180787000,179698000,179699000,2,-1
13660,chr5,177022897,177023127,179698615,179698965,EH38E3681551,EH38E3683463,177022000,177023000,179698000,179699000,1,-1
13661,chr5,177447036,177447376,179698615,179698965,EH38E3681932,EH38E3683463,177447000,177448000,179698000,179699000,1,-1
13662,chr5,177447885,177448234,179698615,179698965,EH38E3681934,EH38E3683463,177447000,177448000,179698000,179699000,1,-1
13663,chr5,177496798,177497141,179698615,179698965,EH38E3682019,EH38E3683463,177497000,177498000,179698000,179699000,1,-1
13664,chr5,178223734,178224084,179698615,179698965,EH38E3682376,EH38E3683463,178224000,178225000,179698000,179699000,1,-1
13665,chr5,179549803,179550104,179698615,179698965,EH38E3683374,EH38E3683463,179549000,179550000,179698000,179699000,2,-1
13666,chr5,179550674,179550989,179698615,179698965,EH38E3683377,EH38E3683463,179550000,179551000,179698000,179699000,1,-1
13667,chr5,179551000,179551207,179698615,179698965,EH38E3683378,EH38E3683463,179551000,179552000,179698000,179699000,1,-1
13668,chr5,179558958,179559264,179698615,179698965,EH38E3683384,EH38E3683463,179559000,179560000,179698000,179699000,1,-1
13669,chr5,179559876,179560137,179698615,179698965,EH38E3683386,EH38E3683463,179559000,179560000,179698000,179699000,1,-1
13670,chr5,179610375,179610584,179698615,179698965,EH38E3683409,EH38E3683463,179610000,179611000,179698000,179699000,5,-1
13671,chr5,179623326,179623549,179698615,179698965,EH38E3683429,EH38E3683463,179623000,179624000,179698000,179699000,6,-1
13672,chr5,179624025,179624275,179698615,179698965,EH38E3683431,EH38E3683463,179624000,179625000,179698000,179699000,6,-1
13673,chr5,179624870,179625191,179698615,179698965,EH38E3683433,EH38E3683463,179624000,179625000,179698000,179699000,6,-1
13674,chr5,179678157,179678378,179698615,179698965,EH38E3683449,EH38E3683463,179678000,179679000,179698000,179699000,25,-1
13675,chr5,179679100,179679438,179698615,179698965,EH38E3683451,EH38E3683463,179679000,179680000,179698000,179699000,25,-1
13676,chr5,179732911,179733186,179698615,179698965,EH38E3683487,EH38E3683463,179732000,179733000,179698000,179699000,4,-1
13677,chr5,179733545,179733698,179698615,179698965,EH38E3683489,EH38E3683463,179733000,179734000,179698000,179699000,5,-1
13678,chr5,179763240,179763580,179698615,179698965,EH38E2437060,EH38E3683463,179763000,179764000,179698000,179699000,3,-1
13679,chr5,179818948,179819291,179698615,179698965,EH38E2437136,EH38E3683463,179818000,179819000,179698000,179699000,4,-1
13680,chr5,179819459,179819808,179698615,179698965,EH38E3683607,EH38E3683463,179819000,179820000,179698000,179699000,4,-1
13681,chr5,179821082,179821309,179698615,179698965,EH38E3683612,EH38E3683463,179821000,179822000,179698000,179699000,2,-1
13682,chr5,179821336,179821615,179698615,179698965,EH38E3683613,EH38E3683463,179821000,179822000,179698000,179699000,2,-1
13683,chr5,179821617,179821966,179698615,179698965,EH38E3683614,EH38E3683463,179821000,179822000,179698000,179699000,2,-1
13684,chr5,180085175,180085504,179698615,179698965,EH38E2437353,EH38E3683463,180085000,180086000,179698000,179699000,1,-1
13685,chr5,180085891,180086239,179698615,179698965,EH38E3683843,EH38E3683463,180085000,180086000,179698000,179699000,1,-1
13686,chr5,180785783,180786119,179698615,179698965,EH38E3684326,EH38E3683463,180786000,180787000,179698000,179699000,2,-1
13687,chr5,177468757,177469034,179732527,179732877,EH38E3681968,EH38E3683486,177469000,177470000,179732000,179733000,1,-1
13688,chr5,177469207,177469547,179732527,179732877,EH38E3681969,EH38E3683486,177469000,177470000,179732000,179733000,1,-1
13689,chr5,179551000,179551207,179732527,179732877,EH38E3683378,EH38E3683486,179551000,179552000,179732000,179733000,1,-1
13690,chr5,179558958,179559264,179732527,179732877,EH38E3683384,EH38E3683486,179559000,179560000,179732000,179733000,2,-1
13691,chr5,179559876,179560137,179732527,179732877,EH38E3683386,EH38E3683486,179559000,179560000,179732000,179733000,2,-1
13692,chr5,179610375,179610584,179732527,179732877,EH38E3683409,EH38E3683486,179610000,179611000,179732000,179733000,1,-1
13693,chr5,179623326,179623549,179732527,179732877,EH38E3683429,EH38E3683486,179623000,179624000,179732000,179733000,2,-1
13694,chr5,179624025,179624275,179732527,179732877,EH38E3683431,EH38E3683486,179624000,179625000,179732000,179733000,5,-1
13695,chr5,179624870,179625191,179732527,179732877,EH38E3683433,EH38E3683486,179624000,179625000,179732000,179733000,5,-1
13696,chr5,179678157,179678378,179732527,179732877,EH38E3683449,EH38E3683486,179678000,179679000,179732000,179733000,5,-1
13697,chr5,179679100,179679438,179732527,179732877,EH38E3683451,EH38E3683486,179679000,179680000,179732000,179733000,3,-1
13698,chr5,179732911,179733186,179732527,179732877,EH38E3683487,EH38E3683486,179732000,179733000,179732000,179733000,141,-1
13699,chr5,179733545,179733698,179732527,179732877,EH38E3683489,EH38E3683486,179733000,179734000,179732000,179733000,82,-1
13700,chr5,179763240,179763580,179732527,179732877,EH38E2437060,EH38E3683486,179763000,179764000,179732000,179733000,7,-1
13701,chr5,179818948,179819291,179732527,179732877,EH38E2437136,EH38E3683486,179818000,179819000,179732000,179733000,2,-1
13702,chr5,179819459,179819808,179732527,179732877,EH38E3683607,EH38E3683486,179819000,179820000,179732000,179733000,2,-1
13703,chr5,180343062,180343340,179732527,179732877,EH38E2437523,EH38E3683486,180343000,180344000,179732000,179733000,1,-1
13704,chr5,180343390,180343591,179732527,179732877,EH38E2437524,EH38E3683486,180343000,180344000,179732000,179733000,1,-1
13705,chr5,180343744,180343902,179732527,179732877,EH38E2437525,EH38E3683486,180343000,180344000,179732000,179733000,1,-1
13706,chr5,181223444,181223761,179732527,179732877,EH38E3684636,EH38E3683486,181223000,181224000,179732000,179733000,1,-1
13707,chr5,181223875,181224082,179732527,179732877,EH38E3684637,EH38E3683486,181223000,181224000,179732000,179733000,1,-1
13708,chr5,178115212,178115557,179806797,179807147,EH38E3682263,EH38E3683588,178115000,178116000,179806000,179807000,1,-1
13709,chr5,178115566,178115780,179806797,179807147,EH38E2435929,EH38E3683588,178115000,178116000,179806000,179807000,1,-1
13710,chr5,178115831,178116002,179806797,179807147,EH38E3682264,EH38E3683588,178115000,178116000,179806000,179807000,1,-1
13711,chr5,178126597,178126935,179806797,179807147,EH38E2435947,EH38E3683588,178126000,178127000,179806000,179807000,1,-1
13712,chr5,178223734,178224084,179806797,179807147,EH38E3682376,EH38E3683588,178223000,178224000,179806000,179807000,1,-1
13713,chr5,179023966,179024167,179806797,179807147,EH38E3682985,EH38E3683588,179024000,179025000,179806000,179807000,1,-1
13714,chr5,179558958,179559264,179806797,179807147,EH38E3683384,EH38E3683588,179558000,179559000,179806000,179807000,1,-1
13715,chr5,179559876,179560137,179806797,179807147,EH38E3683386,EH38E3683588,179560000,179561000,179806000,179807000,1,-1
13716,chr5,179610375,179610584,179806797,179807147,EH38E3683409,EH38E3683588,179610000,179611000,179806000,179807000,2,-1
13717,chr5,179678157,179678378,179806797,179807147,EH38E3683449,EH38E3683588,179678000,179679000,179806000,179807000,2,-1
13718,chr5,179679100,179679438,179806797,179807147,EH38E3683451,EH38E3683588,179679000,179680000,179806000,179807000,2,-1
13719,chr5,179763240,179763580,179806797,179807147,EH38E2437060,EH38E3683588,179763000,179764000,179806000,179807000,1,-1
13720,chr5,180083080,180083412,179806797,179807147,EH38E2437348,EH38E3683588,180083000,180084000,179806000,179807000,1,-1
13721,chr5,180085891,180086239,179806797,179807147,EH38E3683843,EH38E3683588,180086000,180087000,179806000,179807000,1,-1
13722,chr5,180332060,180332359,179806797,179807147,EH38E2437512,EH38E3683588,180332000,180333000,179806000,179807000,1,-1
13723,chr5,180343062,180343340,179806797,179807147,EH38E2437523,EH38E3683588,180343000,180344000,179806000,179807000,1,-1
13724,chr5,180343390,180343591,179806797,179807147,EH38E2437524,EH38E3683588,180343000,180344000,179806000,179807000,1,-1
13725,chr5,180343744,180343902,179806797,179807147,EH38E2437525,EH38E3683588,180343000,180344000,179806000,179807000,1,-1
13726,chr5,180803137,180803484,179806797,179807147,EH38E3684352,EH38E3683588,180803000,180804000,179806000,179807000,1,-1
13727,chr5,181223875,181224082,179806797,179807147,EH38E3684637,EH38E3683588,181224000,181225000,179806000,179807000,1,-1
13728,chr5,181260754,181260919,179806797,179807147,EH38E3684700,EH38E3683588,181260000,181261000,179806000,179807000,1,-1
13729,chr5,177607834,177608171,179806797,179807147,EH38E2435839,EH38E3683588,177608000,177609000,179807000,179808000,1,-1
13730,chr5,178114056,178114221,179806797,179807147,EH38E3682259,EH38E3683588,178114000,178115000,179807000,179808000,1,-1
13731,chr5,178114221,178114571,179806797,179807147,EH38E3682260,EH38E3683588,178114000,178115000,179807000,179808000,1,-1
13732,chr5,178180119,178180415,179806797,179807147,EH38E3682331,EH38E3683588,178180000,178181000,179807000,179808000,1,-1
13733,chr5,178180524,178180852,179806797,179807147,EH38E3682332,EH38E3683588,178180000,178181000,179807000,179808000,1,-1
13734,chr5,179549803,179550104,179806797,179807147,EH38E3683374,EH38E3683588,179549000,179550000,179807000,179808000,1,-1
13735,chr5,179550674,179550989,179806797,179807147,EH38E3683377,EH38E3683588,179550000,179551000,179807000,179808000,1,-1
13736,chr5,179551000,179551207,179806797,179807147,EH38E3683378,EH38E3683588,179550000,179551000,179807000,179808000,1,-1
13737,chr5,179623326,179623549,179806797,179807147,EH38E3683429,EH38E3683588,179623000,179624000,179807000,179808000,2,-1
13738,chr5,179624025,179624275,179806797,179807147,EH38E3683431,EH38E3683588,179624000,179625000,179807000,179808000,3,-1
13739,chr5,179624870,179625191,179806797,179807147,EH38E3683433,EH38E3683588,179624000,179625000,179807000,179808000,3,-1
13740,chr5,179732911,179733186,179806797,179807147,EH38E3683487,EH38E3683588,179732000,179733000,179807000,179808000,3,-1
13741,chr5,179733545,179733698,179806797,179807147,EH38E3683489,EH38E3683588,179733000,179734000,179807000,179808000,4,-1
13742,chr5,179818948,179819291,179806797,179807147,EH38E2437136,EH38E3683588,179818000,179819000,179807000,179808000,40,-1
13743,chr5,179819459,179819808,179806797,179807147,EH38E3683607,EH38E3683588,179819000,179820000,179807000,179808000,39,-1
13744,chr5,179821082,179821309,179806797,179807147,EH38E3683612,EH38E3683588,179821000,179822000,179807000,179808000,23,-1
13745,chr5,179821336,179821615,179806797,179807147,EH38E3683613,EH38E3683588,179821000,179822000,179807000,179808000,23,-1
13746,chr5,179821617,179821966,179806797,179807147,EH38E3683614,EH38E3683588,179821000,179822000,179807000,179808000,23,-1
13747,chr5,180090246,180090398,179806797,179807147,EH38E3683847,EH38E3683588,180090000,180091000,179807000,179808000,1,-1
13748,chr5,180090414,180090761,179806797,179807147,EH38E3683848,EH38E3683588,180090000,180091000,179807000,179808000,1,-1
13749,chr5,180785574,180785744,179806797,179807147,EH38E3684325,EH38E3683588,180785000,180786000,179807000,179808000,2,-1
13750,chr5,180785783,180786119,179806797,179807147,EH38E3684326,EH38E3683588,180785000,180786000,179807000,179808000,2,-1
13751,chr5,181223444,181223761,179806797,179807147,EH38E3684636,EH38E3683588,181223000,181224000,179807000,179808000,2,-1
13752,chr5,177446407,177446587,179820717,179821061,EH38E2435646,EH38E3683611,177446000,177447000,179820000,179821000,1,-1
13753,chr5,178127260,178127608,179820717,179821061,EH38E3682293,EH38E3683611,178127000,178128000,179820000,179821000,1,-1
13754,chr5,179551000,179551207,179820717,179821061,EH38E3683378,EH38E3683611,179551000,179552000,179820000,179821000,3,-1
13755,chr5,179558958,179559264,179820717,179821061,EH38E3683384,EH38E3683611,179559000,179560000,179820000,179821000,4,-1
13756,chr5,179559876,179560137,179820717,179821061,EH38E3683386,EH38E3683611,179559000,179560000,179820000,179821000,4,-1
13757,chr5,179610375,179610584,179820717,179821061,EH38E3683409,EH38E3683611,179610000,179611000,179820000,179821000,2,-1
13758,chr5,179623326,179623549,179820717,179821061,EH38E3683429,EH38E3683611,179623000,179624000,179820000,179821000,2,-1
13759,chr5,179624025,179624275,179820717,179821061,EH38E3683431,EH38E3683611,179624000,179625000,179820000,179821000,2,-1
13760,chr5,179624870,179625191,179820717,179821061,EH38E3683433,EH38E3683611,179624000,179625000,179820000,179821000,2,-1
13761,chr5,179678157,179678378,179820717,179821061,EH38E3683449,EH38E3683611,179678000,179679000,179820000,179821000,3,-1
13762,chr5,179732911,179733186,179820717,179821061,EH38E3683487,EH38E3683611,179732000,179733000,179820000,179821000,3,-1
13763,chr5,179733545,179733698,179820717,179821061,EH38E3683489,EH38E3683611,179733000,179734000,179820000,179821000,7,-1
13764,chr5,179763240,179763580,179820717,179821061,EH38E2437060,EH38E3683611,179763000,179764000,179820000,179821000,9,-1
13765,chr5,179818948,179819291,179820717,179821061,EH38E2437136,EH38E3683611,179818000,179819000,179820000,179821000,233,-1
13766,chr5,179819459,179819808,179820717,179821061,EH38E3683607,EH38E3683611,179819000,179820000,179820000,179821000,1413,-1
13767,chr5,180085175,180085504,179820717,179821061,EH38E2437353,EH38E3683611,180085000,180086000,179820000,179821000,1,-1
13768,chr5,180085891,180086239,179820717,179821061,EH38E3683843,EH38E3683611,180085000,180086000,179820000,179821000,1,-1
13769,chr5,180090246,180090398,179820717,179821061,EH38E3683847,EH38E3683611,180090000,180091000,179820000,179821000,2,-1
13770,chr5,180090414,180090761,179820717,179821061,EH38E3683848,EH38E3683611,180090000,180091000,179820000,179821000,2,-1
13771,chr5,180331585,180331926,179820717,179821061,EH38E2437511,EH38E3683611,180331000,180332000,179820000,179821000,1,-1
13772,chr5,180343062,180343340,179820717,179821061,EH38E2437523,EH38E3683611,180343000,180344000,179820000,179821000,1,-1
13773,chr5,180343390,180343591,179820717,179821061,EH38E2437524,EH38E3683611,180343000,180344000,179820000,179821000,1,-1
13774,chr5,180343744,180343902,179820717,179821061,EH38E2437525,EH38E3683611,180343000,180344000,179820000,179821000,1,-1
13775,chr5,180802251,180802597,179820717,179821061,EH38E3684350,EH38E3683611,180802000,180803000,179820000,179821000,1,-1
13776,chr5,180831787,180831937,179820717,179821061,EH38E3684394,EH38E3683611,180831000,180832000,179820000,179821000,1,-1
13777,chr5,180860885,180861097,179820717,179821061,EH38E3684403,EH38E3683611,180861000,180862000,179820000,179821000,2,-1
13778,chr5,180861599,180861801,179820717,179821061,EH38E3684404,EH38E3683611,180861000,180862000,179820000,179821000,2,-1
13779,chr5,181223444,181223761,179820717,179821061,EH38E3684636,EH38E3683611,181223000,181224000,179820000,179821000,1,-1
13780,chr5,181223875,181224082,179820717,179821061,EH38E3684637,EH38E3683611,181223000,181224000,179820000,179821000,1,-1
13781,chr5,177005760,177006106,179820717,179821061,EH38E3681536,EH38E3683611,177005000,177006000,179821000,179822000,1,-1
13782,chr5,177132476,177132716,179820717,179821061,EH38E3681643,EH38E3683611,177132000,177133000,179821000,179822000,1,-1
13783,chr5,177132740,177132890,179820717,179821061,EH38E3681644,EH38E3683611,177132000,177133000,179821000,179822000,1,-1
13784,chr5,177455104,177455265,179820717,179821061,EH38E3681948,EH38E3683611,177455000,177456000,179821000,179822000,1,-1
13785,chr5,177455314,177455662,179820717,179821061,EH38E3681949,EH38E3683611,177455000,177456000,179821000,179822000,1,-1
13786,chr5,177455691,177455947,179820717,179821061,EH38E3681950,EH38E3683611,177455000,177456000,179821000,179822000,1,-1
13787,chr5,177472430,177472703,179820717,179821061,EH38E3681975,EH38E3683611,177472000,177473000,179821000,179822000,1,-1
13788,chr5,177472727,177473068,179820717,179821061,EH38E3681976,EH38E3683611,177472000,177473000,179821000,179822000,1,-1
13789,chr5,177496798,177497141,179820717,179821061,EH38E3682019,EH38E3683611,177497000,177498000,179821000,179822000,1,-1
13790,chr5,177607834,177608171,179820717,179821061,EH38E2435839,EH38E3683611,177608000,177609000,179821000,179822000,1,-1
13791,chr5,177958812,177959162,179820717,179821061,EH38E3682190,EH38E3683611,177958000,177959000,179821000,179822000,2,-1
13792,chr5,178115212,178115557,179820717,179821061,EH38E3682263,EH38E3683611,178115000,178116000,179821000,179822000,1,-1
13793,chr5,178115566,178115780,179820717,179821061,EH38E2435929,EH38E3683611,178115000,178116000,179821000,179822000,1,-1
13794,chr5,178115831,178116002,179820717,179821061,EH38E3682264,EH38E3683611,178115000,178116000,179821000,179822000,1,-1
13795,chr5,178116042,178116356,179820717,179821061,EH38E3682265,EH38E3683611,178116000,178117000,179821000,179822000,1,-1
13796,chr5,178116362,178116563,179820717,179821061,EH38E3682266,EH38E3683611,178116000,178117000,179821000,179822000,1,-1
13797,chr5,178116578,178116927,179820717,179821061,EH38E3682267,EH38E3683611,178116000,178117000,179821000,179822000,1,-1
13798,chr5,178223734,178224084,179820717,179821061,EH38E3682376,EH38E3683611,178224000,178225000,179821000,179822000,1,-1
13799,chr5,178232101,178232313,179820717,179821061,EH38E2436048,EH38E3683611,178232000,178233000,179821000,179822000,1,-1
13800,chr5,179549803,179550104,179820717,179821061,EH38E3683374,EH38E3683611,179549000,179550000,179821000,179822000,2,-1
13801,chr5,179679100,179679438,179820717,179821061,EH38E3683451,EH38E3683611,179679000,179680000,179821000,179822000,3,-1
13802,chr5,179821082,179821309,179820717,179821061,EH38E3683612,EH38E3683611,179821000,179822000,179821000,179822000,664,-1
13803,chr5,179821336,179821615,179820717,179821061,EH38E3683613,EH38E3683611,179821000,179822000,179821000,179822000,664,-1
13804,chr5,179821617,179821966,179820717,179821061,EH38E3683614,EH38E3683611,179821000,179822000,179821000,179822000,664,-1
13805,chr5,180083080,180083412,179820717,179821061,EH38E2437348,EH38E3683611,180083000,180084000,179821000,179822000,2,-1
13806,chr5,180292555,180292904,179820717,179821061,EH38E3683997,EH38E3683611,180292000,180293000,179821000,179822000,2,-1
13807,chr5,180332060,180332359,179820717,179821061,EH38E2437512,EH38E3683611,180332000,180333000,179821000,179822000,1,-1
13808,chr5,180803137,180803484,179820717,179821061,EH38E3684352,EH38E3683611,180803000,180804000,179821000,179822000,1,-1
13809,chr5,181261829,181262168,179820717,179821061,EH38E3684703,EH38E3683611,181262000,181263000,179821000,179822000,1,-1
13810,chr5,177366725,177367004,179858719,179859069,EH38E3681815,EH38E2437186,177367000,177368000,179858000,179859000,1,-1
13811,chr5,177367060,177367408,179858719,179859069,EH38E3681816,EH38E2437186,177367000,177368000,179858000,179859000,1,-1
13812,chr5,177495205,177495375,179858719,179859069,EH38E3682014,EH38E2437186,177495000,177496000,179858000,179859000,1,-1
13813,chr5,177495450,177495774,179858719,179859069,EH38E3682015,EH38E2437186,177495000,177496000,179858000,179859000,1,-1
13814,chr5,177495775,177495949,179858719,179859069,EH38E3682016,EH38E2437186,177495000,177496000,179858000,179859000,1,-1
13815,chr5,178114056,178114221,179858719,179859069,EH38E3682259,EH38E2437186,178114000,178115000,179858000,179859000,1,-1
13816,chr5,178114221,178114571,179858719,179859069,EH38E3682260,EH38E2437186,178114000,178115000,179858000,179859000,1,-1
13817,chr5,178115831,178116002,179858719,179859069,EH38E3682264,EH38E2437186,178116000,178117000,179858000,179859000,1,-1
13818,chr5,178116042,178116356,179858719,179859069,EH38E3682265,EH38E2437186,178116000,178117000,179858000,179859000,1,-1
13819,chr5,178116362,178116563,179858719,179859069,EH38E3682266,EH38E2437186,178116000,178117000,179858000,179859000,1,-1
13820,chr5,178116578,178116927,179858719,179859069,EH38E3682267,EH38E2437186,178116000,178117000,179858000,179859000,1,-1
13821,chr5,179549803,179550104,179858719,179859069,EH38E3683374,EH38E2437186,179549000,179550000,179858000,179859000,1,-1
13822,chr5,179550674,179550989,179858719,179859069,EH38E3683377,EH38E2437186,179550000,179551000,179858000,179859000,1,-1
13823,chr5,179551000,179551207,179858719,179859069,EH38E3683378,EH38E2437186,179550000,179551000,179858000,179859000,1,-1
13824,chr5,179558958,179559264,179858719,179859069,EH38E3683384,EH38E2437186,179558000,179559000,179858000,179859000,1,-1
13825,chr5,179559876,179560137,179858719,179859069,EH38E3683386,EH38E2437186,179560000,179561000,179858000,179859000,1,-1
13826,chr5,179678157,179678378,179858719,179859069,EH38E3683449,EH38E2437186,179678000,179679000,179858000,179859000,2,-1
13827,chr5,179679100,179679438,179858719,179859069,EH38E3683451,EH38E2437186,179679000,179680000,179858000,179859000,2,-1
13828,chr5,179818948,179819291,179858719,179859069,EH38E2437136,EH38E2437186,179818000,179819000,179858000,179859000,20,-1
13829,chr5,179819459,179819808,179858719,179859069,EH38E3683607,EH38E2437186,179819000,179820000,179858000,179859000,21,-1
13830,chr5,179821082,179821309,179858719,179859069,EH38E3683612,EH38E2437186,179821000,179822000,179858000,179859000,17,-1
13831,chr5,179821336,179821615,179858719,179859069,EH38E3683613,EH38E2437186,179821000,179822000,179858000,179859000,17,-1
13832,chr5,179821617,179821966,179858719,179859069,EH38E3683614,EH38E2437186,179821000,179822000,179858000,179859000,17,-1
13833,chr5,180292555,180292904,179858719,179859069,EH38E3683997,EH38E2437186,180292000,180293000,179858000,179859000,1,-1
13834,chr5,180343062,180343340,179858719,179859069,EH38E2437523,EH38E2437186,180343000,180344000,179858000,179859000,1,-1
13835,chr5,180343390,180343591,179858719,179859069,EH38E2437524,EH38E2437186,180343000,180344000,179858000,179859000,1,-1
13836,chr5,180343744,180343902,179858719,179859069,EH38E2437525,EH38E2437186,180343000,180344000,179858000,179859000,1,-1
13837,chr5,180810772,180810977,179858719,179859069,EH38E3684365,EH38E2437186,180810000,180811000,179858000,179859000,1,-1
13838,chr5,180860885,180861097,179858719,179859069,EH38E3684403,EH38E2437186,180861000,180862000,179858000,179859000,1,-1
13839,chr5,180861599,180861801,179858719,179859069,EH38E3684404,EH38E2437186,180861000,180862000,179858000,179859000,1,-1
13840,chr5,181244108,181244294,179858719,179859069,EH38E3684673,EH38E2437186,181244000,181245000,179858000,179859000,1,-1
13841,chr5,181244368,181244615,179858719,179859069,EH38E3684674,EH38E2437186,181244000,181245000,179858000,179859000,1,-1
13842,chr5,181260754,181260919,179858719,179859069,EH38E3684700,EH38E2437186,181260000,181261000,179858000,179859000,1,-1
13843,chr5,181261829,181262168,179858719,179859069,EH38E3684703,EH38E2437186,181261000,181262000,179858000,179859000,1,-1
13844,chr5,177351765,177352061,179858719,179859069,EH38E3681789,EH38E2437186,177352000,177353000,179859000,179860000,1,-1
13845,chr5,178130568,178130786,179858719,179859069,EH38E3682298,EH38E2437186,178130000,178131000,179859000,179860000,1,-1
13846,chr5,179610375,179610584,179858719,179859069,EH38E3683409,EH38E2437186,179610000,179611000,179859000,179860000,3,-1
13847,chr5,179623326,179623549,179858719,179859069,EH38E3683429,EH38E2437186,179623000,179624000,179859000,179860000,2,-1
13848,chr5,179624025,179624275,179858719,179859069,EH38E3683431,EH38E2437186,179624000,179625000,179859000,179860000,1,-1
13849,chr5,179624870,179625191,179858719,179859069,EH38E3683433,EH38E2437186,179624000,179625000,179859000,179860000,1,-1
13850,chr5,179732911,179733186,179858719,179859069,EH38E3683487,EH38E2437186,179732000,179733000,179859000,179860000,4,-1
13851,chr5,179733545,179733698,179858719,179859069,EH38E3683489,EH38E2437186,179733000,179734000,179859000,179860000,2,-1
13852,chr5,179763240,179763580,179858719,179859069,EH38E2437060,EH38E2437186,179763000,179764000,179859000,179860000,5,-1
13853,chr5,180083080,180083412,179858719,179859069,EH38E2437348,EH38E2437186,180083000,180084000,179859000,179860000,2,-1
13854,chr5,180085175,180085504,179858719,179859069,EH38E2437353,EH38E2437186,180085000,180086000,179859000,179860000,3,-1
13855,chr5,180085891,180086239,179858719,179859069,EH38E3683843,EH38E2437186,180085000,180086000,179859000,179860000,3,-1
13856,chr5,180090246,180090398,179858719,179859069,EH38E3683847,EH38E2437186,180090000,180091000,179859000,179860000,2,-1
13857,chr5,180090414,180090761,179858719,179859069,EH38E3683848,EH38E2437186,180090000,180091000,179859000,179860000,2,-1
13858,chr5,181281565,181281905,179858719,179859069,EH38E2438146,EH38E2437186,181281000,181282000,179859000,179860000,2,-1
13859,chr5,177022897,177023127,179907779,179908122,EH38E3681551,EH38E3683736,177023000,177024000,179907000,179908000,1,-1
13860,chr5,177351765,177352061,179907779,179908122,EH38E3681789,EH38E3683736,177352000,177353000,179907000,179908000,1,-1
13861,chr5,177472727,177473068,179907779,179908122,EH38E3681976,EH38E3683736,177473000,177474000,179907000,179908000,1,-1
13862,chr5,178177578,178177927,179907779,179908122,EH38E3682329,EH38E3683736,178177000,178178000,179907000,179908000,1,-1
13863,chr5,178232101,178232313,179907779,179908122,EH38E2436048,EH38E3683736,178232000,178233000,179907000,179908000,1,-1
13864,chr5,179610375,179610584,179907779,179908122,EH38E3683409,EH38E3683736,179610000,179611000,179907000,179908000,2,-1
13865,chr5,179624025,179624275,179907779,179908122,EH38E3683431,EH38E3683736,179624000,179625000,179907000,179908000,2,-1
13866,chr5,179624870,179625191,179907779,179908122,EH38E3683433,EH38E3683736,179624000,179625000,179907000,179908000,2,-1
13867,chr5,179763240,179763580,179907779,179908122,EH38E2437060,EH38E3683736,179763000,179764000,179907000,179908000,2,-1
13868,chr5,179821082,179821309,179907779,179908122,EH38E3683612,EH38E3683736,179821000,179822000,179907000,179908000,7,-1
13869,chr5,179821336,179821615,179907779,179908122,EH38E3683613,EH38E3683736,179821000,179822000,179907000,179908000,7,-1
13870,chr5,179821617,179821966,179907779,179908122,EH38E3683614,EH38E3683736,179821000,179822000,179907000,179908000,7,-1
13871,chr5,180090246,180090398,179907779,179908122,EH38E3683847,EH38E3683736,180090000,180091000,179907000,179908000,10,-1
13872,chr5,180090414,180090761,179907779,179908122,EH38E3683848,EH38E3683736,180090000,180091000,179907000,179908000,10,-1
13873,chr5,180292555,180292904,179907779,179908122,EH38E3683997,EH38E3683736,180292000,180293000,179907000,179908000,2,-1
13874,chr5,180331585,180331926,179907779,179908122,EH38E2437511,EH38E3683736,180331000,180332000,179907000,179908000,1,-1
13875,chr5,180802251,180802597,179907779,179908122,EH38E3684350,EH38E3683736,180802000,180803000,179907000,179908000,1,-1
13876,chr5,177447036,177447376,179907779,179908122,EH38E3681932,EH38E3683736,177447000,177448000,179908000,179909000,1,-1
13877,chr5,177447885,177448234,179907779,179908122,EH38E3681934,EH38E3683736,177447000,177448000,179908000,179909000,1,-1
13878,chr5,177457623,177457956,179907779,179908122,EH38E3681954,EH38E3683736,177457000,177458000,179908000,179909000,1,-1
13879,chr5,179551000,179551207,179907779,179908122,EH38E3683378,EH38E3683736,179551000,179552000,179908000,179909000,2,-1
13880,chr5,179623326,179623549,179907779,179908122,EH38E3683429,EH38E3683736,179623000,179624000,179908000,179909000,1,-1
13881,chr5,179678157,179678378,179907779,179908122,EH38E3683449,EH38E3683736,179678000,179679000,179908000,179909000,3,-1
13882,chr5,179679100,179679438,179907779,179908122,EH38E3683451,EH38E3683736,179679000,179680000,179908000,179909000,4,-1
13883,chr5,179732911,179733186,179907779,179908122,EH38E3683487,EH38E3683736,179733000,179734000,179908000,179909000,2,-1
13884,chr5,179733545,179733698,179907779,179908122,EH38E3683489,EH38E3683736,179733000,179734000,179908000,179909000,2,-1
13885,chr5,179818948,179819291,179907779,179908122,EH38E2437136,EH38E3683736,179818000,179819000,179908000,179909000,7,-1
13886,chr5,179819459,179819808,179907779,179908122,EH38E3683607,EH38E3683736,179819000,179820000,179908000,179909000,9,-1
13887,chr5,180083080,180083412,179907779,179908122,EH38E2437348,EH38E3683736,180083000,180084000,179908000,179909000,2,-1
13888,chr5,180085175,180085504,179907779,179908122,EH38E2437353,EH38E3683736,180085000,180086000,179908000,179909000,2,-1
13889,chr5,180085891,180086239,179907779,179908122,EH38E3683843,EH38E3683736,180085000,180086000,179908000,179909000,2,-1
13890,chr5,180343062,180343340,179907779,179908122,EH38E2437523,EH38E3683736,180343000,180344000,179908000,179909000,2,-1
13891,chr5,180343390,180343591,179907779,179908122,EH38E2437524,EH38E3683736,180343000,180344000,179908000,179909000,2,-1
13892,chr5,180343744,180343902,179907779,179908122,EH38E2437525,EH38E3683736,180343000,180344000,179908000,179909000,2,-1
13893,chr5,180860885,180861097,179907779,179908122,EH38E3684403,EH38E3683736,180861000,180862000,179908000,179909000,1,-1
13894,chr5,180861599,180861801,179907779,179908122,EH38E3684404,EH38E3683736,180861000,180862000,179908000,179909000,1,-1
13895,chr5,181160463,181160792,179907779,179908122,EH38E3684534,EH38E3683736,181160000,181161000,179908000,179909000,1,-1
13896,chr5,181221911,181222209,179907779,179908122,EH38E3684633,EH38E3683736,181221000,181222000,179908000,179909000,1,-1
13897,chr5,179023966,179024167,180071614,180071958,EH38E3682985,EH38E3683826,179024000,179025000,180071000,180072000,1,-1
13898,chr5,179549803,179550104,180071614,180071958,EH38E3683374,EH38E3683826,179550000,179551000,180071000,180072000,1,-1
13899,chr5,179550674,179550989,180071614,180071958,EH38E3683377,EH38E3683826,179550000,179551000,180071000,180072000,1,-1
13900,chr5,179551000,179551207,180071614,180071958,EH38E3683378,EH38E3683826,179551000,179552000,180071000,180072000,1,-1
13901,chr5,179763240,179763580,180071614,180071958,EH38E2437060,EH38E3683826,179763000,179764000,180071000,180072000,1,-1
13902,chr5,179818948,179819291,180071614,180071958,EH38E2437136,EH38E3683826,179818000,179819000,180071000,180072000,1,-1
13903,chr5,179819459,179819808,180071614,180071958,EH38E3683607,EH38E3683826,179819000,179820000,180071000,180072000,1,-1
13904,chr5,180083080,180083412,180071614,180071958,EH38E2437348,EH38E3683826,180083000,180084000,180071000,180072000,19,-1
13905,chr5,180085175,180085504,180071614,180071958,EH38E2437353,EH38E3683826,180085000,180086000,180071000,180072000,9,-1
13906,chr5,180085891,180086239,180071614,180071958,EH38E3683843,EH38E3683826,180085000,180086000,180071000,180072000,9,-1
13907,chr5,180090246,180090398,180071614,180071958,EH38E3683847,EH38E3683826,180090000,180091000,180071000,180072000,14,-1
13908,chr5,180090414,180090761,180071614,180071958,EH38E3683848,EH38E3683826,180090000,180091000,180071000,180072000,14,-1
13909,chr5,180332060,180332359,180071614,180071958,EH38E2437512,EH38E3683826,180332000,180333000,180071000,180072000,1,-1
13910,chr5,180831787,180831937,180071614,180071958,EH38E3684394,EH38E3683826,180831000,180832000,180071000,180072000,1,-1
13911,chr5,180860521,180860871,180071614,180071958,EH38E3684402,EH38E3683826,180860000,180861000,180071000,180072000,1,-1
13912,chr5,180860885,180861097,180071614,180071958,EH38E3684403,EH38E3683826,180860000,180861000,180071000,180072000,1,-1
13913,chr5,180861599,180861801,180071614,180071958,EH38E3684404,EH38E3683826,180861000,180862000,180071000,180072000,1,-1
13914,chr5,181160463,181160792,180071614,180071958,EH38E3684534,EH38E3683826,181160000,181161000,180071000,180072000,1,-1
13915,chr5,181221911,181222209,180071614,180071958,EH38E3684633,EH38E3683826,181221000,181222000,180071000,180072000,1,-1
13916,chr5,179023966,179024167,180071966,180072315,EH38E3682985,EH38E3683827,179024000,179025000,180071000,180072000,1,-1
13917,chr5,179549803,179550104,180071966,180072315,EH38E3683374,EH38E3683827,179550000,179551000,180071000,180072000,1,-1
13918,chr5,179550674,179550989,180071966,180072315,EH38E3683377,EH38E3683827,179550000,179551000,180071000,180072000,1,-1
13919,chr5,179551000,179551207,180071966,180072315,EH38E3683378,EH38E3683827,179550000,179551000,180071000,180072000,1,-1
13920,chr5,179763240,179763580,180071966,180072315,EH38E2437060,EH38E3683827,179763000,179764000,180071000,180072000,1,-1
13921,chr5,180085175,180085504,180071966,180072315,EH38E2437353,EH38E3683827,180085000,180086000,180071000,180072000,9,-1
13922,chr5,180085891,180086239,180071966,180072315,EH38E3683843,EH38E3683827,180085000,180086000,180071000,180072000,9,-1
13923,chr5,180332060,180332359,180071966,180072315,EH38E2437512,EH38E3683827,180332000,180333000,180071000,180072000,1,-1
13924,chr5,180831787,180831937,180071966,180072315,EH38E3684394,EH38E3683827,180831000,180832000,180071000,180072000,1,-1
13925,chr5,180860521,180860871,180071966,180072315,EH38E3684402,EH38E3683827,180860000,180861000,180071000,180072000,1,-1
13926,chr5,180860885,180861097,180071966,180072315,EH38E3684403,EH38E3683827,180860000,180861000,180071000,180072000,1,-1
13927,chr5,180861599,180861801,180071966,180072315,EH38E3684404,EH38E3683827,180861000,180862000,180071000,180072000,1,-1
13928,chr5,181160463,181160792,180071966,180072315,EH38E3684534,EH38E3683827,181160000,181161000,180071000,180072000,1,-1
13929,chr5,181221911,181222209,180071966,180072315,EH38E3684633,EH38E3683827,181221000,181222000,180071000,180072000,1,-1
13930,chr5,177607834,177608171,180071966,180072315,EH38E2435839,EH38E3683827,177608000,177609000,180072000,180073000,1,-1
13931,chr5,178120959,178121307,180071966,180072315,EH38E3682279,EH38E3683827,178121000,178122000,180072000,180073000,1,-1
13932,chr5,178223734,178224084,180071966,180072315,EH38E3682376,EH38E3683827,178224000,178225000,180072000,180073000,2,-1
13933,chr5,178420446,178420785,180071966,180072315,EH38E3682622,EH38E3683827,178420000,178421000,180072000,180073000,1,-1
13934,chr5,179610375,179610584,180071966,180072315,EH38E3683409,EH38E3683827,179610000,179611000,180072000,180073000,1,-1
13935,chr5,179624870,179625191,180071966,180072315,EH38E3683433,EH38E3683827,179625000,179626000,180072000,180073000,1,-1
13936,chr5,179678157,179678378,180071966,180072315,EH38E3683449,EH38E3683827,179678000,179679000,180072000,180073000,2,-1
13937,chr5,179732911,179733186,180071966,180072315,EH38E3683487,EH38E3683827,179732000,179733000,180072000,180073000,1,-1
13938,chr5,179818948,179819291,180071966,180072315,EH38E2437136,EH38E3683827,179818000,179819000,180072000,180073000,2,-1
13939,chr5,179819459,179819808,180071966,180072315,EH38E3683607,EH38E3683827,179819000,179820000,180072000,180073000,2,-1
13940,chr5,180083080,180083412,180071966,180072315,EH38E2437348,EH38E3683827,180083000,180084000,180072000,180073000,21,-1
13941,chr5,180090246,180090398,180071966,180072315,EH38E3683847,EH38E3683827,180090000,180091000,180072000,180073000,19,-1
13942,chr5,180090414,180090761,180071966,180072315,EH38E3683848,EH38E3683827,180090000,180091000,180072000,180073000,19,-1
13943,chr5,180343062,180343340,180071966,180072315,EH38E2437523,EH38E3683827,180343000,180344000,180072000,180073000,1,-1
13944,chr5,180343390,180343591,180071966,180072315,EH38E2437524,EH38E3683827,180343000,180344000,180072000,180073000,1,-1
13945,chr5,180343744,180343902,180071966,180072315,EH38E2437525,EH38E3683827,180343000,180344000,180072000,180073000,1,-1
13946,chr5,180803137,180803484,180071966,180072315,EH38E3684352,EH38E3683827,180803000,180804000,180072000,180073000,3,-1
13947,chr5,180810772,180810977,180071966,180072315,EH38E3684365,EH38E3683827,180810000,180811000,180072000,180073000,1,-1
13948,chr5,177468757,177469034,180209045,180209371,EH38E3681968,EH38E3683959,177468000,177469000,180209000,180210000,1,-1
13949,chr5,179551000,179551207,180209045,180209371,EH38E3683378,EH38E3683959,179551000,179552000,180209000,180210000,1,-1
13950,chr5,179679100,179679438,180209045,180209371,EH38E3683451,EH38E3683959,179679000,179680000,180209000,180210000,1,-1
13951,chr5,179818948,179819291,180209045,180209371,EH38E2437136,EH38E3683959,179819000,179820000,180209000,180210000,1,-1
13952,chr5,179819459,179819808,180209045,180209371,EH38E3683607,EH38E3683959,179819000,179820000,180209000,180210000,1,-1
13953,chr5,180083080,180083412,180209045,180209371,EH38E2437348,EH38E3683959,180083000,180084000,180209000,180210000,2,-1
13954,chr5,180085175,180085504,180209045,180209371,EH38E2437353,EH38E3683959,180085000,180086000,180209000,180210000,1,-1
13955,chr5,180085891,180086239,180209045,180209371,EH38E3683843,EH38E3683959,180085000,180086000,180209000,180210000,1,-1
13956,chr5,180090246,180090398,180209045,180209371,EH38E3683847,EH38E3683959,180090000,180091000,180209000,180210000,2,-1
13957,chr5,180090414,180090761,180209045,180209371,EH38E3683848,EH38E3683959,180090000,180091000,180209000,180210000,2,-1
13958,chr5,180292555,180292904,180209045,180209371,EH38E3683997,EH38E3683959,180292000,180293000,180209000,180210000,6,-1
13959,chr5,180331585,180331926,180209045,180209371,EH38E2437511,EH38E3683959,180331000,180332000,180209000,180210000,1,-1
13960,chr5,180332060,180332359,180209045,180209371,EH38E2437512,EH38E3683959,180332000,180333000,180209000,180210000,1,-1
13961,chr5,180785783,180786119,180209045,180209371,EH38E3684326,EH38E3683959,180786000,180787000,180209000,180210000,2,-1
13962,chr5,180810772,180810977,180209045,180209371,EH38E3684365,EH38E3683959,180810000,180811000,180209000,180210000,1,-1
13963,chr5,180831787,180831937,180209045,180209371,EH38E3684394,EH38E3683959,180831000,180832000,180209000,180210000,1,-1
13964,chr5,180860885,180861097,180209045,180209371,EH38E3684403,EH38E3683959,180861000,180862000,180209000,180210000,1,-1
13965,chr5,180861599,180861801,180209045,180209371,EH38E3684404,EH38E3683959,180861000,180862000,180209000,180210000,1,-1
13966,chr5,177351293,177351476,180291957,180292285,EH38E3681787,EH38E3683995,177351000,177352000,180291000,180292000,1,-1
13967,chr5,177351765,177352061,180291957,180292285,EH38E3681789,EH38E3683995,177351000,177352000,180291000,180292000,1,-1
13968,chr5,177446407,177446587,180291957,180292285,EH38E2435646,EH38E3683995,177446000,177447000,180291000,180292000,1,-1
13969,chr5,177472727,177473068,180291957,180292285,EH38E3681976,EH38E3683995,177473000,177474000,180291000,180292000,1,-1
13970,chr5,178115831,178116002,180291957,180292285,EH38E3682264,EH38E3683995,178116000,178117000,180291000,180292000,1,-1
13971,chr5,178116042,178116356,180291957,180292285,EH38E3682265,EH38E3683995,178116000,178117000,180291000,180292000,1,-1
13972,chr5,178116362,178116563,180291957,180292285,EH38E3682266,EH38E3683995,178116000,178117000,180291000,180292000,1,-1
13973,chr5,178116578,178116927,180291957,180292285,EH38E3682267,EH38E3683995,178116000,178117000,180291000,180292000,1,-1
13974,chr5,179732911,179733186,180291957,180292285,EH38E3683487,EH38E3683995,179732000,179733000,180291000,180292000,1,-1
13975,chr5,179819459,179819808,180291957,180292285,EH38E3683607,EH38E3683995,179819000,179820000,180291000,180292000,1,-1
13976,chr5,179821082,179821309,180291957,180292285,EH38E3683612,EH38E3683995,179821000,179822000,180291000,180292000,2,-1
13977,chr5,179821336,179821615,180291957,180292285,EH38E3683613,EH38E3683995,179821000,179822000,180291000,180292000,2,-1
13978,chr5,179821617,179821966,180291957,180292285,EH38E3683614,EH38E3683995,179821000,179822000,180291000,180292000,2,-1
13979,chr5,180083080,180083412,180291957,180292285,EH38E2437348,EH38E3683995,180083000,180084000,180291000,180292000,1,-1
13980,chr5,180090246,180090398,180291957,180292285,EH38E3683847,EH38E3683995,180090000,180091000,180291000,180292000,1,-1
13981,chr5,180090414,180090761,180291957,180292285,EH38E3683848,EH38E3683995,180090000,180091000,180291000,180292000,1,-1
13982,chr5,180331585,180331926,180291957,180292285,EH38E2437511,EH38E3683995,180331000,180332000,180291000,180292000,6,-1
13983,chr5,180831787,180831937,180291957,180292285,EH38E3684394,EH38E3683995,180831000,180832000,180291000,180292000,1,-1
13984,chr5,181160463,181160792,180291957,180292285,EH38E3684534,EH38E3683995,181160000,181161000,180291000,180292000,2,-1
13985,chr5,181223875,181224082,180291957,180292285,EH38E3684637,EH38E3683995,181224000,181225000,180291000,180292000,1,-1
13986,chr5,179549803,179550104,180291957,180292285,EH38E3683374,EH38E3683995,179550000,179551000,180292000,180293000,1,-1
13987,chr5,179550674,179550989,180291957,180292285,EH38E3683377,EH38E3683995,179550000,179551000,180292000,180293000,1,-1
13988,chr5,179551000,179551207,180291957,180292285,EH38E3683378,EH38E3683995,179550000,179551000,180292000,180293000,1,-1
13989,chr5,179558958,179559264,180291957,180292285,EH38E3683384,EH38E3683995,179559000,179560000,180292000,180293000,1,-1
13990,chr5,179559876,179560137,180291957,180292285,EH38E3683386,EH38E3683995,179559000,179560000,180292000,180293000,1,-1
13991,chr5,179818948,179819291,180291957,180292285,EH38E2437136,EH38E3683995,179818000,179819000,180292000,180293000,1,-1
13992,chr5,180292555,180292904,180291957,180292285,EH38E3683997,EH38E3683995,180292000,180293000,180292000,180293000,368,-1
13993,chr5,180332060,180332359,180291957,180292285,EH38E2437512,EH38E3683995,180332000,180333000,180292000,180293000,5,-1
13994,chr5,180343062,180343340,180291957,180292285,EH38E2437523,EH38E3683995,180343000,180344000,180292000,180293000,3,-1
13995,chr5,180343390,180343591,180291957,180292285,EH38E2437524,EH38E3683995,180343000,180344000,180292000,180293000,3,-1
13996,chr5,180343744,180343902,180291957,180292285,EH38E2437525,EH38E3683995,180343000,180344000,180292000,180293000,3,-1
13997,chr5,180785783,180786119,180291957,180292285,EH38E3684326,EH38E3683995,180786000,180787000,180292000,180293000,1,-1
13998,chr5,180810772,180810977,180291957,180292285,EH38E3684365,EH38E3683995,180810000,180811000,180292000,180293000,1,-1
13999,chr5,180860885,180861097,180291957,180292285,EH38E3684403,EH38E3683995,180861000,180862000,180292000,180293000,1,-1
14000,chr5,180861599,180861801,180291957,180292285,EH38E3684404,EH38E3683995,180861000,180862000,180292000,180293000,1,-1
14001,chr5,181223444,181223761,180291957,180292285,EH38E3684636,EH38E3683995,181223000,181224000,180292000,180293000,1,-1
14002,chr5,177468757,177469034,180293035,180293375,EH38E3681968,EH38E3683998,177469000,177470000,180293000,180294000,1,-1
14003,chr5,177469207,177469547,180293035,180293375,EH38E3681969,EH38E3683998,177469000,177470000,180293000,180294000,1,-1
14004,chr5,178114056,178114221,180293035,180293375,EH38E3682259,EH38E3683998,178114000,178115000,180293000,180294000,1,-1
14005,chr5,178114221,178114571,180293035,180293375,EH38E3682260,EH38E3683998,178114000,178115000,180293000,180294000,1,-1
14006,chr5,178130568,178130786,180293035,180293375,EH38E3682298,EH38E3683998,178130000,178131000,180293000,180294000,1,-1
14007,chr5,178420446,178420785,180293035,180293375,EH38E3682622,EH38E3683998,178420000,178421000,180293000,180294000,1,-1
14008,chr5,179549803,179550104,180293035,180293375,EH38E3683374,EH38E3683998,179550000,179551000,180293000,180294000,1,-1
14009,chr5,179550674,179550989,180293035,180293375,EH38E3683377,EH38E3683998,179550000,179551000,180293000,180294000,1,-1
14010,chr5,179551000,179551207,180293035,180293375,EH38E3683378,EH38E3683998,179551000,179552000,180293000,180294000,1,-1
14011,chr5,179624025,179624275,180293035,180293375,EH38E3683431,EH38E3683998,179624000,179625000,180293000,180294000,1,-1
14012,chr5,179624870,179625191,180293035,180293375,EH38E3683433,EH38E3683998,179624000,179625000,180293000,180294000,1,-1
14013,chr5,179679100,179679438,180293035,180293375,EH38E3683451,EH38E3683998,179679000,179680000,180293000,180294000,1,-1
14014,chr5,179732911,179733186,180293035,180293375,EH38E3683487,EH38E3683998,179733000,179734000,180293000,180294000,1,-1
14015,chr5,179733545,179733698,180293035,180293375,EH38E3683489,EH38E3683998,179733000,179734000,180293000,180294000,1,-1
14016,chr5,179818948,179819291,180293035,180293375,EH38E2437136,EH38E3683998,179818000,179819000,180293000,180294000,2,-1
14017,chr5,179819459,179819808,180293035,180293375,EH38E3683607,EH38E3683998,179819000,179820000,180293000,180294000,1,-1
14018,chr5,180083080,180083412,180293035,180293375,EH38E2437348,EH38E3683998,180083000,180084000,180293000,180294000,2,-1
14019,chr5,180085891,180086239,180293035,180293375,EH38E3683843,EH38E3683998,180086000,180087000,180293000,180294000,1,-1
14020,chr5,180090246,180090398,180293035,180293375,EH38E3683847,EH38E3683998,180090000,180091000,180293000,180294000,2,-1
14021,chr5,180090414,180090761,180293035,180293375,EH38E3683848,EH38E3683998,180090000,180091000,180293000,180294000,2,-1
14022,chr5,180292555,180292904,180293035,180293375,EH38E3683997,EH38E3683998,180292000,180293000,180293000,180294000,283,-1
14023,chr5,180331585,180331926,180293035,180293375,EH38E2437511,EH38E3683998,180331000,180332000,180293000,180294000,10,-1
14024,chr5,180332060,180332359,180293035,180293375,EH38E2437512,EH38E3683998,180332000,180333000,180293000,180294000,7,-1
14025,chr5,180343062,180343340,180293035,180293375,EH38E2437523,EH38E3683998,180343000,180344000,180293000,180294000,5,-1
14026,chr5,180343390,180343591,180293035,180293375,EH38E2437524,EH38E3683998,180343000,180344000,180293000,180294000,5,-1
14027,chr5,180343744,180343902,180293035,180293375,EH38E2437525,EH38E3683998,180343000,180344000,180293000,180294000,5,-1
14028,chr5,180802251,180802597,180293035,180293375,EH38E3684350,EH38E3683998,180802000,180803000,180293000,180294000,4,-1
14029,chr5,180810772,180810977,180293035,180293375,EH38E3684365,EH38E3683998,180810000,180811000,180293000,180294000,1,-1
14030,chr5,181221911,181222209,180293035,180293375,EH38E3684633,EH38E3683998,181221000,181222000,180293000,180294000,1,-1
14031,chr5,181281565,181281905,180293035,180293375,EH38E2438146,EH38E3683998,181281000,181282000,180293000,180294000,1,-1
14032,chr5,177428079,177428312,180353275,180353624,EH38E3681888,EH38E3684058,177428000,177429000,180353000,180354000,1,-1
14033,chr5,177458088,177458239,180353275,180353624,EH38E3681955,EH38E3684058,177458000,177459000,180353000,180354000,1,-1
14034,chr5,177607407,177607754,180353275,180353624,EH38E3682132,EH38E3684058,177607000,177608000,180353000,180354000,1,-1
14035,chr5,177607834,177608171,180353275,180353624,EH38E2435839,EH38E3684058,177607000,177608000,180353000,180354000,1,-1
14036,chr5,178115212,178115557,180353275,180353624,EH38E3682263,EH38E3684058,178115000,178116000,180353000,180354000,1,-1
14037,chr5,178115566,178115780,180353275,180353624,EH38E2435929,EH38E3684058,178115000,178116000,180353000,180354000,1,-1
14038,chr5,178115831,178116002,180353275,180353624,EH38E3682264,EH38E3684058,178115000,178116000,180353000,180354000,1,-1
14039,chr5,178205250,178205512,180353275,180353624,EH38E3682350,EH38E3684058,178205000,178206000,180353000,180354000,1,-1
14040,chr5,178626351,178626700,180353275,180353624,EH38E2436401,EH38E3684058,178626000,178627000,180353000,180354000,1,-1
14041,chr5,179818948,179819291,180353275,180353624,EH38E2437136,EH38E3684058,179819000,179820000,180353000,180354000,1,-1
14042,chr5,179819459,179819808,180353275,180353624,EH38E3683607,EH38E3684058,179819000,179820000,180353000,180354000,1,-1
14043,chr5,180083080,180083412,180353275,180353624,EH38E2437348,EH38E3684058,180083000,180084000,180353000,180354000,1,-1
14044,chr5,180090246,180090398,180353275,180353624,EH38E3683847,EH38E3684058,180090000,180091000,180353000,180354000,1,-1
14045,chr5,180090414,180090761,180353275,180353624,EH38E3683848,EH38E3684058,180090000,180091000,180353000,180354000,1,-1
14046,chr5,180292555,180292904,180353275,180353624,EH38E3683997,EH38E3684058,180292000,180293000,180353000,180354000,7,-1
14047,chr5,180331585,180331926,180353275,180353624,EH38E2437511,EH38E3684058,180331000,180332000,180353000,180354000,21,-1
14048,chr5,180332060,180332359,180353275,180353624,EH38E2437512,EH38E3684058,180332000,180333000,180353000,180354000,20,-1
14049,chr5,180343062,180343340,180353275,180353624,EH38E2437523,EH38E3684058,180343000,180344000,180353000,180354000,29,-1
14050,chr5,180343390,180343591,180353275,180353624,EH38E2437524,EH38E3684058,180343000,180344000,180353000,180354000,29,-1
14051,chr5,180343744,180343902,180353275,180353624,EH38E2437525,EH38E3684058,180343000,180344000,180353000,180354000,29,-1
14052,chr5,180785783,180786119,180353275,180353624,EH38E3684326,EH38E3684058,180786000,180787000,180353000,180354000,1,-1
14053,chr5,180803137,180803484,180353275,180353624,EH38E3684352,EH38E3684058,180803000,180804000,180353000,180354000,1,-1
14054,chr5,180831787,180831937,180353275,180353624,EH38E3684394,EH38E3684058,180831000,180832000,180353000,180354000,1,-1
14055,chr5,179678157,179678378,180494153,180494503,EH38E3683449,EH38E3684123,179678000,179679000,180494000,180495000,1,-1
14056,chr5,180085891,180086239,180494153,180494503,EH38E3683843,EH38E3684123,180086000,180087000,180494000,180495000,1,-1
14057,chr5,180090246,180090398,180494153,180494503,EH38E3683847,EH38E3684123,180090000,180091000,180494000,180495000,1,-1
14058,chr5,180090414,180090761,180494153,180494503,EH38E3683848,EH38E3684123,180090000,180091000,180494000,180495000,1,-1
14059,chr5,180292555,180292904,180494153,180494503,EH38E3683997,EH38E3684123,180292000,180293000,180494000,180495000,1,-1
14060,chr5,180331585,180331926,180494153,180494503,EH38E2437511,EH38E3684123,180331000,180332000,180494000,180495000,2,-1
14061,chr5,180332060,180332359,180494153,180494503,EH38E2437512,EH38E3684123,180332000,180333000,180494000,180495000,5,-1
14062,chr5,180343062,180343340,180494153,180494503,EH38E2437523,EH38E3684123,180343000,180344000,180494000,180495000,2,-1
14063,chr5,180343390,180343591,180494153,180494503,EH38E2437524,EH38E3684123,180343000,180344000,180494000,180495000,2,-1
14064,chr5,180343744,180343902,180494153,180494503,EH38E2437525,EH38E3684123,180343000,180344000,180494000,180495000,2,-1
14065,chr5,180785574,180785744,180494153,180494503,EH38E3684325,EH38E3684123,180785000,180786000,180494000,180495000,1,-1
14066,chr5,180785783,180786119,180494153,180494503,EH38E3684326,EH38E3684123,180785000,180786000,180494000,180495000,1,-1
14067,chr5,180802251,180802597,180494153,180494503,EH38E3684350,EH38E3684123,180802000,180803000,180494000,180495000,1,-1
14068,chr5,180803137,180803484,180494153,180494503,EH38E3684352,EH38E3684123,180803000,180804000,180494000,180495000,1,-1
14069,chr5,180810772,180810977,180494153,180494503,EH38E3684365,EH38E3684123,180810000,180811000,180494000,180495000,1,-1
14070,chr5,180860885,180861097,180494153,180494503,EH38E3684403,EH38E3684123,180861000,180862000,180494000,180495000,1,-1
14071,chr5,180861599,180861801,180494153,180494503,EH38E3684404,EH38E3684123,180861000,180862000,180494000,180495000,1,-1
14072,chr5,178114056,178114221,180802697,180803045,EH38E3682259,EH38E3684351,178114000,178115000,180802000,180803000,1,-1
14073,chr5,178114221,178114571,180802697,180803045,EH38E3682260,EH38E3684351,178114000,178115000,180802000,180803000,1,-1
14074,chr5,178205250,178205512,180802697,180803045,EH38E3682350,EH38E3684351,178205000,178206000,180802000,180803000,1,-1
14075,chr5,179558958,179559264,180802697,180803045,EH38E3683384,EH38E3684351,179559000,179560000,180802000,180803000,1,-1
14076,chr5,179559876,179560137,180802697,180803045,EH38E3683386,EH38E3684351,179559000,179560000,180802000,180803000,1,-1
14077,chr5,179624025,179624275,180802697,180803045,EH38E3683431,EH38E3684351,179624000,179625000,180802000,180803000,1,-1
14078,chr5,179624870,179625191,180802697,180803045,EH38E3683433,EH38E3684351,179624000,179625000,180802000,180803000,1,-1
14079,chr5,179679100,179679438,180802697,180803045,EH38E3683451,EH38E3684351,179679000,179680000,180802000,180803000,1,-1
14080,chr5,179763240,179763580,180802697,180803045,EH38E2437060,EH38E3684351,179763000,179764000,180802000,180803000,1,-1
14081,chr5,179818948,179819291,180802697,180803045,EH38E2437136,EH38E3684351,179819000,179820000,180802000,180803000,1,-1
14082,chr5,179819459,179819808,180802697,180803045,EH38E3683607,EH38E3684351,179819000,179820000,180802000,180803000,1,-1
14083,chr5,180785574,180785744,180802697,180803045,EH38E3684325,EH38E3684351,180785000,180786000,180802000,180803000,16,-1
14084,chr5,180785783,180786119,180802697,180803045,EH38E3684326,EH38E3684351,180785000,180786000,180802000,180803000,16,-1
14085,chr5,180802251,180802597,180802697,180803045,EH38E3684350,EH38E3684351,180802000,180803000,180802000,180803000,562,-1
14086,chr5,180861599,180861801,180802697,180803045,EH38E3684404,EH38E3684351,180861000,180862000,180802000,180803000,13,-1
14087,chr5,181160463,181160792,180802697,180803045,EH38E3684534,EH38E3684351,181160000,181161000,180802000,180803000,2,-1
14088,chr5,181244108,181244294,180802697,180803045,EH38E3684673,EH38E3684351,181244000,181245000,180802000,180803000,2,-1
14089,chr5,181244368,181244615,180802697,180803045,EH38E3684674,EH38E3684351,181244000,181245000,180802000,180803000,2,-1
14090,chr5,181260754,181260919,180802697,180803045,EH38E3684700,EH38E3684351,181260000,181261000,180802000,180803000,1,-1
14091,chr5,181261829,181262168,180802697,180803045,EH38E3684703,EH38E3684351,181261000,181262000,180802000,180803000,1,-1
14092,chr5,178180119,178180415,180802697,180803045,EH38E3682331,EH38E3684351,178180000,178181000,180803000,180804000,1,-1
14093,chr5,178180524,178180852,180802697,180803045,EH38E3682332,EH38E3684351,178180000,178181000,180803000,180804000,1,-1
14094,chr5,179821082,179821309,180802697,180803045,EH38E3683612,EH38E3684351,179821000,179822000,180803000,180804000,1,-1
14095,chr5,179821336,179821615,180802697,180803045,EH38E3683613,EH38E3684351,179821000,179822000,180803000,180804000,1,-1
14096,chr5,179821617,179821966,180802697,180803045,EH38E3683614,EH38E3684351,179821000,179822000,180803000,180804000,1,-1
14097,chr5,180331585,180331926,180802697,180803045,EH38E2437511,EH38E3684351,180331000,180332000,180803000,180804000,1,-1
14098,chr5,180803137,180803484,180802697,180803045,EH38E3684352,EH38E3684351,180803000,180804000,180803000,180804000,1116,-1
14099,chr5,180810772,180810977,180802697,180803045,EH38E3684365,EH38E3684351,180810000,180811000,180803000,180804000,63,-1
14100,chr5,180831787,180831937,180802697,180803045,EH38E3684394,EH38E3684351,180831000,180832000,180803000,180804000,19,-1
14101,chr5,180860521,180860871,180802697,180803045,EH38E3684402,EH38E3684351,180860000,180861000,180803000,180804000,12,-1
14102,chr5,180860885,180861097,180802697,180803045,EH38E3684403,EH38E3684351,180860000,180861000,180803000,180804000,12,-1
14103,chr5,181221911,181222209,180802697,180803045,EH38E3684633,EH38E3684351,181222000,181223000,180803000,180804000,2,-1
14104,chr5,181223444,181223761,180802697,180803045,EH38E3684636,EH38E3684351,181223000,181224000,180803000,180804000,2,-1
14105,chr5,181223875,181224082,180802697,180803045,EH38E3684637,EH38E3684351,181223000,181224000,180803000,180804000,2,-1
14106,chr5,181281565,181281905,180802697,180803045,EH38E2438146,EH38E3684351,181281000,181282000,180803000,180804000,2,-1
14107,chr5,180090246,180090398,180809821,180809984,EH38E3683847,EH38E3684362,180090000,180091000,180809000,180810000,1,-1
14108,chr5,180090414,180090761,180809821,180809984,EH38E3683848,EH38E3684362,180090000,180091000,180809000,180810000,1,-1
14109,chr5,180331585,180331926,180809821,180809984,EH38E2437511,EH38E3684362,180331000,180332000,180809000,180810000,1,-1
14110,chr5,180332060,180332359,180809821,180809984,EH38E2437512,EH38E3684362,180332000,180333000,180809000,180810000,1,-1
14111,chr5,180343062,180343340,180809821,180809984,EH38E2437523,EH38E3684362,180343000,180344000,180809000,180810000,1,-1
14112,chr5,180343390,180343591,180809821,180809984,EH38E2437524,EH38E3684362,180343000,180344000,180809000,180810000,1,-1
14113,chr5,180343744,180343902,180809821,180809984,EH38E2437525,EH38E3684362,180343000,180344000,180809000,180810000,1,-1
14114,chr5,180785574,180785744,180809821,180809984,EH38E3684325,EH38E3684362,180785000,180786000,180809000,180810000,7,-1
14115,chr5,180785783,180786119,180809821,180809984,EH38E3684326,EH38E3684362,180785000,180786000,180809000,180810000,7,-1
14116,chr5,180802251,180802597,180809821,180809984,EH38E3684350,EH38E3684362,180802000,180803000,180809000,180810000,20,-1
14117,chr5,180803137,180803484,180809821,180809984,EH38E3684352,EH38E3684362,180803000,180804000,180809000,180810000,96,-1
14118,chr5,180810772,180810977,180809821,180809984,EH38E3684365,EH38E3684362,180810000,180811000,180809000,180810000,152,-1
14119,chr5,180831787,180831937,180809821,180809984,EH38E3684394,EH38E3684362,180831000,180832000,180809000,180810000,8,-1
14120,chr5,180860521,180860871,180809821,180809984,EH38E3684402,EH38E3684362,180860000,180861000,180809000,180810000,9,-1
14121,chr5,180860885,180861097,180809821,180809984,EH38E3684403,EH38E3684362,180860000,180861000,180809000,180810000,9,-1
14122,chr5,180861599,180861801,180809821,180809984,EH38E3684404,EH38E3684362,180861000,180862000,180809000,180810000,8,-1
14123,chr5,181160463,181160792,180809821,180809984,EH38E3684534,EH38E3684362,181160000,181161000,180809000,180810000,4,-1
14124,chr5,181221911,181222209,180809821,180809984,EH38E3684633,EH38E3684362,181222000,181223000,180809000,180810000,2,-1
14125,chr5,181223444,181223761,180809821,180809984,EH38E3684636,EH38E3684362,181223000,181224000,180809000,180810000,3,-1
14126,chr5,181223875,181224082,180809821,180809984,EH38E3684637,EH38E3684362,181223000,181224000,180809000,180810000,3,-1
14127,chr5,181260754,181260919,180809821,180809984,EH38E3684700,EH38E3684362,181260000,181261000,180809000,180810000,1,-1
14128,chr5,181281565,181281905,180809821,180809984,EH38E2438146,EH38E3684362,181281000,181282000,180809000,180810000,2,-1
14129,chr5,179818948,179819291,180810066,180810375,EH38E2437136,EH38E3684363,179819000,179820000,180810000,180811000,1,-1
14130,chr5,179819459,179819808,180810066,180810375,EH38E3683607,EH38E3684363,179819000,179820000,180810000,180811000,1,-1
14131,chr5,180085891,180086239,180810066,180810375,EH38E3683843,EH38E3684363,180086000,180087000,180810000,180811000,2,-1
14132,chr5,180090246,180090398,180810066,180810375,EH38E3683847,EH38E3684363,180090000,180091000,180810000,180811000,2,-1
14133,chr5,180090414,180090761,180810066,180810375,EH38E3683848,EH38E3684363,180090000,180091000,180810000,180811000,2,-1
14134,chr5,180292555,180292904,180810066,180810375,EH38E3683997,EH38E3684363,180292000,180293000,180810000,180811000,1,-1
14135,chr5,180332060,180332359,180810066,180810375,EH38E2437512,EH38E3684363,180332000,180333000,180810000,180811000,1,-1
14136,chr5,180343062,180343340,180810066,180810375,EH38E2437523,EH38E3684363,180343000,180344000,180810000,180811000,1,-1
14137,chr5,180343390,180343591,180810066,180810375,EH38E2437524,EH38E3684363,180343000,180344000,180810000,180811000,1,-1
14138,chr5,180343744,180343902,180810066,180810375,EH38E2437525,EH38E3684363,180343000,180344000,180810000,180811000,1,-1
14139,chr5,180785574,180785744,180810066,180810375,EH38E3684325,EH38E3684363,180785000,180786000,180810000,180811000,12,-1
14140,chr5,180785783,180786119,180810066,180810375,EH38E3684326,EH38E3684363,180785000,180786000,180810000,180811000,12,-1
14141,chr5,180802251,180802597,180810066,180810375,EH38E3684350,EH38E3684363,180802000,180803000,180810000,180811000,38,-1
14142,chr5,180803137,180803484,180810066,180810375,EH38E3684352,EH38E3684363,180803000,180804000,180810000,180811000,63,-1
14143,chr5,180810772,180810977,180810066,180810375,EH38E3684365,EH38E3684363,180810000,180811000,180810000,180811000,308,-1
14144,chr5,180831787,180831937,180810066,180810375,EH38E3684394,EH38E3684363,180831000,180832000,180810000,180811000,37,-1
14145,chr5,180860521,180860871,180810066,180810375,EH38E3684402,EH38E3684363,180860000,180861000,180810000,180811000,22,-1
14146,chr5,180860885,180861097,180810066,180810375,EH38E3684403,EH38E3684363,180860000,180861000,180810000,180811000,22,-1
14147,chr5,180861599,180861801,180810066,180810375,EH38E3684404,EH38E3684363,180861000,180862000,180810000,180811000,20,-1
14148,chr5,181160463,181160792,180810066,180810375,EH38E3684534,EH38E3684363,181160000,181161000,180810000,180811000,10,-1
14149,chr5,181221911,181222209,180810066,180810375,EH38E3684633,EH38E3684363,181222000,181223000,180810000,180811000,6,-1
14150,chr5,181223444,181223761,180810066,180810375,EH38E3684636,EH38E3684363,181223000,181224000,180810000,180811000,2,-1
14151,chr5,181223875,181224082,180810066,180810375,EH38E3684637,EH38E3684363,181223000,181224000,180810000,180811000,2,-1
14152,chr5,181244108,181244294,180810066,180810375,EH38E3684673,EH38E3684363,181244000,181245000,180810000,180811000,2,-1
14153,chr5,181244368,181244615,180810066,180810375,EH38E3684674,EH38E3684363,181244000,181245000,180810000,180811000,2,-1
14154,chr5,181281565,181281905,180810066,180810375,EH38E2438146,EH38E3684363,181281000,181282000,180810000,180811000,1,-1
14155,chr5,179818948,179819291,180810380,180810730,EH38E2437136,EH38E3684364,179819000,179820000,180810000,180811000,1,-1
14156,chr5,179819459,179819808,180810380,180810730,EH38E3683607,EH38E3684364,179819000,179820000,180810000,180811000,1,-1
14157,chr5,180085891,180086239,180810380,180810730,EH38E3683843,EH38E3684364,180086000,180087000,180810000,180811000,2,-1
14158,chr5,180090246,180090398,180810380,180810730,EH38E3683847,EH38E3684364,180090000,180091000,180810000,180811000,2,-1
14159,chr5,180090414,180090761,180810380,180810730,EH38E3683848,EH38E3684364,180090000,180091000,180810000,180811000,2,-1
14160,chr5,180292555,180292904,180810380,180810730,EH38E3683997,EH38E3684364,180292000,180293000,180810000,180811000,1,-1
14161,chr5,180332060,180332359,180810380,180810730,EH38E2437512,EH38E3684364,180332000,180333000,180810000,180811000,1,-1
14162,chr5,180343062,180343340,180810380,180810730,EH38E2437523,EH38E3684364,180343000,180344000,180810000,180811000,1,-1
14163,chr5,180343390,180343591,180810380,180810730,EH38E2437524,EH38E3684364,180343000,180344000,180810000,180811000,1,-1
14164,chr5,180343744,180343902,180810380,180810730,EH38E2437525,EH38E3684364,180343000,180344000,180810000,180811000,1,-1
14165,chr5,180785574,180785744,180810380,180810730,EH38E3684325,EH38E3684364,180785000,180786000,180810000,180811000,12,-1
14166,chr5,180785783,180786119,180810380,180810730,EH38E3684326,EH38E3684364,180785000,180786000,180810000,180811000,12,-1
14167,chr5,180802251,180802597,180810380,180810730,EH38E3684350,EH38E3684364,180802000,180803000,180810000,180811000,38,-1
14168,chr5,180803137,180803484,180810380,180810730,EH38E3684352,EH38E3684364,180803000,180804000,180810000,180811000,63,-1
14169,chr5,180810772,180810977,180810380,180810730,EH38E3684365,EH38E3684364,180810000,180811000,180810000,180811000,308,-1
14170,chr5,180831787,180831937,180810380,180810730,EH38E3684394,EH38E3684364,180831000,180832000,180810000,180811000,37,-1
14171,chr5,180860521,180860871,180810380,180810730,EH38E3684402,EH38E3684364,180860000,180861000,180810000,180811000,22,-1
14172,chr5,180860885,180861097,180810380,180810730,EH38E3684403,EH38E3684364,180860000,180861000,180810000,180811000,22,-1
14173,chr5,180861599,180861801,180810380,180810730,EH38E3684404,EH38E3684364,180861000,180862000,180810000,180811000,20,-1
14174,chr5,181160463,181160792,180810380,180810730,EH38E3684534,EH38E3684364,181160000,181161000,180810000,180811000,10,-1
14175,chr5,181221911,181222209,180810380,180810730,EH38E3684633,EH38E3684364,181222000,181223000,180810000,180811000,6,-1
14176,chr5,181223444,181223761,180810380,180810730,EH38E3684636,EH38E3684364,181223000,181224000,180810000,180811000,2,-1
14177,chr5,181223875,181224082,180810380,180810730,EH38E3684637,EH38E3684364,181223000,181224000,180810000,180811000,2,-1
14178,chr5,181244108,181244294,180810380,180810730,EH38E3684673,EH38E3684364,181244000,181245000,180810000,180811000,2,-1
14179,chr5,181244368,181244615,180810380,180810730,EH38E3684674,EH38E3684364,181244000,181245000,180810000,180811000,2,-1
14180,chr5,181281565,181281905,180810380,180810730,EH38E2438146,EH38E3684364,181281000,181282000,180810000,180811000,1,-1
14181,chr5,179023966,179024167,180830781,180831123,EH38E3682985,EH38E3684391,179023000,179024000,180830000,180831000,1,-1
14182,chr5,179559876,179560137,180830781,180831123,EH38E3683386,EH38E3684391,179560000,179561000,180830000,180831000,2,-1
14183,chr5,179624025,179624275,180830781,180831123,EH38E3683431,EH38E3684391,179624000,179625000,180830000,180831000,1,-1
14184,chr5,179624870,179625191,180830781,180831123,EH38E3683433,EH38E3684391,179624000,179625000,180830000,180831000,1,-1
14185,chr5,179679100,179679438,180830781,180831123,EH38E3683451,EH38E3684391,179679000,179680000,180830000,180831000,1,-1
14186,chr5,179818948,179819291,180830781,180831123,EH38E2437136,EH38E3684391,179819000,179820000,180830000,180831000,1,-1
14187,chr5,179819459,179819808,180830781,180831123,EH38E3683607,EH38E3684391,179819000,179820000,180830000,180831000,1,-1
14188,chr5,180083080,180083412,180830781,180831123,EH38E2437348,EH38E3684391,180083000,180084000,180830000,180831000,1,-1
14189,chr5,180332060,180332359,180830781,180831123,EH38E2437512,EH38E3684391,180332000,180333000,180830000,180831000,1,-1
14190,chr5,181221911,181222209,180830781,180831123,EH38E3684633,EH38E3684391,181221000,181222000,180830000,180831000,2,-1
14191,chr5,181223444,181223761,180830781,180831123,EH38E3684636,EH38E3684391,181223000,181224000,180830000,180831000,3,-1
14192,chr5,181223875,181224082,180830781,180831123,EH38E3684637,EH38E3684391,181223000,181224000,180830000,180831000,3,-1
14193,chr5,181244108,181244294,180830781,180831123,EH38E3684673,EH38E3684391,181244000,181245000,180830000,180831000,1,-1
14194,chr5,181244368,181244615,180830781,180831123,EH38E3684674,EH38E3684391,181244000,181245000,180830000,180831000,1,-1
14195,chr5,181281565,181281905,180830781,180831123,EH38E2438146,EH38E3684391,181281000,181282000,180830000,180831000,1,-1
14196,chr5,179551000,179551207,180830781,180831123,EH38E3683378,EH38E3684391,179551000,179552000,180831000,180832000,1,-1
14197,chr5,179678157,179678378,180830781,180831123,EH38E3683449,EH38E3684391,179678000,179679000,180831000,180832000,1,-1
14198,chr5,180085175,180085504,180830781,180831123,EH38E2437353,EH38E3684391,180085000,180086000,180831000,180832000,1,-1
14199,chr5,180085891,180086239,180830781,180831123,EH38E3683843,EH38E3684391,180085000,180086000,180831000,180832000,1,-1
14200,chr5,180331585,180331926,180830781,180831123,EH38E2437511,EH38E3684391,180331000,180332000,180831000,180832000,1,-1
14201,chr5,180785574,180785744,180830781,180831123,EH38E3684325,EH38E3684391,180785000,180786000,180831000,180832000,6,-1
14202,chr5,180785783,180786119,180830781,180831123,EH38E3684326,EH38E3684391,180785000,180786000,180831000,180832000,6,-1
14203,chr5,180802251,180802597,180830781,180831123,EH38E3684350,EH38E3684391,180802000,180803000,180831000,180832000,16,-1
14204,chr5,180803137,180803484,180830781,180831123,EH38E3684352,EH38E3684391,180803000,180804000,180831000,180832000,19,-1
14205,chr5,180810772,180810977,180830781,180831123,EH38E3684365,EH38E3684391,180810000,180811000,180831000,180832000,37,-1
14206,chr5,180831787,180831937,180830781,180831123,EH38E3684394,EH38E3684391,180831000,180832000,180831000,180832000,822,-1
14207,chr5,180860521,180860871,180830781,180831123,EH38E3684402,EH38E3684391,180860000,180861000,180831000,180832000,15,-1
14208,chr5,180860885,180861097,180830781,180831123,EH38E3684403,EH38E3684391,180860000,180861000,180831000,180832000,15,-1
14209,chr5,180861599,180861801,180830781,180831123,EH38E3684404,EH38E3684391,180861000,180862000,180831000,180832000,22,-1
14210,chr5,181160463,181160792,180830781,180831123,EH38E3684534,EH38E3684391,181160000,181161000,180831000,180832000,4,-1
14211,chr5,181260754,181260919,180830781,180831123,EH38E3684700,EH38E3684391,181260000,181261000,180831000,180832000,2,-1
14212,chr5,181261829,181262168,180830781,180831123,EH38E3684703,EH38E3684391,181262000,181263000,180831000,180832000,2,-1
14213,chr5,179551000,179551207,180831438,180831766,EH38E3683378,EH38E3684393,179551000,179552000,180831000,180832000,1,-1
14214,chr5,179624025,179624275,180831438,180831766,EH38E3683431,EH38E3684393,179624000,179625000,180831000,180832000,1,-1
14215,chr5,179624870,179625191,180831438,180831766,EH38E3683433,EH38E3684393,179624000,179625000,180831000,180832000,1,-1
14216,chr5,179678157,179678378,180831438,180831766,EH38E3683449,EH38E3684393,179678000,179679000,180831000,180832000,1,-1
14217,chr5,180085175,180085504,180831438,180831766,EH38E2437353,EH38E3684393,180085000,180086000,180831000,180832000,1,-1
14218,chr5,180085891,180086239,180831438,180831766,EH38E3683843,EH38E3684393,180085000,180086000,180831000,180832000,1,-1
14219,chr5,180331585,180331926,180831438,180831766,EH38E2437511,EH38E3684393,180331000,180332000,180831000,180832000,1,-1
14220,chr5,180332060,180332359,180831438,180831766,EH38E2437512,EH38E3684393,180332000,180333000,180831000,180832000,1,-1
14221,chr5,180785574,180785744,180831438,180831766,EH38E3684325,EH38E3684393,180785000,180786000,180831000,180832000,6,-1
14222,chr5,180785783,180786119,180831438,180831766,EH38E3684326,EH38E3684393,180785000,180786000,180831000,180832000,6,-1
14223,chr5,180802251,180802597,180831438,180831766,EH38E3684350,EH38E3684393,180802000,180803000,180831000,180832000,16,-1
14224,chr5,180803137,180803484,180831438,180831766,EH38E3684352,EH38E3684393,180803000,180804000,180831000,180832000,19,-1
14225,chr5,180810772,180810977,180831438,180831766,EH38E3684365,EH38E3684393,180810000,180811000,180831000,180832000,37,-1
14226,chr5,180831787,180831937,180831438,180831766,EH38E3684394,EH38E3684393,180831000,180832000,180831000,180832000,822,-1
14227,chr5,180860521,180860871,180831438,180831766,EH38E3684402,EH38E3684393,180860000,180861000,180831000,180832000,15,-1
14228,chr5,180860885,180861097,180831438,180831766,EH38E3684403,EH38E3684393,180860000,180861000,180831000,180832000,15,-1
14229,chr5,180861599,180861801,180831438,180831766,EH38E3684404,EH38E3684393,180861000,180862000,180831000,180832000,22,-1
14230,chr5,181160463,181160792,180831438,180831766,EH38E3684534,EH38E3684393,181160000,181161000,180831000,180832000,4,-1
14231,chr5,181221911,181222209,180831438,180831766,EH38E3684633,EH38E3684393,181222000,181223000,180831000,180832000,1,-1
14232,chr5,181223444,181223761,180831438,180831766,EH38E3684636,EH38E3684393,181223000,181224000,180831000,180832000,2,-1
14233,chr5,181223875,181224082,180831438,180831766,EH38E3684637,EH38E3684393,181223000,181224000,180831000,180832000,2,-1
14234,chr5,181260754,181260919,180831438,180831766,EH38E3684700,EH38E3684393,181260000,181261000,180831000,180832000,2,-1
14235,chr5,181261829,181262168,180831438,180831766,EH38E3684703,EH38E3684393,181262000,181263000,180831000,180832000,2,-1
14236,chr5,178177578,178177927,180861223,180861568,EH38E3682329,EH38E2437834,178177000,178178000,180861000,180862000,1,-1
14237,chr5,178223734,178224084,180861223,180861568,EH38E3682376,EH38E2437834,178224000,178225000,180861000,180862000,1,-1
14238,chr5,178627351,178627515,180861223,180861568,EH38E3682818,EH38E2437834,178627000,178628000,180861000,180862000,1,-1
14239,chr5,179818948,179819291,180861223,180861568,EH38E2437136,EH38E2437834,179818000,179819000,180861000,180862000,1,-1
14240,chr5,180292555,180292904,180861223,180861568,EH38E3683997,EH38E2437834,180292000,180293000,180861000,180862000,1,-1
14241,chr5,180331585,180331926,180861223,180861568,EH38E2437511,EH38E2437834,180331000,180332000,180861000,180862000,1,-1
14242,chr5,180343062,180343340,180861223,180861568,EH38E2437523,EH38E2437834,180343000,180344000,180861000,180862000,1,-1
14243,chr5,180343390,180343591,180861223,180861568,EH38E2437524,EH38E2437834,180343000,180344000,180861000,180862000,1,-1
14244,chr5,180343744,180343902,180861223,180861568,EH38E2437525,EH38E2437834,180343000,180344000,180861000,180862000,1,-1
14245,chr5,180785574,180785744,180861223,180861568,EH38E3684325,EH38E2437834,180785000,180786000,180861000,180862000,3,-1
14246,chr5,180785783,180786119,180861223,180861568,EH38E3684326,EH38E2437834,180785000,180786000,180861000,180862000,3,-1
14247,chr5,180802251,180802597,180861223,180861568,EH38E3684350,EH38E2437834,180802000,180803000,180861000,180862000,13,-1
14248,chr5,180803137,180803484,180861223,180861568,EH38E3684352,EH38E2437834,180803000,180804000,180861000,180862000,9,-1
14249,chr5,180810772,180810977,180861223,180861568,EH38E3684365,EH38E2437834,180810000,180811000,180861000,180862000,20,-1
14250,chr5,180831787,180831937,180861223,180861568,EH38E3684394,EH38E2437834,180831000,180832000,180861000,180862000,22,-1
14251,chr5,180860521,180860871,180861223,180861568,EH38E3684402,EH38E2437834,180860000,180861000,180861000,180862000,258,-1
14252,chr5,180860885,180861097,180861223,180861568,EH38E3684403,EH38E2437834,180861000,180862000,180861000,180862000,321,-1
14253,chr5,180861599,180861801,180861223,180861568,EH38E3684404,EH38E2437834,180861000,180862000,180861000,180862000,321,-1
14254,chr5,181160463,181160792,180861223,180861568,EH38E3684534,EH38E2437834,181160000,181161000,180861000,180862000,5,-1
14255,chr5,181221911,181222209,180861223,180861568,EH38E3684633,EH38E2437834,181221000,181222000,180861000,180862000,3,-1
14256,chr5,181223444,181223761,180861223,180861568,EH38E3684636,EH38E2437834,181223000,181224000,180861000,180862000,3,-1
14257,chr5,181223875,181224082,180861223,180861568,EH38E3684637,EH38E2437834,181223000,181224000,180861000,180862000,3,-1
14258,chr5,181244108,181244294,180861223,180861568,EH38E3684673,EH38E2437834,181244000,181245000,180861000,180862000,1,-1
14259,chr5,181244368,181244615,180861223,180861568,EH38E3684674,EH38E2437834,181244000,181245000,180861000,180862000,1,-1
14260,chr5,181261829,181262168,180861223,180861568,EH38E3684703,EH38E2437834,181262000,181263000,180861000,180862000,1,-1
14261,chr5,181281565,181281905,180861223,180861568,EH38E2438146,EH38E2437834,181281000,181282000,180861000,180862000,1,-1
14262,chr5,178420446,178420785,181100337,181100685,EH38E3682622,EH38E3684499,178420000,178421000,181100000,181101000,1,-1
14263,chr5,179610375,179610584,181100337,181100685,EH38E3683409,EH38E3684499,179610000,179611000,181100000,181101000,1,-1
14264,chr5,179678157,179678378,181100337,181100685,EH38E3683449,EH38E3684499,179678000,179679000,181100000,181101000,1,-1
14265,chr5,179818948,179819291,181100337,181100685,EH38E2437136,EH38E3684499,179819000,179820000,181100000,181101000,1,-1
14266,chr5,179819459,179819808,181100337,181100685,EH38E3683607,EH38E3684499,179819000,179820000,181100000,181101000,1,-1
14267,chr5,180083080,180083412,181100337,181100685,EH38E2437348,EH38E3684499,180083000,180084000,181100000,181101000,1,-1
14268,chr5,180085891,180086239,181100337,181100685,EH38E3683843,EH38E3684499,180086000,180087000,181100000,181101000,1,-1
14269,chr5,180785574,180785744,181100337,181100685,EH38E3684325,EH38E3684499,180785000,180786000,181100000,181101000,2,-1
14270,chr5,180785783,180786119,181100337,181100685,EH38E3684326,EH38E3684499,180785000,180786000,181100000,181101000,2,-1
14271,chr5,180802251,180802597,181100337,181100685,EH38E3684350,EH38E3684499,180802000,180803000,181100000,181101000,1,-1
14272,chr5,180803137,180803484,181100337,181100685,EH38E3684352,EH38E3684499,180803000,180804000,181100000,181101000,1,-1
14273,chr5,180810772,180810977,181100337,181100685,EH38E3684365,EH38E3684499,180810000,180811000,181100000,181101000,11,-1
14274,chr5,180831787,180831937,181100337,181100685,EH38E3684394,EH38E3684499,180831000,180832000,181100000,181101000,1,-1
14275,chr5,180860521,180860871,181100337,181100685,EH38E3684402,EH38E3684499,180860000,180861000,181100000,181101000,9,-1
14276,chr5,180860885,180861097,181100337,181100685,EH38E3684403,EH38E3684499,180860000,180861000,181100000,181101000,9,-1
14277,chr5,180861599,180861801,181100337,181100685,EH38E3684404,EH38E3684499,180861000,180862000,181100000,181101000,8,-1
14278,chr5,181160463,181160792,181100337,181100685,EH38E3684534,EH38E3684499,181160000,181161000,181100000,181101000,9,-1
14279,chr5,181221911,181222209,181100337,181100685,EH38E3684633,EH38E3684499,181222000,181223000,181100000,181101000,3,-1
14280,chr5,181223444,181223761,181100337,181100685,EH38E3684636,EH38E3684499,181223000,181224000,181100000,181101000,6,-1
14281,chr5,181223875,181224082,181100337,181100685,EH38E3684637,EH38E3684499,181223000,181224000,181100000,181101000,6,-1
14282,chr5,181281565,181281905,181100337,181100685,EH38E2438146,EH38E3684499,181281000,181282000,181100000,181101000,2,-1
14283,chr5,178205250,178205512,181191393,181191595,EH38E3682350,EH38E3684585,178205000,178206000,181191000,181192000,1,-1
14284,chr5,179559876,179560137,181191393,181191595,EH38E3683386,EH38E3684585,179560000,179561000,181191000,181192000,1,-1
14285,chr5,180083080,180083412,181191393,181191595,EH38E2437348,EH38E3684585,180083000,180084000,181191000,181192000,1,-1
14286,chr5,180085175,180085504,181191393,181191595,EH38E2437353,EH38E3684585,180085000,180086000,181191000,181192000,1,-1
14287,chr5,180085891,180086239,181191393,181191595,EH38E3683843,EH38E3684585,180085000,180086000,181191000,181192000,1,-1
14288,chr5,180090246,180090398,181191393,181191595,EH38E3683847,EH38E3684585,180090000,180091000,181191000,181192000,1,-1
14289,chr5,180090414,180090761,181191393,181191595,EH38E3683848,EH38E3684585,180090000,180091000,181191000,181192000,1,-1
14290,chr5,180292555,180292904,181191393,181191595,EH38E3683997,EH38E3684585,180292000,180293000,181191000,181192000,1,-1
14291,chr5,180343062,180343340,181191393,181191595,EH38E2437523,EH38E3684585,180343000,180344000,181191000,181192000,1,-1
14292,chr5,180343390,180343591,181191393,181191595,EH38E2437524,EH38E3684585,180343000,180344000,181191000,181192000,1,-1
14293,chr5,180343744,180343902,181191393,181191595,EH38E2437525,EH38E3684585,180343000,180344000,181191000,181192000,1,-1
14294,chr5,180785574,180785744,181191393,181191595,EH38E3684325,EH38E3684585,180785000,180786000,181191000,181192000,1,-1
14295,chr5,180785783,180786119,181191393,181191595,EH38E3684326,EH38E3684585,180785000,180786000,181191000,181192000,1,-1
14296,chr5,180802251,180802597,181191393,181191595,EH38E3684350,EH38E3684585,180802000,180803000,181191000,181192000,2,-1
14297,chr5,180803137,180803484,181191393,181191595,EH38E3684352,EH38E3684585,180803000,180804000,181191000,181192000,2,-1
14298,chr5,180810772,180810977,181191393,181191595,EH38E3684365,EH38E3684585,180810000,180811000,181191000,181192000,2,-1
14299,chr5,180831787,180831937,181191393,181191595,EH38E3684394,EH38E3684585,180831000,180832000,181191000,181192000,3,-1
14300,chr5,180860521,180860871,181191393,181191595,EH38E3684402,EH38E3684585,180860000,180861000,181191000,181192000,2,-1
14301,chr5,180860885,180861097,181191393,181191595,EH38E3684403,EH38E3684585,180860000,180861000,181191000,181192000,2,-1
14302,chr5,180861599,180861801,181191393,181191595,EH38E3684404,EH38E3684585,180861000,180862000,181191000,181192000,3,-1
14303,chr5,181160463,181160792,181191393,181191595,EH38E3684534,EH38E3684585,181160000,181161000,181191000,181192000,9,-1
14304,chr5,181221911,181222209,181191393,181191595,EH38E3684633,EH38E3684585,181221000,181222000,181191000,181192000,16,-1
14305,chr5,181223444,181223761,181191393,181191595,EH38E3684636,EH38E3684585,181223000,181224000,181191000,181192000,36,-1
14306,chr5,181223875,181224082,181191393,181191595,EH38E3684637,EH38E3684585,181223000,181224000,181191000,181192000,36,-1
14307,chr5,181244108,181244294,181191393,181191595,EH38E3684673,EH38E3684585,181244000,181245000,181191000,181192000,5,-1
14308,chr5,181244368,181244615,181191393,181191595,EH38E3684674,EH38E3684585,181244000,181245000,181191000,181192000,5,-1
14309,chr5,181260754,181260919,181191393,181191595,EH38E3684700,EH38E3684585,181260000,181261000,181191000,181192000,5,-1
14310,chr5,181261829,181262168,181191393,181191595,EH38E3684703,EH38E3684585,181261000,181262000,181191000,181192000,9,-1
14311,chr5,181281565,181281905,181191393,181191595,EH38E2438146,EH38E3684585,181281000,181282000,181191000,181192000,8,-1
14312,chr5,178205250,178205512,181191676,181192026,EH38E3682350,EH38E3684586,178205000,178206000,181191000,181192000,1,-1
14313,chr5,179559876,179560137,181191676,181192026,EH38E3683386,EH38E3684586,179560000,179561000,181191000,181192000,1,-1
14314,chr5,180083080,180083412,181191676,181192026,EH38E2437348,EH38E3684586,180083000,180084000,181191000,181192000,1,-1
14315,chr5,180085175,180085504,181191676,181192026,EH38E2437353,EH38E3684586,180085000,180086000,181191000,181192000,1,-1
14316,chr5,180085891,180086239,181191676,181192026,EH38E3683843,EH38E3684586,180085000,180086000,181191000,181192000,1,-1
14317,chr5,180090246,180090398,181191676,181192026,EH38E3683847,EH38E3684586,180090000,180091000,181191000,181192000,1,-1
14318,chr5,180090414,180090761,181191676,181192026,EH38E3683848,EH38E3684586,180090000,180091000,181191000,181192000,1,-1
14319,chr5,180292555,180292904,181191676,181192026,EH38E3683997,EH38E3684586,180292000,180293000,181191000,181192000,1,-1
14320,chr5,180343062,180343340,181191676,181192026,EH38E2437523,EH38E3684586,180343000,180344000,181191000,181192000,1,-1
14321,chr5,180343390,180343591,181191676,181192026,EH38E2437524,EH38E3684586,180343000,180344000,181191000,181192000,1,-1
14322,chr5,180343744,180343902,181191676,181192026,EH38E2437525,EH38E3684586,180343000,180344000,181191000,181192000,1,-1
14323,chr5,180785574,180785744,181191676,181192026,EH38E3684325,EH38E3684586,180785000,180786000,181191000,181192000,1,-1
14324,chr5,180785783,180786119,181191676,181192026,EH38E3684326,EH38E3684586,180785000,180786000,181191000,181192000,1,-1
14325,chr5,180803137,180803484,181191676,181192026,EH38E3684352,EH38E3684586,180803000,180804000,181191000,181192000,2,-1
14326,chr5,180810772,180810977,181191676,181192026,EH38E3684365,EH38E3684586,180810000,180811000,181191000,181192000,2,-1
14327,chr5,180831787,180831937,181191676,181192026,EH38E3684394,EH38E3684586,180831000,180832000,181191000,181192000,3,-1
14328,chr5,180860521,180860871,181191676,181192026,EH38E3684402,EH38E3684586,180860000,180861000,181191000,181192000,2,-1
14329,chr5,180860885,180861097,181191676,181192026,EH38E3684403,EH38E3684586,180860000,180861000,181191000,181192000,2,-1
14330,chr5,180861599,180861801,181191676,181192026,EH38E3684404,EH38E3684586,180861000,180862000,181191000,181192000,3,-1
14331,chr5,181160463,181160792,181191676,181192026,EH38E3684534,EH38E3684586,181160000,181161000,181191000,181192000,9,-1
14332,chr5,181221911,181222209,181191676,181192026,EH38E3684633,EH38E3684586,181221000,181222000,181191000,181192000,16,-1
14333,chr5,181223444,181223761,181191676,181192026,EH38E3684636,EH38E3684586,181223000,181224000,181191000,181192000,36,-1
14334,chr5,181223875,181224082,181191676,181192026,EH38E3684637,EH38E3684586,181223000,181224000,181191000,181192000,36,-1
14335,chr5,181244108,181244294,181191676,181192026,EH38E3684673,EH38E3684586,181244000,181245000,181191000,181192000,5,-1
14336,chr5,181244368,181244615,181191676,181192026,EH38E3684674,EH38E3684586,181244000,181245000,181191000,181192000,5,-1
14337,chr5,181261829,181262168,181191676,181192026,EH38E3684703,EH38E3684586,181261000,181262000,181191000,181192000,9,-1
14338,chr5,181281565,181281905,181191676,181192026,EH38E2438146,EH38E3684586,181281000,181282000,181191000,181192000,8,-1
14339,chr5,178223734,178224084,181191676,181192026,EH38E3682376,EH38E3684586,178223000,178224000,181192000,181193000,1,-1
14340,chr5,179623326,179623549,181191676,181192026,EH38E3683429,EH38E3684586,179623000,179624000,181192000,181193000,1,-1
14341,chr5,179818948,179819291,181191676,181192026,EH38E2437136,EH38E3684586,179818000,179819000,181192000,181193000,2,-1
14342,chr5,180802251,180802597,181191676,181192026,EH38E3684350,EH38E3684586,180802000,180803000,181192000,181193000,3,-1
14343,chr5,181260754,181260919,181191676,181192026,EH38E3684700,EH38E3684586,181260000,181261000,181192000,181193000,8,-1
14344,chr5,178223734,178224084,181192052,181192274,EH38E3682376,EH38E3684587,178223000,178224000,181192000,181193000,1,-1
14345,chr5,179623326,179623549,181192052,181192274,EH38E3683429,EH38E3684587,179623000,179624000,181192000,181193000,1,-1
14346,chr5,179818948,179819291,181192052,181192274,EH38E2437136,EH38E3684587,179818000,179819000,181192000,181193000,2,-1
14347,chr5,180785783,180786119,181192052,181192274,EH38E3684326,EH38E3684587,180786000,180787000,181192000,181193000,4,-1
14348,chr5,180802251,180802597,181192052,181192274,EH38E3684350,EH38E3684587,180802000,180803000,181192000,181193000,3,-1
14349,chr5,180803137,180803484,181192052,181192274,EH38E3684352,EH38E3684587,180803000,180804000,181192000,181193000,1,-1
14350,chr5,180831787,180831937,181192052,181192274,EH38E3684394,EH38E3684587,180831000,180832000,181192000,181193000,1,-1
14351,chr5,180860521,180860871,181192052,181192274,EH38E3684402,EH38E3684587,180860000,180861000,181192000,181193000,2,-1
14352,chr5,180860885,180861097,181192052,181192274,EH38E3684403,EH38E3684587,180860000,180861000,181192000,181193000,2,-1
14353,chr5,180861599,180861801,181192052,181192274,EH38E3684404,EH38E3684587,180861000,180862000,181192000,181193000,1,-1
14354,chr5,181160463,181160792,181192052,181192274,EH38E3684534,EH38E3684587,181160000,181161000,181192000,181193000,7,-1
14355,chr5,181221911,181222209,181192052,181192274,EH38E3684633,EH38E3684587,181221000,181222000,181192000,181193000,11,-1
14356,chr5,181223444,181223761,181192052,181192274,EH38E3684636,EH38E3684587,181223000,181224000,181192000,181193000,18,-1
14357,chr5,181223875,181224082,181192052,181192274,EH38E3684637,EH38E3684587,181223000,181224000,181192000,181193000,18,-1
14358,chr5,181244108,181244294,181192052,181192274,EH38E3684673,EH38E3684587,181244000,181245000,181192000,181193000,3,-1
14359,chr5,181244368,181244615,181192052,181192274,EH38E3684674,EH38E3684587,181244000,181245000,181192000,181193000,3,-1
14360,chr5,181260754,181260919,181192052,181192274,EH38E3684700,EH38E3684587,181260000,181261000,181192000,181193000,8,-1
14361,chr5,181261829,181262168,181192052,181192274,EH38E3684703,EH38E3684587,181261000,181262000,181192000,181193000,6,-1
14362,chr5,181281565,181281905,181192052,181192274,EH38E2438146,EH38E3684587,181281000,181282000,181192000,181193000,6,-1
14363,chr5,179023966,179024167,181222318,181222640,EH38E3682985,EH38E3684634,179024000,179025000,181222000,181223000,1,-1
14364,chr5,179678157,179678378,181222318,181222640,EH38E3683449,EH38E3684634,179678000,179679000,181222000,181223000,1,-1
14365,chr5,179818948,179819291,181222318,181222640,EH38E2437136,EH38E3684634,179819000,179820000,181222000,181223000,1,-1
14366,chr5,179819459,179819808,181222318,181222640,EH38E3683607,EH38E3684634,179819000,179820000,181222000,181223000,1,-1
14367,chr5,180085891,180086239,181222318,181222640,EH38E3683843,EH38E3684634,180086000,180087000,181222000,181223000,1,-1
14368,chr5,180331585,180331926,181222318,181222640,EH38E2437511,EH38E3684634,180331000,180332000,181222000,181223000,1,-1
14369,chr5,180332060,180332359,181222318,181222640,EH38E2437512,EH38E3684634,180332000,180333000,181222000,181223000,1,-1
14370,chr5,180785783,180786119,181222318,181222640,EH38E3684326,EH38E3684634,180786000,180787000,181222000,181223000,2,-1
14371,chr5,180802251,180802597,181222318,181222640,EH38E3684350,EH38E3684634,180802000,180803000,181222000,181223000,1,-1
14372,chr5,180803137,180803484,181222318,181222640,EH38E3684352,EH38E3684634,180803000,180804000,181222000,181223000,2,-1
14373,chr5,180810772,180810977,181222318,181222640,EH38E3684365,EH38E3684634,180810000,180811000,181222000,181223000,6,-1
14374,chr5,180831787,180831937,181222318,181222640,EH38E3684394,EH38E3684634,180831000,180832000,181222000,181223000,1,-1
14375,chr5,180860885,180861097,181222318,181222640,EH38E3684403,EH38E3684634,180861000,180862000,181222000,181223000,1,-1
14376,chr5,180861599,180861801,181222318,181222640,EH38E3684404,EH38E3684634,180861000,180862000,181222000,181223000,1,-1
14377,chr5,181160463,181160792,181222318,181222640,EH38E3684534,EH38E3684634,181160000,181161000,181222000,181223000,7,-1
14378,chr5,181221911,181222209,181222318,181222640,EH38E3684633,EH38E3684634,181222000,181223000,181222000,181223000,614,-1
14379,chr5,181223444,181223761,181222318,181222640,EH38E3684636,EH38E3684634,181223000,181224000,181222000,181223000,276,-1
14380,chr5,181223875,181224082,181222318,181222640,EH38E3684637,EH38E3684634,181223000,181224000,181222000,181223000,276,-1
14381,chr5,181244108,181244294,181222318,181222640,EH38E3684673,EH38E3684634,181244000,181245000,181222000,181223000,10,-1
14382,chr5,181244368,181244615,181222318,181222640,EH38E3684674,EH38E3684634,181244000,181245000,181222000,181223000,10,-1
14383,chr5,181260754,181260919,181222318,181222640,EH38E3684700,EH38E3684634,181260000,181261000,181222000,181223000,9,-1
14384,chr5,181261829,181262168,181222318,181222640,EH38E3684703,EH38E3684634,181261000,181262000,181222000,181223000,11,-1
14385,chr5,181281565,181281905,181222318,181222640,EH38E2438146,EH38E3684634,181281000,181282000,181222000,181223000,18,-1
14386,chr5,179023966,179024167,181222671,181222837,EH38E3682985,EH38E2438075,179024000,179025000,181222000,181223000,1,-1
14387,chr5,179678157,179678378,181222671,181222837,EH38E3683449,EH38E2438075,179678000,179679000,181222000,181223000,1,-1
14388,chr5,179818948,179819291,181222671,181222837,EH38E2437136,EH38E2438075,179819000,179820000,181222000,181223000,1,-1
14389,chr5,179819459,179819808,181222671,181222837,EH38E3683607,EH38E2438075,179819000,179820000,181222000,181223000,1,-1
14390,chr5,180085891,180086239,181222671,181222837,EH38E3683843,EH38E2438075,180086000,180087000,181222000,181223000,1,-1
14391,chr5,180331585,180331926,181222671,181222837,EH38E2437511,EH38E2438075,180331000,180332000,181222000,181223000,1,-1
14392,chr5,180332060,180332359,181222671,181222837,EH38E2437512,EH38E2438075,180332000,180333000,181222000,181223000,1,-1
14393,chr5,180785783,180786119,181222671,181222837,EH38E3684326,EH38E2438075,180786000,180787000,181222000,181223000,2,-1
14394,chr5,180802251,180802597,181222671,181222837,EH38E3684350,EH38E2438075,180802000,180803000,181222000,181223000,1,-1
14395,chr5,180803137,180803484,181222671,181222837,EH38E3684352,EH38E2438075,180803000,180804000,181222000,181223000,2,-1
14396,chr5,180810772,180810977,181222671,181222837,EH38E3684365,EH38E2438075,180810000,180811000,181222000,181223000,6,-1
14397,chr5,180831787,180831937,181222671,181222837,EH38E3684394,EH38E2438075,180831000,180832000,181222000,181223000,1,-1
14398,chr5,180860885,180861097,181222671,181222837,EH38E3684403,EH38E2438075,180861000,180862000,181222000,181223000,1,-1
14399,chr5,180861599,180861801,181222671,181222837,EH38E3684404,EH38E2438075,180861000,180862000,181222000,181223000,1,-1
14400,chr5,181160463,181160792,181222671,181222837,EH38E3684534,EH38E2438075,181160000,181161000,181222000,181223000,7,-1
14401,chr5,181221911,181222209,181222671,181222837,EH38E3684633,EH38E2438075,181222000,181223000,181222000,181223000,614,-1
14402,chr5,181223444,181223761,181222671,181222837,EH38E3684636,EH38E2438075,181223000,181224000,181222000,181223000,276,-1
14403,chr5,181223875,181224082,181222671,181222837,EH38E3684637,EH38E2438075,181223000,181224000,181222000,181223000,276,-1
14404,chr5,181244108,181244294,181222671,181222837,EH38E3684673,EH38E2438075,181244000,181245000,181222000,181223000,10,-1
14405,chr5,181244368,181244615,181222671,181222837,EH38E3684674,EH38E2438075,181244000,181245000,181222000,181223000,10,-1
14406,chr5,181260754,181260919,181222671,181222837,EH38E3684700,EH38E2438075,181260000,181261000,181222000,181223000,9,-1
14407,chr5,181261829,181262168,181222671,181222837,EH38E3684703,EH38E2438075,181261000,181262000,181222000,181223000,11,-1
14408,chr5,181281565,181281905,181222671,181222837,EH38E2438146,EH38E2438075,181281000,181282000,181222000,181223000,18,-1
14409,chr5,179023966,179024167,181223053,181223403,EH38E3682985,EH38E3684635,179023000,179024000,181223000,181224000,1,-1
14410,chr5,179624870,179625191,181223053,181223403,EH38E3683433,EH38E3684635,179625000,179626000,181223000,181224000,1,-1
14411,chr5,179732911,179733186,181223053,181223403,EH38E3683487,EH38E3684635,179732000,179733000,181223000,181224000,1,-1
14412,chr5,179733545,179733698,181223053,181223403,EH38E3683489,EH38E3684635,179733000,179734000,181223000,181224000,1,-1
14413,chr5,179818948,179819291,181223053,181223403,EH38E2437136,EH38E3684635,179819000,179820000,181223000,181224000,1,-1
14414,chr5,179819459,179819808,181223053,181223403,EH38E3683607,EH38E3684635,179819000,179820000,181223000,181224000,1,-1
14415,chr5,180085175,180085504,181223053,181223403,EH38E2437353,EH38E3684635,180085000,180086000,181223000,181224000,1,-1
14416,chr5,180085891,180086239,181223053,181223403,EH38E3683843,EH38E3684635,180085000,180086000,181223000,181224000,1,-1
14417,chr5,180292555,180292904,181223053,181223403,EH38E3683997,EH38E3684635,180292000,180293000,181223000,181224000,1,-1
14418,chr5,180785783,180786119,181223053,181223403,EH38E3684326,EH38E3684635,180786000,180787000,181223000,181224000,2,-1
14419,chr5,180803137,180803484,181223053,181223403,EH38E3684352,EH38E3684635,180803000,180804000,181223000,181224000,2,-1
14420,chr5,180810772,180810977,181223053,181223403,EH38E3684365,EH38E3684635,180810000,180811000,181223000,181224000,2,-1
14421,chr5,180831787,180831937,181223053,181223403,EH38E3684394,EH38E3684635,180831000,180832000,181223000,181224000,2,-1
14422,chr5,180860521,180860871,181223053,181223403,EH38E3684402,EH38E3684635,180860000,180861000,181223000,181224000,3,-1
14423,chr5,180860885,180861097,181223053,181223403,EH38E3684403,EH38E3684635,180860000,180861000,181223000,181224000,3,-1
14424,chr5,180861599,180861801,181223053,181223403,EH38E3684404,EH38E3684635,180861000,180862000,181223000,181224000,3,-1
14425,chr5,181160463,181160792,181223053,181223403,EH38E3684534,EH38E3684635,181160000,181161000,181223000,181224000,7,-1
14426,chr5,181221911,181222209,181223053,181223403,EH38E3684633,EH38E3684635,181221000,181222000,181223000,181224000,59,-1
14427,chr5,181223444,181223761,181223053,181223403,EH38E3684636,EH38E3684635,181223000,181224000,181223000,181224000,430,-1
14428,chr5,181223875,181224082,181223053,181223403,EH38E3684637,EH38E3684635,181223000,181224000,181223000,181224000,430,-1
14429,chr5,181244108,181244294,181223053,181223403,EH38E3684673,EH38E3684635,181244000,181245000,181223000,181224000,19,-1
14430,chr5,181244368,181244615,181223053,181223403,EH38E3684674,EH38E3684635,181244000,181245000,181223000,181224000,19,-1
14431,chr5,181260754,181260919,181223053,181223403,EH38E3684700,EH38E3684635,181260000,181261000,181223000,181224000,15,-1
14432,chr5,181261829,181262168,181223053,181223403,EH38E3684703,EH38E3684635,181261000,181262000,181223000,181224000,22,-1
14433,chr5,181281565,181281905,181223053,181223403,EH38E2438146,EH38E3684635,181281000,181282000,181223000,181224000,17,-1
14434,chr5,179732911,179733186,181241534,181241882,EH38E3683487,EH38E3684665,179733000,179734000,181241000,181242000,1,-1
14435,chr5,179733545,179733698,181241534,181241882,EH38E3683489,EH38E3684665,179733000,179734000,181241000,181242000,1,-1
14436,chr5,180802251,180802597,181241534,181241882,EH38E3684350,EH38E3684665,180802000,180803000,181241000,181242000,1,-1
14437,chr5,180810772,180810977,181241534,181241882,EH38E3684365,EH38E3684665,180810000,180811000,181241000,181242000,1,-1
14438,chr5,180831787,180831937,181241534,181241882,EH38E3684394,EH38E3684665,180831000,180832000,181241000,181242000,1,-1
14439,chr5,180860885,180861097,181241534,181241882,EH38E3684403,EH38E3684665,180861000,180862000,181241000,181242000,1,-1
14440,chr5,180861599,180861801,181241534,181241882,EH38E3684404,EH38E3684665,180861000,180862000,181241000,181242000,1,-1
14441,chr5,181221911,181222209,181241534,181241882,EH38E3684633,EH38E3684665,181221000,181222000,181241000,181242000,1,-1
14442,chr5,181223444,181223761,181241534,181241882,EH38E3684636,EH38E3684665,181223000,181224000,181241000,181242000,11,-1
14443,chr5,181223875,181224082,181241534,181241882,EH38E3684637,EH38E3684665,181223000,181224000,181241000,181242000,11,-1
14444,chr5,181244108,181244294,181241534,181241882,EH38E3684673,EH38E3684665,181244000,181245000,181241000,181242000,25,-1
14445,chr5,181244368,181244615,181241534,181241882,EH38E3684674,EH38E3684665,181244000,181245000,181241000,181242000,25,-1
14446,chr5,181260754,181260919,181241534,181241882,EH38E3684700,EH38E3684665,181260000,181261000,181241000,181242000,2,-1
14447,chr5,181261829,181262168,181241534,181241882,EH38E3684703,EH38E3684665,181261000,181262000,181241000,181242000,10,-1
14448,chr5,181281565,181281905,181241534,181241882,EH38E2438146,EH38E3684665,181281000,181282000,181241000,181242000,10,-1
14449,chr5,178420446,178420785,181243780,181244081,EH38E3682622,EH38E3684672,178420000,178421000,181243000,181244000,1,-1
14450,chr5,179821082,179821309,181243780,181244081,EH38E3683612,EH38E3684672,179821000,179822000,181243000,181244000,1,-1
14451,chr5,179821336,179821615,181243780,181244081,EH38E3683613,EH38E3684672,179821000,179822000,181243000,181244000,1,-1
14452,chr5,179821617,179821966,181243780,181244081,EH38E3683614,EH38E3684672,179821000,179822000,181243000,181244000,1,-1
14453,chr5,180331585,180331926,181243780,181244081,EH38E2437511,EH38E3684672,180331000,180332000,181243000,181244000,1,-1
14454,chr5,180803137,180803484,181243780,181244081,EH38E3684352,EH38E3684672,180803000,180804000,181243000,181244000,2,-1
14455,chr5,180831787,180831937,181243780,181244081,EH38E3684394,EH38E3684672,180831000,180832000,181243000,181244000,2,-1
14456,chr5,181160463,181160792,181243780,181244081,EH38E3684534,EH38E3684672,181160000,181161000,181243000,181244000,4,-1
14457,chr5,181223444,181223761,181243780,181244081,EH38E3684636,EH38E3684672,181223000,181224000,181243000,181244000,22,-1
14458,chr5,181223875,181224082,181243780,181244081,EH38E3684637,EH38E3684672,181223000,181224000,181243000,181244000,22,-1
14459,chr5,181261829,181262168,181243780,181244081,EH38E3684703,EH38E3684672,181261000,181262000,181243000,181244000,22,-1
14460,chr5,181281565,181281905,181243780,181244081,EH38E2438146,EH38E3684672,181281000,181282000,181243000,181244000,15,-1
14461,chr5,179549803,179550104,181243780,181244081,EH38E3683374,EH38E3684672,179550000,179551000,181244000,181245000,1,-1
14462,chr5,179550674,179550989,181243780,181244081,EH38E3683377,EH38E3684672,179550000,179551000,181244000,181245000,1,-1
14463,chr5,179551000,179551207,181243780,181244081,EH38E3683378,EH38E3684672,179550000,179551000,181244000,181245000,1,-1
14464,chr5,179732911,179733186,181243780,181244081,EH38E3683487,EH38E3684672,179733000,179734000,181244000,181245000,1,-1
14465,chr5,179733545,179733698,181243780,181244081,EH38E3683489,EH38E3684672,179733000,179734000,181244000,181245000,1,-1
14466,chr5,179818948,179819291,181243780,181244081,EH38E2437136,EH38E3684672,179819000,179820000,181244000,181245000,1,-1
14467,chr5,179819459,179819808,181243780,181244081,EH38E3683607,EH38E3684672,179819000,179820000,181244000,181245000,1,-1
14468,chr5,180802251,180802597,181243780,181244081,EH38E3684350,EH38E3684672,180802000,180803000,181244000,181245000,2,-1
14469,chr5,180810772,180810977,181243780,181244081,EH38E3684365,EH38E3684672,180810000,180811000,181244000,181245000,2,-1
14470,chr5,180860885,180861097,181243780,181244081,EH38E3684403,EH38E3684672,180861000,180862000,181244000,181245000,1,-1
14471,chr5,180861599,180861801,181243780,181244081,EH38E3684404,EH38E3684672,180861000,180862000,181244000,181245000,1,-1
14472,chr5,181221911,181222209,181243780,181244081,EH38E3684633,EH38E3684672,181221000,181222000,181244000,181245000,7,-1
14473,chr5,181244108,181244294,181243780,181244081,EH38E3684673,EH38E3684672,181244000,181245000,181244000,181245000,319,-1
14474,chr5,181244368,181244615,181243780,181244081,EH38E3684674,EH38E3684672,181244000,181245000,181244000,181245000,319,-1
14475,chr5,181260754,181260919,181243780,181244081,EH38E3684700,EH38E3684672,181260000,181261000,181244000,181245000,18,-1
14476,chr5,179559876,179560137,181246273,181246623,EH38E3683386,EH38E3684679,179560000,179561000,181246000,181247000,1,-1
14477,chr5,179821082,179821309,181246273,181246623,EH38E3683612,EH38E3684679,179821000,179822000,181246000,181247000,2,-1
14478,chr5,179821336,179821615,181246273,181246623,EH38E3683613,EH38E3684679,179821000,179822000,181246000,181247000,2,-1
14479,chr5,179821617,179821966,181246273,181246623,EH38E3683614,EH38E3684679,179821000,179822000,181246000,181247000,2,-1
14480,chr5,180331585,180331926,181246273,181246623,EH38E2437511,EH38E3684679,180331000,180332000,181246000,181247000,1,-1
14481,chr5,180785574,180785744,181246273,181246623,EH38E3684325,EH38E3684679,180785000,180786000,181246000,181247000,1,-1
14482,chr5,180785783,180786119,181246273,181246623,EH38E3684326,EH38E3684679,180785000,180786000,181246000,181247000,1,-1
14483,chr5,180803137,180803484,181246273,181246623,EH38E3684352,EH38E3684679,180803000,180804000,181246000,181247000,1,-1
14484,chr5,180810772,180810977,181246273,181246623,EH38E3684365,EH38E3684679,180810000,180811000,181246000,181247000,1,-1
14485,chr5,180831787,180831937,181246273,181246623,EH38E3684394,EH38E3684679,180831000,180832000,181246000,181247000,1,-1
14486,chr5,180860885,180861097,181246273,181246623,EH38E3684403,EH38E3684679,180861000,180862000,181246000,181247000,1,-1
14487,chr5,180861599,180861801,181246273,181246623,EH38E3684404,EH38E3684679,180861000,180862000,181246000,181247000,1,-1
14488,chr5,181160463,181160792,181246273,181246623,EH38E3684534,EH38E3684679,181160000,181161000,181246000,181247000,3,-1
14489,chr5,181221911,181222209,181246273,181246623,EH38E3684633,EH38E3684679,181221000,181222000,181246000,181247000,10,-1
14490,chr5,181223444,181223761,181246273,181246623,EH38E3684636,EH38E3684679,181223000,181224000,181246000,181247000,29,-1
14491,chr5,181223875,181224082,181246273,181246623,EH38E3684637,EH38E3684679,181223000,181224000,181246000,181247000,29,-1
14492,chr5,181244108,181244294,181246273,181246623,EH38E3684673,EH38E3684679,181244000,181245000,181246000,181247000,210,-1
14493,chr5,181244368,181244615,181246273,181246623,EH38E3684674,EH38E3684679,181244000,181245000,181246000,181247000,210,-1
14494,chr5,181260754,181260919,181246273,181246623,EH38E3684700,EH38E3684679,181260000,181261000,181246000,181247000,27,-1
14495,chr5,181261829,181262168,181246273,181246623,EH38E3684703,EH38E3684679,181261000,181262000,181246000,181247000,52,-1
14496,chr5,181281565,181281905,181246273,181246623,EH38E2438146,EH38E3684679,181281000,181282000,181246000,181247000,30,-1
14497,chr5,179549803,179550104,181260969,181261306,EH38E3683374,EH38E3684701,179550000,179551000,181260000,181261000,1,-1
14498,chr5,179550674,179550989,181260969,181261306,EH38E3683377,EH38E3684701,179550000,179551000,181260000,181261000,1,-1
14499,chr5,179551000,179551207,181260969,181261306,EH38E3683378,EH38E3684701,179550000,179551000,181260000,181261000,1,-1
14500,chr5,180802251,180802597,181260969,181261306,EH38E3684350,EH38E3684701,180802000,180803000,181260000,181261000,1,-1
14501,chr5,180831787,180831937,181260969,181261306,EH38E3684394,EH38E3684701,180831000,180832000,181260000,181261000,2,-1
14502,chr5,180860521,180860871,181260969,181261306,EH38E3684402,EH38E3684701,180860000,180861000,181260000,181261000,2,-1
14503,chr5,180860885,180861097,181260969,181261306,EH38E3684403,EH38E3684701,180860000,180861000,181260000,181261000,2,-1
14504,chr5,181160463,181160792,181260969,181261306,EH38E3684534,EH38E3684701,181160000,181161000,181260000,181261000,5,-1
14505,chr5,181244108,181244294,181260969,181261306,EH38E3684673,EH38E3684701,181244000,181245000,181260000,181261000,18,-1
14506,chr5,181244368,181244615,181260969,181261306,EH38E3684674,EH38E3684701,181244000,181245000,181260000,181261000,18,-1
14507,chr5,181260754,181260919,181260969,181261306,EH38E3684700,EH38E3684701,181260000,181261000,181260000,181261000,815,-1
14508,chr5,179558958,179559264,181260969,181261306,EH38E3683384,EH38E3684701,179558000,179559000,181261000,181262000,1,-1
14509,chr5,179559876,179560137,181260969,181261306,EH38E3683386,EH38E3684701,179560000,179561000,181261000,181262000,1,-1
14510,chr5,179624025,179624275,181260969,181261306,EH38E3683431,EH38E3684701,179624000,179625000,181261000,181262000,3,-1
14511,chr5,179624870,179625191,181260969,181261306,EH38E3683433,EH38E3684701,179624000,179625000,181261000,181262000,3,-1
14512,chr5,180331585,180331926,181260969,181261306,EH38E2437511,EH38E3684701,180331000,180332000,181261000,181262000,1,-1
14513,chr5,180785574,180785744,181260969,181261306,EH38E3684325,EH38E3684701,180785000,180786000,181261000,181262000,1,-1
14514,chr5,180785783,180786119,181260969,181261306,EH38E3684326,EH38E3684701,180785000,180786000,181261000,181262000,1,-1
14515,chr5,180803137,180803484,181260969,181261306,EH38E3684352,EH38E3684701,180803000,180804000,181261000,181262000,1,-1
14516,chr5,181221911,181222209,181260969,181261306,EH38E3684633,EH38E3684701,181221000,181222000,181261000,181262000,7,-1
14517,chr5,181223444,181223761,181260969,181261306,EH38E3684636,EH38E3684701,181223000,181224000,181261000,181262000,22,-1
14518,chr5,181223875,181224082,181260969,181261306,EH38E3684637,EH38E3684701,181223000,181224000,181261000,181262000,22,-1
14519,chr5,181261829,181262168,181260969,181261306,EH38E3684703,EH38E3684701,181261000,181262000,181261000,181262000,757,-1
14520,chr5,181281565,181281905,181260969,181261306,EH38E2438146,EH38E3684701,181281000,181282000,181261000,181262000,30,-1
14521,chr5,179549803,179550104,181281136,181281486,EH38E3683374,EH38E3684714,179549000,179550000,181281000,181282000,1,-1
14522,chr5,179551000,179551207,181281136,181281486,EH38E3683378,EH38E3684714,179551000,179552000,181281000,181282000,1,-1
14523,chr5,179559876,179560137,181281136,181281486,EH38E3683386,EH38E3684714,179560000,179561000,181281000,181282000,1,-1
14524,chr5,179818948,179819291,181281136,181281486,EH38E2437136,EH38E3684714,179818000,179819000,181281000,181282000,2,-1
14525,chr5,180343062,180343340,181281136,181281486,EH38E2437523,EH38E3684714,180343000,180344000,181281000,181282000,1,-1
14526,chr5,180343390,180343591,181281136,181281486,EH38E2437524,EH38E3684714,180343000,180344000,181281000,181282000,1,-1
14527,chr5,180343744,180343902,181281136,181281486,EH38E2437525,EH38E3684714,180343000,180344000,181281000,181282000,1,-1
14528,chr5,180785574,180785744,181281136,181281486,EH38E3684325,EH38E3684714,180785000,180786000,181281000,181282000,2,-1
14529,chr5,180785783,180786119,181281136,181281486,EH38E3684326,EH38E3684714,180785000,180786000,181281000,181282000,2,-1
14530,chr5,180803137,180803484,181281136,181281486,EH38E3684352,EH38E3684714,180803000,180804000,181281000,181282000,2,-1
14531,chr5,180810772,180810977,181281136,181281486,EH38E3684365,EH38E3684714,180810000,180811000,181281000,181282000,1,-1
14532,chr5,180860885,180861097,181281136,181281486,EH38E3684403,EH38E3684714,180861000,180862000,181281000,181282000,1,-1
14533,chr5,180861599,180861801,181281136,181281486,EH38E3684404,EH38E3684714,180861000,180862000,181281000,181282000,1,-1
14534,chr5,181160463,181160792,181281136,181281486,EH38E3684534,EH38E3684714,181160000,181161000,181281000,181282000,3,-1
14535,chr5,181221911,181222209,181281136,181281486,EH38E3684633,EH38E3684714,181221000,181222000,181281000,181282000,12,-1
14536,chr5,181223444,181223761,181281136,181281486,EH38E3684636,EH38E3684714,181223000,181224000,181281000,181282000,17,-1
14537,chr5,181223875,181224082,181281136,181281486,EH38E3684637,EH38E3684714,181223000,181224000,181281000,181282000,17,-1
14538,chr5,181244108,181244294,181281136,181281486,EH38E3684673,EH38E3684714,181244000,181245000,181281000,181282000,14,-1
14539,chr5,181244368,181244615,181281136,181281486,EH38E3684674,EH38E3684714,181244000,181245000,181281000,181282000,14,-1
14540,chr5,181260754,181260919,181281136,181281486,EH38E3684700,EH38E3684714,181260000,181261000,181281000,181282000,22,-1
14541,chr5,181261829,181262168,181281136,181281486,EH38E3684703,EH38E3684714,181261000,181262000,181281000,181282000,30,-1
14542,chr5,181281565,181281905,181281136,181281486,EH38E2438146,EH38E3684714,181281000,181282000,181281000,181282000,425,-1
